text,embedding
﻿Contexto,"[-0.025740059092640877, -0.011958632618188858, 0.0026530628092586994, -0.010225597769021988, -0.009086351841688156, 0.018932200968265533, -0.0021835551597177982, -0.0032761958427727222, -0.005820512305945158, -0.02619575895369053, 0.0058584874495863914, 0.012676702812314034, 0.006131215952336788, -0.02493913471698761, -0.016833225265145302, 0.004746858961880207, 0.023420140147209167, -0.01304264273494482, 0.011123185977339745, -0.0163775272667408, -0.01741320639848709, 0.007733065169304609, -0.0012471294030547142, -0.01160650234669447, -0.008395899087190628, 0.005737658124417067, -0.002485628006979823, -0.0326998196542263, 0.014941386878490448, -0.022950632497668266, 0.029054230079054832, -0.01608753763139248, -0.011502934619784355, -0.019595034420490265, 0.00886540673673153, -0.0023906908463686705, -0.034135960042476654, -0.011351034976541996, 0.016239436343312263, 0.00461912527680397, 0.021307356655597687, 0.018062230199575424, 0.004815904423594475, -0.01734416000545025, -0.01083319541066885, 0.0006891576340422034, 0.011654834263026714, 0.0017779144691303372, -0.029717065393924713, 0.0018055326072499156, 0.008168050087988377, 0.03888627141714096, -0.019194573163986206, 0.005012683104723692, 0.004132356494665146, -0.020865466445684433, -0.010184170678257942, 0.011385557241737843, 0.011357939802110195, -0.013767617754638195, -0.003053524997085333, -0.00037931720726192, -0.023351095616817474, 0.018131276592612267, -0.009307296015322208, 0.007919487543404102, -0.011171516962349415, 0.020368341356515884, 0.001112491125240922, -0.0028446633368730545, 0.049740180373191833, 0.027604280039668083, 0.007415457163006067, -0.016819417476654053, 0.02714858204126358, 0.013608813285827637, 0.019719315692782402, 0.0037767738103866577, -0.003310718573629856, 0.011054140515625477, 0.011502934619784355, -0.03013133630156517, -0.014154271222651005, 0.02386203035712242, -8.67380658746697e-05, 0.020685948431491852, 0.00842351745814085, 0.004967804066836834, 0.001743391971103847, -0.029523737728595734, 0.0011746318778023124, 0.019387898966670036, -0.00017994911468122154, 0.014444260857999325, 0.008748030290007591, 0.014029989950358868, 0.0033590502571314573, 0.021017367020249367, 0.0038561758119612932, -0.03281028941273689, 0.012455758638679981, 0.029219938442111015, -0.04247662052512169, -0.0032192335929721594, -0.027397144585847855, -0.006935592740774155, -0.01295288372784853, -0.011371748521924019, 0.019194573163986206, -0.016156582161784172, -0.035074975341558456, 0.015963256359100342, -0.001587177044712007, -0.0008781689684838057, 0.0029706708155572414, 0.005806703586131334, -0.00962490402162075, -0.008603034541010857, 0.009569668211042881, -0.024607717990875244, 0.016985125839710236, 0.010260120034217834, 0.016225628554821014, -0.009832039475440979, 0.02032691426575184, -0.022370653226971626, -0.0173165425658226, -0.02446962706744671, -0.01304954756051302, -0.0027393691707402468, 0.014623778872191906, 0.018462693318724632, 0.006673221010714769, -0.003013824112713337, 0.009963225573301315, 0.00871350709348917, -0.013270491734147072, 0.04590126499533653, -0.042973749339580536, -0.04766882210969925, 0.011820542626082897, 0.024870090186595917, -0.016791798174381256, 0.0002947367902379483, 0.013021929189562798, 0.0017235414125025272, -0.029965627938508987, -0.008589225821197033, 0.0017502964474260807, -0.01673656329512596, 0.01715083420276642, -0.01647419109940529, 0.011420080438256264, -0.012918361462652683, -0.026209566742181778, -0.010943667963147163, -0.01159959752112627, 0.002271587960422039, 0.017288923263549805, -0.012842412106692791, 0.01318763755261898, 0.010494873858988285, -0.005302673205733299, -0.014540924690663815, 0.022025426849722862, 0.023240622133016586, 0.00659727118909359, 0.005171487107872963, 0.006562748458236456, -0.01886315457522869, -0.022287799045443535, 0.028363777324557304, -0.016501808539032936, 0.0163775272667408, -0.002309562638401985, 0.0003107035008724779, -0.0069424971006810665, 0.01159959752112627, -0.022853968665003777, -0.010612251237034798, -0.02764570713043213, 0.0053475527092814445, 0.003845819039270282, 0.015673266723752022, -0.022743497043848038, 0.00972156785428524, -0.001057254965417087, 0.011530552059412003, 0.008492562919855118, -0.0040909294039011, -0.0011677274014800787, 0.016128964722156525, -3.482603460724931e-06, -0.012407426722347736, -0.6358789205551147, 0.00023000690271146595, -0.01425093412399292, 0.003721537534147501, 0.012062200345098972, 0.024386772885918617, 0.008561607450246811, 0.011730783618986607, -0.006365969777107239, -0.043581344187259674, -0.026720501482486725, 0.004867688287049532, 0.014955195598304272, -0.014596160501241684, -0.026444321498274803, -0.028916139155626297, -0.017647959291934967, -0.017592722550034523, 0.008899929001927376, 0.00681476341560483, 0.0017347612883895636, -0.002908530179411173, -0.02782522514462471, 0.00167175754904747, 0.030324662104249, 5.078599861008115e-05, 0.02774237096309662, -0.007277366705238819, 0.0007646758458577096, -0.005654803942888975, -0.03535115346312523, -0.01010131649672985, 0.011157708242535591, -0.005672065075486898, 0.05167344585061073, -0.01837983913719654, 0.002682406920939684, 0.020395958796143532, 0.0038906983099877834, 0.03526829928159714, -0.009369436651468277, -0.002979301381856203, 0.009611095301806927, -0.012890743091702461, 0.018048422411084175, 0.027562852948904037, 0.0163775272667408, -0.02916470356285572, -0.004660552833229303, 0.03543400764465332, 0.021707817912101746, -0.017592722550034523, -0.007532834075391293, 0.007553547620773315, 0.02377917617559433, 0.02841901406645775, 0.0045259143225848675, -0.031153205782175064, 0.00500923115760088, 0.006327994633466005, -0.02021644078195095, -0.00886540673673153, -0.029523737728595734, -0.024676762521266937, -0.0018107109935954213, 0.04208996891975403, -0.02771475352346897, 0.03474355861544609, 0.0187803003937006, -0.03109796904027462, -0.003576542716473341, 0.018448883667588234, -0.01702655293047428, -0.006165738683193922, 0.014609969221055508, 0.00743617070838809, 0.01810365729033947, -0.013967849314212799, 0.005430406890809536, 0.0037974873557686806, 0.0028187711723148823, -0.02029929682612419, -0.011254371143877506, -0.015189949423074722, 0.016515618190169334, -0.03761583939194679, -0.03573780879378319, 0.0072152260690927505, 0.002735916990786791, 0.007767587900161743, 0.01944313570857048, 0.011033426970243454, -0.017357969656586647, -0.0008164597675204277, 0.008112814277410507, 0.014679014682769775, -0.004011527635157108, 0.015328039415180683, 0.029578974470496178, 0.002451105508953333, 0.018269365653395653, -0.001638961024582386, 0.010529397055506706, -0.005730753764510155, -0.0028671028558164835, 0.03225792944431305, -0.01367095485329628, 0.034218814224004745, 0.03435690328478813, -0.013802140019834042, -0.006662864238023758, 0.0011694534914568067, 3.436078623053618e-05, -0.006911426782608032, -0.028280923143029213, -0.034715939313173294, -0.004819356836378574, -0.0070426128804683685, 0.00027531784144230187, 0.025077225640416145, 0.0010978190694004297, 0.015148522332310677, 0.016239436343312263, -0.010342974215745926, -0.00040348301990889013, 0.02243969775736332, -0.014623778872191906, 0.0011245741043239832, 0.005620281212031841, -0.015120903961360455, 0.008561607450246811, -0.0036593968980014324, 0.05595425143837929, -0.003348693484440446, 0.06291400641202927, 0.009459195658564568, 0.008527085185050964, 0.005810155533254147, 0.004840070381760597, -0.020547859370708466, -0.03838914632797241, -0.025947194546461105, -0.009555859491229057, -0.007367125246673822, 0.0008518454269506037, -0.036538731306791306, -0.02763189934194088, 0.00130668084602803, -0.03148462250828743, 0.004985065199434757, -0.001392987440340221, -0.02136259153485298, -0.03733965754508972, 0.017661768943071365, 0.001057254965417087, 0.004777929745614529, -0.019815979525446892, 0.0004638975951820612, 0.005968959536403418, -0.013684763573110104, 0.007525929249823093, 0.010122030042111874, -0.003371133003383875, -0.02271587960422039, -0.025256743654608727, 0.016101345419883728, 0.002059273887425661, 0.007960914634168148, 0.01791033148765564, -0.020727375522255898, 0.00659727118909359, -0.017578914761543274, 0.0005674654385074973, 0.0009381519630551338, 0.014789487235248089, 0.006928688380867243, -0.012110532261431217, 0.005098989699035883, 0.007739969529211521, 0.012704321183264256, -0.001815889379940927, 0.0010796947171911597, -0.004204854369163513, -0.0012065652990713716, 0.015134713612496853, -0.005219819024205208, 0.022108281031250954, 0.025919577106833458, -0.013505245558917522, 0.009397055022418499, 0.009079447016119957, 0.011413175612688065, -0.00827852264046669, 0.002892994787544012, -0.0020316557493060827, -0.002768713515251875, -0.008768743835389614, 0.0006416890537366271, -0.00915539637207985, 0.027894271537661552, 0.033086471259593964, 0.03140176832675934, 0.015769928693771362, -0.0047986432909965515, 0.00553742703050375, -0.02271587960422039, 0.0059309848584234715, -0.0012902825837954879, 0.017675576731562614, 0.0019108265405520797, 0.012034582905471325, -0.045486994087696075, -0.030877023935317993, -0.0015958077274262905, -0.01887696422636509, 0.014527115039527416, -0.013111688196659088, -0.0039183166809380054, -0.008292331360280514, -0.009224441833794117, -0.020437385886907578, -0.008837788365781307, -0.00029344219365157187, -0.005972411949187517, -0.03314170613884926, -0.0006317637744359672, 0.014665205962955952, 0.02155591920018196, 0.0024442009162157774, -0.008844693191349506, 0.004253185819834471, 0.009618000127375126, 0.005685874260962009, 0.025505306199193, -0.02127973735332489, 0.03579304367303848, 0.005502904299646616, -0.023737747222185135, 0.010004652664065361, -0.004567341413348913, 0.0018435075180605054, 0.02841901406645775, 0.01448568794876337, 0.0052612461149692535, 0.027479998767375946, -0.0024718190543353558, 0.022964442148804665, 0.01358119584619999, 0.006963210646063089, -0.004733050242066383, -0.009403959847986698, 0.004260090179741383, 0.00418414082378149, 0.00064427824690938, 0.011779115535318851, -0.013070261105895042, -0.0032330425456166267, 0.007781396619975567, 0.006614532321691513, 0.008464944548904896, 0.0022111732978373766, 0.01204148679971695, 0.0047710249200463295, 4.175078356638551e-05, 0.022204944863915443, -0.009397055022418499, -0.026637647300958633, -0.0061484770849347115, -0.02453867346048355, -0.004605316556990147, 0.009604190476238728, -0.003170901909470558, 0.0025512210559099913, 0.0011918931268155575, 0.012020773254334927, 0.011634120717644691, 0.007884964346885681, 0.015659457072615623, 0.006279663182795048, -0.005306125618517399, -0.018752682954072952, -0.02358584851026535, 0.016902271658182144, 0.013208351098001003, -0.017302732914686203, -0.0036421355325728655, -0.010522492229938507, 0.027369527146220207, -0.014830914326012135, 0.006987376604229212, 0.005661708302795887, 0.009079447016119957, -0.01531423069536686, 0.02107260189950466, 0.0002606457273941487, 0.02725905366241932, 0.017758430913090706, 0.001884934608824551, -0.057224683463573456, -0.028639959171414375, 0.014361406676471233, 0.0021921859588474035, -0.003928673453629017, -0.0036421355325728655, 0.01886315457522869, 0.03361121565103531, 0.008050672709941864, 0.004926376976072788, -0.02158353663980961, -0.016322290524840355, -0.005585758481174707, -0.009258965030312538, -0.0073464117012917995, 0.0016605376731604338, 0.0018555903807282448, 0.004878045059740543, -0.02081022970378399, -0.010349879041314125, 0.018849346786737442, 0.007304984610527754, -0.014278552494943142, -0.030269427224993706, -0.004560437053442001, -0.032119836658239365, -0.0211968831717968, 0.028280923143029213, -0.017371779307723045, 0.019525989890098572, -0.00416342681273818, 0.016515618190169334, -0.013512150384485722, -0.003538567805662751, 0.015535175800323486, -0.0019815978594124317, -0.015576602891087532, -0.0016691682394593954, 0.03485402837395668, 0.012055296450853348, 0.005202557425945997, 0.02376536652445793, -0.016833225265145302, -0.009252060204744339, 0.016888462007045746, -0.0168470349162817, 0.016156582161784172, -0.018849346786737442, 0.014375215396285057, 0.030738933011889458, -0.012683607637882233, -0.010826291516423225, 0.008692793548107147, 0.02052024006843567, 0.017109407112002373, -0.03504735603928566, 0.0026685979682952166, 0.001304091652855277, -0.0010865991935133934, 0.012973597273230553, 0.012400521896779537, 0.024662954732775688, 0.010432733222842216, -0.007318793796002865, 0.044327035546302795, 0.009804422035813332, 0.016612280160188675, -0.0025149723514914513, 0.034909266978502274, -0.030103716999292374, 0.024303918704390526, -0.03957672417163849, -0.0032554822973906994, 0.024676762521266937, 0.00423937663435936, -0.028156641870737076, 0.007739969529211521, -0.006611080374568701, -0.02569863200187683, -0.0211968831717968, 0.003894150722771883, 0.014720441773533821, 0.03198174759745598, -0.00910016056150198, -0.031429387629032135, -0.001569915795698762, -0.014237125404179096, -0.027024300768971443, -0.00010782921890495345, -0.0173165425658226, -0.009217537008225918, -0.02724524587392807, -0.02830854244530201, 0.005703135393559933, -0.022025426849722862, 0.0008302688365802169, -0.01001846231520176, -0.0035903516691178083, -0.007449979893863201, 0.025463879108428955, 0.02927517518401146, 0.0018296984490007162, -0.022080663591623306, -0.009459195658564568, -0.01742701418697834, 0.013912612572312355, -0.012255527079105377, -0.006186452228575945, -0.010750341229140759, -0.02811521477997303, 0.009521336294710636, 0.002856746083125472, -0.005813607946038246, -0.026982873678207397, -0.02475961670279503, 0.009997748769819736, -0.00014596592518500984, -0.02358584851026535, 0.006431562826037407, -0.01820032112300396, 0.008913738653063774, -0.004581150598824024, 0.012089818716049194, 0.0025494948495179415, -0.008637557737529278, -0.025049608200788498, -0.0038354622665792704, -0.0414271354675293, -0.012932170182466507, -0.0013420665636658669, 0.00478828651830554, 0.016294673085212708, -0.01820032112300396, 0.02666526474058628, -0.03993575647473335, -0.0012108805822208524, 0.030683698132634163, -0.0075673568062484264, -0.002209447091445327, -0.023710129782557487, -0.02658241055905819, 0.027880461886525154, 0.004591507371515036, 0.033362653106451035, -0.003928673453629017, -0.041261427104473114, 0.01146150752902031, -0.03322456032037735, 0.01818651147186756, 0.04150998964905739, 0.013298110105097294, -0.00431187404319644, -0.0016890187980607152, -0.015562793239951134, 0.00027553358813747764, 0.007498311344534159, 0.011634120717644691, 0.018794110044836998, -0.00857541710138321, 0.03380454331636429, -0.043277546763420105, -0.0043671103194355965, -1.4348460354085546e-05, 0.018614592030644417, -0.01265598926693201, -0.019622651860117912, -0.012455758638679981, -0.009804422035813332, -0.0075190248899161816, -0.016115155071020126, 0.016584662720561028, -0.030849406495690346, -0.018628401681780815, 0.04689551517367363, -0.0031812586821615696, 0.01847650110721588, -0.01222790963947773, 0.008099004626274109, -0.020948320627212524, -0.006749170832335949, -0.009355627931654453, -0.035958752036094666, 0.004691623151302338, -0.01773081347346306, 0.009162301197648048, 0.00153539318125695, 0.013470723293721676, 0.01597706414759159, 0.005181843880563974, 0.013891899026930332, -0.007139276247471571, 0.004432703368365765, 0.014112844131886959, -0.00418414082378149, -0.03159509599208832, 0.030573224648833275, -0.006714648101478815, 0.031125586479902267, -0.004070215858519077, -0.01024631131440401, 0.0030569774098694324, -0.0026496103964746, -0.03170556575059891, -0.011054140515625477, 0.007332602981477976, -0.01266289409250021, -0.0035282110329717398, 0.0015233103185892105, -0.011689356528222561, -0.0038665325846523046, -0.025367215275764465, 0.01531423069536686, 0.014817104674875736, 0.01618420146405697, -0.0010322261368855834, 0.0063348994590342045, 0.02819806896150112, -0.011482221074402332, 0.012158864177763462, -0.00036982347955927253, 4.3503885535756126e-05, -0.016418954357504845, -0.02821187861263752, -0.020962130278348923, -0.004853879101574421, 0.033832158893346786, 0.01458235178142786, -0.003649040125310421, -0.0016959232743829489, 0.004947090521454811, 0.016128964722156525, 0.02841901406645775, 0.01570088416337967, -0.016004683449864388, -0.006093241274356842, -0.013111688196659088, -0.02637527510523796, -0.021914953365921974, 0.011406270787119865, -0.033445507287979126, 0.005799798760563135, 0.01030154712498188, -0.016971316188573837, 0.017302732914686203, -0.02002311497926712, -0.0025857435539364815, -0.005399336572736502, 0.008471849374473095, 0.036732058972120285, -0.002200816525146365, 0.01773081347346306, 0.024027738720178604, -0.013622622936964035, -0.010695105418562889, -0.0032106030266731977, 0.008837788365781307, -0.013505245558917522, 0.02090689353644848, 5.5398002587025985e-05, -0.008962070569396019, 0.003314170753583312, -0.005813607946038246, 0.005723848938941956, 0.009134682826697826, -0.015742311254143715, 0.04311183840036392, 0.002449379302561283, -0.009148492477834225, -0.015811355784535408, -0.025491496548056602, 0.007995436899363995, 0.021611155942082405, -0.017206069082021713, -0.01839364692568779, -0.004874592646956444, -0.0127526530995965, -0.009279678575694561, 0.005323386751115322, 0.008851598016917706, 0.027300482615828514, -0.00539243221282959, -0.0005221544997766614, 0.0005873159389011562, -0.0010244585573673248, -0.007284271065145731, 0.042780421674251556, 0.006486798636615276, 0.038554854691028595, 0.004415442235767841, 0.0014421821106225252, -0.008354471996426582, 0.028239496052265167, -0.03126367926597595, 0.023157767951488495, -0.001447360496968031, 0.026941446587443352, -0.0025874697603285313, 0.003400477347895503, 0.003959743771702051, 0.015714693814516068, 0.03109796904027462, 0.000590768177062273, -0.01237290445715189, -0.0134845320135355, -0.02126592956483364, -0.02803236059844494, 0.017827477306127548, 0.017275115475058556, -0.026623837649822235, -0.0003847113694064319, -0.020271677523851395, -0.012490280903875828, -0.02830854244530201, 0.026333848014473915, 0.008830884471535683, 0.045763175934553146, -0.016902271658182144, -0.005958602763712406, 0.016156582161784172, 0.01771700382232666, 0.0017295829020440578, 0.01992645114660263, 0.028336159884929657, 0.011392462067306042, -0.01502424106001854, 0.03861008957028389, -0.04882878437638283, -0.004795190878212452, -0.021914953365921974, 0.0327274352312088, -0.016584662720561028, -0.013035737909376621, 0.04032241180539131, 0.0017727360827848315, -0.0327550545334816, -0.008637557737529278, -0.004374015145003796, 0.020050732418894768, -0.012966693378984928, -0.0063210902735590935, 0.011088662780821323, 0.005209462251514196, 0.00015848036855459213, -0.020285487174987793, -0.0067836930975317955, 0.014119748026132584, -0.022204944863915443, -0.0006127763772383332, 0.011426984332501888, -0.02627861313521862, -0.001235046423971653, 0.011496029794216156, 0.001534530078060925, -0.0049574472941458225, -0.01025321613997221, -0.028833284974098206, 0.0012756105279549956, 0.02319919504225254, -0.01847650110721588, -0.019677888602018356, -0.017827477306127548, -0.014844723045825958, -0.021431637927889824, 0.014471879228949547, 0.017012743279337883, 0.0048711406998336315, 0.032119836658239365, 0.006231331266462803, -0.006245140451937914, 0.029219938442111015, -0.012683607637882233, -0.0027704397216439247, 0.002133497502654791, -0.00303281145170331, -0.025063415989279747, -0.025173889473080635, -0.0197331253439188, 0.010046079754829407, 0.03021419048309326, -0.015355657786130905, -0.025187697261571884, 0.0045259143225848675, -0.01799318566918373, -0.00758116552606225, -0.011502934619784355, 0.014416642487049103, 0.013173828832805157, -0.006873452104628086, -0.016708943992853165, 0.004498296417295933, -0.01992645114660263, 0.02100355736911297, -0.01579754799604416, -0.015051858499646187, 0.01130960788577795, -0.02271587960422039, 0.03410834074020386, 0.00842351745814085, -0.022771114483475685, 0.006155381910502911, 0.017261305823922157, -0.01502424106001854, 0.01318763755261898, 0.012614562176167965, -0.017537487670779228, 0.006987376604229212, -0.007318793796002865, 0.023047296330332756, 0.0007642443524673581, 0.019677888602018356, 0.018904581665992737, -0.004733050242066383, -0.0010650225449353456, 0.019291235134005547, -0.007871155627071857, 0.0014715263387188315, -0.006207165773957968, -0.0011901670368388295, -0.02042357809841633, 0.01963646151125431, -0.01343620102852583, 0.009942512027919292, 0.015189949423074722, -0.00851327646523714, 0.01626705564558506, 0.0013446557568386197, -0.0017830929718911648, 0.019705507904291153, 0.020078351721167564, 0.0002949525660369545, -0.004667457193136215, -0.002535685896873474, -0.030324662104249, 0.008299236185848713, -0.009466100484132767, -0.014554733410477638, 0.003505771281197667, -0.01763414964079857, -0.002596100326627493, -0.027493808418512344, -0.007118562702089548, 0.012200291268527508, 0.0028826380148530006, -0.021983999758958817, 0.001112491125240922, 0.05037539452314377, -0.014527115039527416, 0.005551236215978861, -0.0072014168836176395, 0.009907989762723446, -0.005254341755062342, -0.028639959171414375, 0.0007185018621385098, 0.007995436899363995, 0.0017744622891768813, 0.019139336422085762, -0.004532819148153067, 0.003628326579928398, -0.0010805577039718628, 0.02129354700446129, -0.008699698373675346, 0.027203818783164024, 0.24414391815662384, -0.030269427224993706, -0.008893025107681751, 0.025850532576441765, -0.0003816906246356666, 0.023033486679196358, 0.007256653159856796, -0.010191075503826141, -0.02347537688910961, 0.004777929745614529, -0.007560451980680227, 0.02888852171599865, 0.004746858961880207, 0.007173798978328705, 0.014416642487049103, -0.040957625955343246, -0.028156641870737076, -0.03198174759745598, -0.03935577720403671, -0.07235939800739288, 0.017164641991257668, -0.006331447046250105, 3.630268474807963e-05, -0.01121294405311346, 0.03554448112845421, -0.0012920087901875377, 0.0016087536932900548, -0.004515557549893856, 0.035958752036094666, 0.015272803604602814, -0.003628326579928398, 0.008064482361078262, 0.00630382914096117, 0.01655704528093338, -0.0012367726303637028, 0.006110502406954765, -0.01895981840789318, -0.006110502406954765, 0.011592692695558071, 0.013974753208458424, 0.01646038144826889, 0.011088662780821323, 0.0019418969750404358, -0.0168470349162817, 0.00894826091825962, 0.009328009560704231, -0.012069105170667171, -0.006431562826037407, -0.0008949987241066992, 0.01760653220117092, -0.013456914573907852, 0.014609969221055508, -0.006776788737624884, -0.0038872461300343275, 0.013505245558917522, 0.00947990920394659, 0.033942632377147675, -6.785851292079315e-05, -0.0221358984708786, 0.0049160197377204895, -0.012331477366387844, 0.023364903405308723, -0.01895981840789318, 0.011634120717644691, 0.0010080602951347828, 0.016708943992853165, -0.010425829328596592, 0.002114509930834174, 0.014734250493347645, -0.011337226256728172, 0.02107260189950466, -0.022494934499263763, -0.004926376976072788, -0.010936763137578964, -0.023613465949892998, -0.019595034420490265, 0.02619575895369053, 0.0073602208867669106, 0.010087506845593452, 0.04341563582420349, -0.006390135735273361, 0.01280788891017437, -0.0026375276502221823, 0.00918991956859827, -0.0053337435238063335, -0.03156747668981552, 0.005640994757413864, 0.0030569774098694324, -0.010840100236237049, 0.004570793826133013, 0.00020433071767911315, -0.010439638048410416, -0.01175149716436863, -0.008699698373675346, 0.02801855280995369, 0.0024959847796708345, 0.016487998887896538, 0.015286612324416637, -0.022674452513456345, -0.0027549045626074076, -0.02272968739271164, 0.05700373649597168, 0.006290019955486059, 0.015935637056827545, -0.0005696230800822377, 0.004701979923993349, -0.009438482113182545, 0.015659457072615623, -0.010619155131280422, -0.016805607825517654, -0.02330966852605343, -0.024110592901706696, -0.0035868994891643524, -0.003012097906321287, -0.007011542562395334, -0.026982873678207397, -0.016211818903684616, -0.006873452104628086, -0.005171487107872963, -0.0002280650078319013, 0.009548954665660858, -0.016294673085212708, 0.008002341724932194, 0.002984479768201709, 0.0008747166721150279, -0.025381024926900864, -0.0216663908213377, 0.0009183014626614749, -0.0010011557023972273, -0.02369632013142109, 0.006300376728177071, -0.003120844252407551, 0.01304954756051302, 0.0016450025141239166, -0.01458235178142786, 0.01762034185230732, 0.01048796996474266, 0.006838929373770952, -0.026043858379125595, -0.00040650376467965543, 0.0063210902735590935, 0.0033089923672378063, 0.0006675809854641557, 0.007284271065145731, -0.004722693469375372, -0.009597286581993103, 0.017109407112002373, -0.01039821095764637, -0.017979376018047333, -0.019028862938284874, -0.01251099444925785, -0.0010917775798588991, -0.01213815063238144, -0.003704276168718934, 0.029026612639427185, -0.006880356464534998, -0.015742311254143715, -0.019885024055838585, -0.003614517394453287, 0.020837849006056786, -0.0558161586523056, -0.018352219834923744, -0.0001445634406991303, -0.0039183166809380054, -0.01213815063238144, -0.015507557429373264, -0.17951758205890656, 0.009127778932452202, 0.002874007448554039, -0.025298170745372772, 0.0414271354675293, 0.004011527635157108, 0.034798793494701385, 0.0038906983099877834, -0.02560197003185749, -0.005219819024205208, 0.006776788737624884, -0.0038906983099877834, -0.039051979780197144, -0.004536271095275879, -0.005257793702185154, -0.011047235690057278, -0.013615718111395836, 0.0028256757650524378, 0.013905707746744156, 0.022273989394307137, 0.029330411925911903, -0.03129129484295845, 0.002661693375557661, -0.02830854244530201, 0.012324572540819645, 3.6140860174782574e-05, -0.007401647977530956, 0.017302732914686203, -0.003350419458001852, -0.00659381877630949, -0.017496060580015182, -0.01477567758411169, 0.003529937006533146, -0.012269336730241776, 0.012262431904673576, -0.007063326425850391, 0.001568189705722034, -0.007046065293252468, -0.019042672589421272, 0.02339252270758152, -0.004567341413348913, 0.026168139651417732, 0.025864340364933014, 0.00035277794813737273, 0.015328039415180683, 0.03899674117565155, -0.002062726067379117, -0.018241748213768005, -0.004519009962677956, -0.019954070448875427, 0.00553397461771965, -0.010052984580397606, 0.011765305884182453, 0.018214130774140358, -0.0032002462539821863, 0.015742311254143715, -0.004660552833229303, 0.011889588087797165, -0.009811325930058956, 0.019815979525446892, -0.002520150737836957, -0.006207165773957968, 0.010356783866882324, -0.013822853565216064, -0.0098734674975276, -0.0062347836792469025, -0.008651366457343102, 0.023351095616817474, -0.02398631162941456, -0.0075190248899161816, -0.006690482143312693, -0.017578914761543274, -0.0005359635688364506, 0.001588040147908032, 0.004953994881361723, 0.011786019429564476, -0.0056375423446297646, 0.038472000509500504, 0.029247557744383812, 0.011737688444554806, 0.001814163289964199, 0.006151929497718811, -0.03974243253469467, -0.004180688410997391, -0.016626089811325073, 0.00976989883929491, -0.022798733785748482, -0.0047986432909965515, 0.01618420146405697, -0.005730753764510155, 0.025753868743777275, -0.021127838641405106, -0.0070426128804683685, -0.038858652114868164, 0.01304954756051302, -0.002326824003830552, -0.006700838916003704, -0.006182999815791845, 0.013346442021429539, -0.022881587967276573, 0.016998933628201485, 0.0018314245389774442, -0.0192636176943779, 0.011261275969445705, 0.019857406616210938, 0.017937948927283287, 0.025822913274168968, 0.006932140327990055, 0.022936822846531868, -0.010874622501432896, -0.00012104491179343313, -0.007277366705238819, -0.01063296478241682, 0.005589210893958807, -0.005706587806344032, 0.009038019925355911, 0.012069105170667171, -0.006296924315392971, 0.010405114851891994, -0.007705447264015675, 0.06843762844800949, 0.005599567666649818, 0.0070426128804683685, 0.008886120282113552, -0.01204148679971695, -0.019705507904291153, -0.051949627697467804, 0.005758371669799089, -0.0017917235381901264, 0.016722753643989563, 0.01039821095764637, -0.012628371827304363, -0.017081787809729576, 0.010191075503826141, -0.011295798234641552, 0.021210692822933197, -0.00880326610058546, -0.02156972885131836, -0.019236000254750252, -0.03264458104968071, 0.05283340439200401, -0.0032226857729256153, 0.0032900050282478333, -0.01448568794876337, -0.026720501482486725, 0.008437326177954674, -0.011827446520328522, -0.011295798234641552, 0.009493717923760414, -0.009279678575694561, -0.02426249161362648, 0.027880461886525154, -0.03482641279697418, -0.00447413045912981, 0.012345286086201668, 0.0001948369899764657, -0.002804962219670415, 0.006586914416402578, 0.02850186824798584, -0.014886150136590004, 0.019180763512849808, -0.013270491734147072, -0.03206460177898407, 0.004087477456778288, 0.008064482361078262, 0.0067975022830069065, 0.00042311777360737324, -0.007843537256121635, -0.01531423069536686, -0.019042672589421272, 0.004052954725921154, -0.004632934462279081, -0.006911426782608032, 0.01539708487689495, 0.036234933882951736, -0.012158864177763462, -0.01579754799604416, -0.0007474145386368036, -0.00924515537917614, -0.016681326553225517, 0.012000059708952904, 0.011654834263026714, -0.00804376881569624, -0.0005864528939127922, -0.036732058972120285, -0.018656019121408463, 0.006756075192242861, -0.003329705912619829, 0.0029171607457101345, 0.02551911398768425, 0.02118307538330555, -0.010481065139174461, -0.024801043793559074, -0.018435074016451836, 0.009459195658564568, 0.0031484621576964855, 0.00933491438627243, 0.019691698253154755, -0.01251789927482605, 0.01531423069536686, -0.004881497472524643, 0.001871125539764762, -0.01724749617278576, -0.01121984887868166, 0.004791738465428352, -0.017164641991257668, -0.023282049223780632, -0.01704036071896553, 0.01876649260520935, 0.00039528391789644957, 0.006690482143312693, 0.03617969900369644, 0.021431637927889824, 0.012497185729444027, -0.0065800100564956665, -0.007318793796002865, -0.0028878164011985064, 0.004833165556192398, 0.01876649260520935, -0.03043513558804989, 0.010412019677460194, -0.013553577475249767, 0.00027898585540242493, -0.006013839039951563, 0.009038019925355911, 0.041261427104473114, 0.011130089871585369, -0.008775647729635239, -0.09555859118700027, 0.02100355736911297, -0.005458024796098471, 0.0003523463965393603, -0.02061690390110016, -0.007705447264015675, 0.009838944301009178, -0.006372874137014151, 0.0011996608227491379, 0.011323416605591774, -0.03446737676858902, 0.013857376761734486, 0.015452321618795395, -0.015949446707963943, -0.01647419109940529, -0.004791738465428352, 0.0192498080432415, 0.01371928583830595, 0.005085180979222059, 0.01955360732972622, 0.0016795251285657287, -0.02040976844727993, 0.009397055022418499, 0.009597286581993103, -0.034660704433918, 0.025201506912708282, -0.007166894152760506, 0.02435915544629097, -0.01328430138528347, -0.012586944736540318, 0.014458069577813148, -0.020188823342323303, -0.006707743741571903, 0.0423661507666111, -0.016626089811325073, -0.012103627435863018, 0.02087927609682083, 0.03388739749789238, 0.03761583939194679, 0.05987601727247238, -0.0283913966268301, -0.019374089315533638, -0.005734205711632967, -0.008057577535510063, 0.007422361522912979, 0.012932170182466507, -0.016432764008641243, 0.012145054526627064, 0.01578373834490776, 0.006490251049399376, 0.026223376393318176, 0.018725065514445305, 0.010998903773725033, -0.028860904276371002, -0.012241718359291553, -0.020368341356515884, 0.017302732914686203, 0.029882773756980896, 0.013077165931463242, -0.008941356092691422, 0.020368341356515884, 0.01705417037010193, 0.010191075503826141, -0.009452290832996368, 0.006459180731326342, -0.01174459233880043, -0.01724749617278576, -4.733373862109147e-05, 0.037505365908145905, -0.024000119417905807, -0.015645647421479225, 0.0010840100003406405, -0.0061415727250278, 0.022895395755767822, -0.0017244045156985521, -0.013132401742041111, -0.013208351098001003, 0.01820032112300396, -0.01343620102852583, 0.021044984459877014, 0.01887696422636509, -0.0069563062861561775, -0.022191135212779045, 0.018338412046432495, 0.01992645114660263, 0.000554519472643733, -0.012725034728646278, -0.024621527642011642, -0.0027600829489529133, -0.008382090367376804, -0.019001245498657227, 0.0168608445674181, -0.019084099680185318, -0.00915539637207985, -0.0211968831717968, -0.016322290524840355, -0.020244060084223747, -0.005313029978424311, 0.02087927609682083, 0.018407456576824188, -0.020547859370708466, 0.017399396747350693, -0.0013368881773203611, -0.008444231003522873, -0.02339252270758152, 0.01130960788577795, -0.02966182865202427, 0.0015638743061572313, 0.023420140147209167, 0.006497155409306288, -0.010591537691652775, -0.007367125246673822, -0.012034582905471325, 0.01213124580681324, -0.03916244953870773, 0.04035002738237381, -0.010204884223639965, -0.02666526474058628, -0.043553728610277176, 0.019719315692782402, 0.016833225265145302, -0.009134682826697826, 0.016391336917877197, -0.0012264157412573695, -0.010695105418562889, 0.019194573163986206, 0.010342974215745926, -0.05998649075627327, 0.013222160749137402, 0.0013109962455928326, 0.016115155071020126, 0.009355627931654453, -0.016322290524840355, -0.024317728355526924, -0.003939030226320028, 0.01628086343407631, -0.00804376881569624, 0.00047511744196526706, 0.003983909264206886, 0.0722489207983017, 0.009687044657766819, -0.006559296511113644, 0.0018970175879076123, -0.048745930194854736, 0.002836032537743449, 0.009742281399667263, 0.012925266288220882, -0.015852782875299454, -0.004805547650903463, 0.010895336046814919, -0.009224441833794117, -0.009521336294710636, -0.009258965030312538, -0.030186571180820465, 0.02935802936553955, -0.013180733658373356, 0.009376341477036476, -0.009176109917461872, -0.01198625098913908, 0.037892017513513565, 0.019305044785141945, 0.01289764791727066, 0.004777929745614529, -0.032092221081256866, -0.00098734674975276, 0.022591596469283104, 0.013077165931463242, -0.03736727684736252, -0.01984359696507454, 0.020575476810336113, 0.008347567170858383, -0.019305044785141945, 0.0025460426695644855, 0.006614532321691513, 0.004436155781149864, 0.0004395160067360848, 0.0031156656332314014, 0.004736502189189196, 0.01371928583830595, -0.052032481878995895, 0.030738933011889458, -0.029137084260582924, -0.02869519591331482, 0.006462633144110441, -9.606995445210487e-05, 0.011634120717644691, 0.000829405733384192, 0.009127778932452202]"
"El término demencia se define como un síndrome clínico adquirido, ocasionado por una disfunción cerebral reversible o irreversible. Su principal característica es el severo deterioro de la funciones cognitivas, asociado con frecuencia a trastornos psicológicos y de la conducta, y, en ocasiones, a trastornos del movimiento. La severidad del deterioro cognitivo es de tal magnitud que se compromete la funcionalidad del individuo afectado, de manera tal que éste se vuelve incapaz para realizar sus actividades de la vida diaria de manera independiente. En todos los casos se debe cumplir los siguientes elementos: La persona afectada experimenta un severo deterioro neurocognitivo desde un nivel normal de funcionamiento previo, lo que lo diferencia de la discapacidad intelectual; El deterioro neurocognitivo puede afectar diferentes dominios cognitivos y funcionales, los cuales se asocian con disfunción de distintas redes neuronales: atención compleja, función ejecutiva, aprendizaje y memoria, lenguaje, habilidades perceptuales motoras y cognición social; El deterioro neurocognitivo interfiere con la capacidad de desarrollar de manera independiente las actividades de la vida diaria. Usualmente, en estad íos iniciales de la demencia se afectan las actividades más complejas como el trabajo y/o las actividades sociales y/o las relaciones interpersonales. En estadías tardíos de la demencia se comprometen actividades de menor complejidad, como las de autocuidado o las actividades básicas. La persona con demencia paulatinamente va requiriendo del apoyo de terceros en sus actividades habituales, y no se pueden desempeñar de manera independiente; El deterioro neurocognitivo no solo se determina a través de la historia clínica y antecedentes del paciente y su exámen físico - se debe confirmar el deterioro neurocognitivo por medio de pruebas cognitivas estandarizadas breves (que las realiza cualquier profesional médico), y en la mayoría de casos deben complementarse con una evaluación neuropsicológica detallada (realizada por especialistas en neurología cognitiva o neuropsicología); Los trastornos neurocognitivos no están presentes exclusivamente durante un episodio confusional y no están causados por algún trastorno psiquiátrico; por lo que es muy importante, no realizar diagnósticos de deterioro cognitivo en situaciones de enfermedades agudas.","[-0.024504534900188446, 0.0017602740554139018, 0.058760229498147964, -0.027151277288794518, -0.03771292045712471, 0.03783956170082092, -0.00033954926766455173, 0.011169509030878544, -0.017843354493379593, -0.0038941313978284597, -0.005524601321667433, 0.03877668455243111, 0.006654849275946617, 0.024871785193681717, -0.021946437656879425, 0.009972775354981422, 0.028468316420912743, -0.004590642638504505, 0.03870069980621338, -0.01617172732949257, -0.023972652852535248, 0.0019280699780210853, -0.006629521492868662, -0.015513206832110882, -0.018299251794815063, 0.013322361744940281, 0.018476545810699463, -0.029481424018740654, 0.005413792561739683, -0.009700503200292587, 0.02301020175218582, 0.003241943661123514, 0.0033179265446960926, -0.022313689813017845, 0.008611412718892097, -0.0036725143436342478, -0.01453809067606926, -0.012106632813811302, -0.006065980531275272, -0.010010766796767712, 0.011726717464625835, 0.018223268911242485, -0.014892678707838058, -0.013993545435369015, -0.0015821887645870447, 0.012885459698736668, -0.027303243055939674, -0.016589634120464325, -0.02517571859061718, 0.016298364847898483, 0.02261762134730816, 0.036319900304079056, -0.04027101770043373, 0.007250049617141485, 0.008041540160775185, -0.026290135458111763, -0.02907618135213852, 0.011948334984481335, 0.01907174661755562, -0.02190844714641571, -0.007921232841908932, -0.016564305871725082, -0.007560313679277897, 0.007756603416055441, 0.005572090391069651, 0.007623632904142141, 0.020540751516819, -0.020604072138667107, -0.008795038796961308, 0.022858235985040665, 0.03629457205533981, 0.0184385534375906, -0.004881910979747772, -0.002903185784816742, 0.04201862961053848, 0.00588235491886735, 0.0036250248085707426, -0.011340470984578133, 0.011372130364179611, 0.012093969620764256, 0.01235357765108347, -0.04498196765780449, -0.03834611549973488, 0.028949543833732605, 0.011644402518868446, 0.018957771360874176, -0.007870578207075596, 0.016842909157276154, -0.002428291831165552, 0.0009078391594812274, -0.029608063399791718, 0.011733049526810646, 0.024960432201623917, 0.011258156038820744, -0.004596974700689316, 0.031229034066200256, 0.021199271082878113, 0.005128856282681227, -0.010979550890624523, -0.0034698927775025368, -0.025416331365704536, 0.008434118703007698, -0.05754449963569641, -0.004555817227810621, -0.008807701990008354, -0.008421454578638077, -0.003368582110852003, 0.013335025869309902, 0.005483443848788738, -0.0351041704416275, -0.010529984720051289, 0.006768823601305485, -0.01376559678465128, -0.023858679458498955, 0.022149059921503067, 0.01980624906718731, 0.01764073222875595, 0.028139056637883186, 0.0038308121729642153, -0.035028185695409775, 0.009605524130165577, -0.013816251419484615, 0.018425891175866127, -0.02561895363032818, -0.0057303886860609055, -0.00945989042520523, -0.013297034427523613, 0.0022953213192522526, -0.005575256422162056, 0.009339584037661552, -0.030925102531909943, 0.014740712009370327, 0.009605524130165577, -0.012068641372025013, -0.002265244722366333, 0.018197940662503242, -0.024580517783761024, 0.006059648469090462, -0.022503647953271866, -0.047666702419519424, 0.005942508112639189, 0.009554868564009666, -0.02582157403230667, -0.026872674003243446, 0.016741599887609482, 0.02199709415435791, 0.0062211123295128345, 0.0225543025881052, 0.014791367575526237, 0.02717660553753376, 0.018691830337047577, -0.010966887697577477, -0.006686508655548096, -0.019147729501128197, -0.00526815839111805, 0.013373017311096191, 0.011232827790081501, 0.008332808502018452, -0.023516755551099777, -0.020591408014297485, 0.009770154021680355, -0.02644210308790207, -0.016741599887609482, -0.010808588936924934, 0.0014460524544119835, 0.016855573281645775, -0.022035084664821625, -0.004774268716573715, 0.006597861647605896, -0.011739381588995457, -0.003050402970984578, 0.03697841987013817, -0.003970114514231682, 0.02682201750576496, 0.015956440940499306, -0.025656944140791893, 0.019742930307984352, 0.028670938685536385, -0.03781423345208168, -0.02573292702436447, -0.02816438488662243, 0.02463117241859436, 0.01661496050655842, 0.003051985986530781, -0.03436966612935066, 0.006050150375813246, 0.042677149176597595, 0.004530489444732666, 0.005828533321619034, 0.0005948048201389611, -0.011467109434306622, 0.0071487389504909515, 0.0226429495960474, -0.02572026289999485, -0.6155640482902527, -0.006502883043140173, -0.01558918971568346, -0.011701390147209167, -0.0013510736171156168, 0.02707529440522194, 0.01734946295619011, 0.006309759337455034, -0.02307352051138878, -0.05095930024981499, 0.005689231213182211, 0.00023705129569862038, -0.009643515571951866, -0.021781807765364647, -0.02081935666501522, -0.0012869630008935928, -0.03733300790190697, 0.007528654299676418, 0.03173558786511421, 0.01574115641415119, 0.001725448528304696, 0.008738051168620586, -0.021845128387212753, 0.013993545435369015, 0.0010890904814004898, -0.001660546287894249, -0.0011745713418349624, -0.016133734956383705, 0.010055090300738811, 0.02401064522564411, -0.014905341900885105, -0.00692712189629674, 0.0005386090488173068, 0.01791933737695217, 0.04981955513358116, -0.035028185695409775, 0.02661939710378647, 0.01891978085041046, -0.0203634575009346, 0.02991199493408203, 0.021110624074935913, 0.01021972019225359, 0.013702277094125748, -0.011302479542791843, 0.007781931199133396, 0.008529097773134708, -0.008009879849851131, -0.008890016935765743, 0.002230419311672449, 0.0007653709617443383, 0.01761540398001671, 0.0023713044356554747, -0.015310585498809814, 0.009130630642175674, 0.008643072098493576, 0.007205726113170385, 0.02480846643447876, -0.03887799382209778, -9.73038186202757e-05, -0.019958214834332466, -0.012524539604783058, 0.0016011846018955112, -0.018109293654561043, -0.014373460784554482, -0.0206293985247612, 0.045133933424949646, -0.02981068380177021, -0.001355822547338903, 0.025036415085196495, -0.002061040373519063, -0.002021465916186571, 0.009833473712205887, 0.003767492948099971, 0.0028905218932777643, 0.029025526717305183, -0.0112771512940526, 0.030469203367829323, 0.011435449123382568, -0.005242830608040094, -0.018248597159981728, 0.002743304707109928, -0.011663398705422878, -0.018869124352931976, 0.006984109058976173, 0.02945609763264656, -0.02209840528666973, -0.013512319885194302, 0.009909456595778465, -0.014094856567680836, 0.018666503950953484, 0.007902237586677074, 0.0002348746929783374, 0.0016906228847801685, -0.0115430923178792, -0.010023430921137333, 0.015652509406208992, -0.008883684873580933, 0.02216172404587269, 0.006889129988849163, 0.01900842785835266, -0.001060596783645451, -0.01709618605673313, 0.019223712384700775, 0.005587920546531677, 0.034141719341278076, 0.03307795524597168, -0.029760029166936874, 0.01846388168632984, 0.07593239843845367, -0.011296147480607033, -0.008193505927920341, 0.005736720282584429, 0.007971888408064842, -0.012043314054608345, -0.003050402970984578, -0.01872982271015644, -0.002225670265033841, 0.012815807946026325, 0.007883241400122643, -0.014335469342768192, -0.015969105064868927, -0.0003848620690405369, 0.01591845043003559, -0.003210284048691392, 0.0036756801418960094, -0.004995885770767927, -0.0028604452963918447, 0.0054074604995548725, -0.014322805218398571, -0.0019201550167053938, -0.0008476859075017273, -0.009510545060038567, 0.006496550980955362, 0.0027559685986489058, 0.03680112585425377, -0.005901350639760494, 0.010485661216080189, -0.011258156038820744, -0.014246822334825993, -0.022921554744243622, -0.00565440533682704, -0.018337244167923927, 0.008693727664649487, 0.020160837098956108, -0.0068701342679560184, -0.02244032919406891, -0.005989997182041407, -0.006160959135740995, -0.03573736175894737, -0.0021528531797230244, -0.011663398705422878, -0.011847024783492088, -0.006100805941969156, 0.05078200623393059, 0.010017098858952522, 0.0032181988935917616, -0.02008485421538353, -0.0058601931668818, -0.012644845992326736, -0.0012022735318168998, -0.005331477615982294, 0.021490540355443954, -0.004733110778033733, 0.02007219009101391, -0.03447097912430763, -0.03371114656329155, 0.01372760534286499, 0.02818971313536167, -0.02991199493408203, -0.036851782351732254, -0.003606029087677598, 0.011821696534752846, -0.014221495017409325, -0.01458874624222517, 0.01899576373398304, 0.011479772627353668, -0.00826948881149292, -0.010441337712109089, 0.008028876036405563, 0.017969992011785507, 0.005233332980424166, -0.004562149289995432, 0.00368201220408082, -0.005853861104696989, 0.024973096325993538, 0.008662068285048008, 0.01444944366812706, 0.0027907942421734333, 0.002838283544406295, 0.025239037349820137, 0.04133478179574013, 0.023250814527273178, 0.013284370303153992, -0.0020737042650580406, -0.004109416622668505, 0.0055119371972978115, 0.008516433648765087, -0.023466099053621292, -0.026290135458111763, 0.015969105064868927, 0.02816438488662243, -0.00024931938969530165, 0.010998547077178955, 0.003732667537406087, 0.020794028416275978, -0.005565758794546127, 0.019502317532896996, -0.010485661216080189, 0.012879127636551857, 0.022288361564278603, -0.008472110144793987, -0.023833351209759712, -0.001002817996777594, -0.014474771916866302, -0.01955297216773033, 0.040498968213796616, 0.01580447517335415, 0.018337244167923927, -0.005989997182041407, -0.031153051182627678, -0.015703164041042328, 0.00033559181611053646, 0.003992276266217232, -0.005423290189355612, 0.0050813667476177216, 0.023744704201817513, 0.01771671511232853, 0.009953780099749565, 0.005600584205240011, -0.023592738434672356, -0.014196166768670082, 0.0021702658850699663, 0.01734946295619011, 0.02445387840270996, -0.011074529960751534, 0.03383778780698776, -0.013436337001621723, -0.006958781275898218, 0.035686708986759186, -0.010188060812652111, -0.013385681435465813, 0.018843797966837883, 0.010947891511023045, -0.01727348007261753, -0.0050940304063260555, -0.001829925226047635, 0.02589755691587925, 0.025783583521842957, 0.003238777630031109, 0.026315463706851006, -0.014208830893039703, -0.007585641462355852, -0.03436966612935066, -0.02935478650033474, -0.01734946295619011, -0.013018430210649967, 0.013423672877252102, -0.020388785749673843, 0.030950430780649185, 0.01671627163887024, 0.02900019846856594, -0.01344900019466877, 0.014322805218398571, 0.0016011846018955112, -0.005375801119953394, -0.024301912635564804, 0.02808840200304985, -0.0066485172137618065, 0.006249606143683195, -0.0011769458651542664, -0.022313689813017845, 0.0009030902292579412, -0.025770919397473335, 0.006211614701896906, 0.021237263455986977, 0.010656623169779778, -0.010435005649924278, -0.005334643647074699, 0.03211550414562225, 0.030013306066393852, -0.0125941913574934, -0.01355031132698059, 0.028696266934275627, 0.03209017589688301, 0.011011211201548576, -0.011150512844324112, 0.004204395692795515, -0.0031358839478343725, -0.00830748025327921, 0.00026811729185283184, -0.027936436235904694, -0.00611346960067749, -0.025061743333935738, 0.012296590954065323, -0.008852025493979454, 0.01572849228978157, 0.021249927580356598, 0.021832464262843132, -0.028392333537340164, -0.010232384316623211, 0.012910787016153336, -0.01746343821287155, -0.02192111127078533, -0.008738051168620586, -0.014778703451156616, 0.028848232701420784, -0.03469892591238022, -0.0032831011340022087, -0.003663016250357032, -0.015158618800342083, 0.004077757243067026, -0.015221938490867615, -0.012993101961910725, -0.010650291107594967, 0.007946561090648174, 0.0033717479091137648, 0.0003814982483163476, 0.011289815418422222, 0.014196166768670082, -0.009073643013834953, 0.014246822334825993, -0.010954223573207855, 0.011979994364082813, -0.011790037155151367, -0.003852973924949765, 0.026239480823278427, -0.008560757152736187, 0.014031536877155304, 0.012866463512182236, 0.0002429874730296433, -0.017691386863589287, -0.021148616448044777, 0.036775797605514526, 0.011042870581150055, -0.004869247321039438, 0.007136075291782618, 0.029937323182821274, 0.025834238156676292, -0.0008650987292639911, 0.026973983272910118, 0.002187678823247552, -0.015285257250070572, -0.0016201803227886558, 0.0059076822362840176, 0.004454506561160088, -0.024428552016615868, 0.016387011855840683, 0.027581848204135895, -0.014094856567680836, -0.014892678707838058, 0.004641298204660416, 0.02117394469678402, 0.02725258842110634, -0.0049990518018603325, -0.01126448716968298, -0.011669730767607689, -0.011511432938277721, 0.04128412529826164, 0.022427665069699287, 0.016931556165218353, 0.019945550709962845, -0.00046737492084503174, 0.0202748104929924, -0.004774268716573715, 0.016956884413957596, -0.021503204479813576, 0.020502761006355286, -0.01450009923428297, 0.001129456446506083, -0.008396127261221409, 0.02270626835525036, 0.007610969245433807, -0.012568863108754158, -0.015285257250070572, 0.018324580043554306, -0.00831381231546402, -0.029506752267479897, -0.030215928331017494, 0.025403667241334915, 0.010821253061294556, 0.05627811327576637, -0.00029245560290291905, -0.022250371053814888, 0.009732162579894066, 0.0027907942421734333, -0.0307224802672863, -0.004293042700737715, -0.003254607552662492, -0.02017350122332573, 0.0012268096907064319, -0.00017294059216510504, 0.03842209652066231, 0.0015354908537119627, -0.011163176968693733, 0.013373017311096191, -0.005195341072976589, -0.026644723489880562, -0.006813147105276585, -0.013373017311096191, 0.011828028596937656, 0.009814477525651455, -0.03890332207083702, 0.005451784003525972, 0.025327684357762337, -0.0007483539520762861, 0.0007507284171879292, -0.00479326443746686, -0.013233714736998081, 0.02489711344242096, 0.0026198322884738445, 0.0008342306246049702, -0.03877668455243111, -0.007072756066918373, 0.008548093028366566, -0.006265435833483934, -0.006933453492820263, 0.00368201220408082, 0.037484973669052124, -0.00563224358484149, -0.012233271263539791, 0.02217438817024231, 0.024656500667333603, -0.006984109058976173, -0.022858235985040665, 0.018615847453475, -0.01864117570221424, -0.018134621903300285, -0.03325524926185608, 0.006540874484926462, -0.03892865031957626, -0.009789150208234787, -0.0046761236153542995, -0.0038118164520710707, -0.018704494461417198, 0.005847529042512178, -0.005714558996260166, 0.016513649374246597, -0.009592860005795956, -0.005344141274690628, 0.001671627163887024, 0.006876466330140829, 0.012150956317782402, 0.03933389484882355, 0.008592416532337666, 0.008250493556261063, -0.02516305446624756, 0.03892865031957626, 0.011802701279520988, -0.014462107792496681, 0.00263724522665143, 0.022934218868613243, -0.012898122891783714, -0.040752243250608444, -0.0029063518159091473, 0.008833030238747597, 0.03642120957374573, -0.006667512934654951, -0.024757811799645424, -0.030317237600684166, -0.003545875893905759, -0.016690943390130997, 0.011296147480607033, -0.0017444442491978407, -0.013562974520027637, -0.019046418368816376, -0.010517320595681667, -0.03290066123008728, -0.015956440940499306, 0.02618882618844509, -0.035028185695409775, -0.014310142025351524, 0.013246378861367702, 0.007819922640919685, 0.01159374788403511, -0.018045974895358086, 0.005869690794497728, -0.03019060008227825, -0.00615779310464859, 0.011517764069139957, -0.005331477615982294, 0.00940923485904932, -0.006971444934606552, 0.013790924102067947, 0.010251380503177643, 0.020224155858159065, -6.930485687917098e-05, 0.004764770623296499, 0.0003848620690405369, -0.01049832534044981, 0.012138293124735355, -0.00631292536854744, 0.013322361744940281, -0.02208574116230011, 0.017780033871531487, 0.0021291084121912718, -0.0042898766696453094, 0.01699487678706646, -0.034673601388931274, 0.02307352051138878, 0.012043314054608345, -0.003767492948099971, -0.036497194319963455, -0.012378905899822712, -0.05597418174147606, -0.002325397916138172, 0.02198443002998829, 0.008282152935862541, 0.021857792511582375, -0.017501430585980415, 0.009396570734679699, 0.01574115641415119, 0.013879571110010147, -0.004255050793290138, 0.00420122966170311, 0.009662511758506298, -0.005144685972481966, 0.01035269070416689, 0.024859122931957245, -0.009649847634136677, 0.001467422698624432, -0.012220608070492744, -0.02254163846373558, -0.015335912816226482, 0.007636297028511763, -0.034141719341278076, 0.005423290189355612, -0.0012711331946775317, -0.012752489186823368, 0.006832142826169729, 0.014069528318941593, 0.007053759880363941, -0.007022100500762463, 0.00010882989590754732, -0.01553853414952755, -0.016564305871725082, -0.026315463706851006, -0.004435510840266943, -0.019046418368816376, 7.717029075138271e-05, 0.020249484106898308, -0.017476102337241173, 0.020160837098956108, -0.024428552016615868, -0.019033754244446754, -0.016944220289587975, -0.01746343821287155, 0.02092066779732704, -0.03219148516654968, 0.03117837943136692, 0.03206484764814377, -0.021832464262843132, -0.033584509044885635, 0.023478763177990913, 0.03272336721420288, -0.001366903423331678, 0.03928323835134506, 0.01962895505130291, -0.0024979428853839636, 0.00037279186653904617, 0.025049079209566116, 0.015069971792399883, -0.028139056637883186, -0.02953208051621914, 0.029152164235711098, 0.006591530051082373, -0.007883241400122643, -0.006990440655499697, -0.005049706902354956, 0.001409643911756575, 0.015576525591313839, -0.029202820733189583, -9.379158291267231e-05, -0.008814034052193165, -0.032394107431173325, -0.0042898766696453094, 0.014525426551699638, -0.033939097076654434, 0.0125941913574934, -0.002825619885697961, 0.005844363011419773, -0.020692717283964157, -0.010327363386750221, -0.011473440565168858, 0.02580890990793705, 0.002952258102595806, 0.020059525966644287, -0.02970937453210354, -0.014880014583468437, -0.0012442225124686956, 0.0036725143436342478, 0.0009007157641462982, 0.023339461535215378, -0.019882231950759888, 0.022389672696590424, 0.0068574706092476845, -0.01600709557533264, 0.02725258842110634, -0.017514092847704887, -0.0037136718165129423, 0.010561644099652767, -0.0031627945136278868, -0.016235046088695526, -0.004299374297261238, -0.016741599887609482, 0.009485217742621899, 0.025239037349820137, -0.0009964860510081053, 0.0038846335373818874, -0.01267650630325079, -0.02889888733625412, -0.01362629421055317, -0.023858679458498955, 0.010371686890721321, 0.07081620395183563, 0.008833030238747597, -0.014373460784554482, 0.001509371679276228, 0.023934662342071533, 0.0023839683271944523, -0.004758438561111689, 0.018197940662503242, 0.00509086437523365, -0.014284813776612282, 0.0316089503467083, -0.03591465577483177, 0.009143293835222721, -0.013170395977795124, 0.008744383230805397, -0.006259103771299124, -0.01558918971568346, 0.029608063399791718, -0.007402015849947929, -0.03910594433546066, 0.008947004564106464, -0.00306781567633152, 0.016880901530385017, -0.010188060812652111, -0.014804031699895859, 0.026847345754504204, 0.005359971430152655, -0.0011223329929634929, -0.005971001461148262, -0.05663270130753517, 0.02470715530216694, -0.0312543623149395, 0.005736720282584429, -0.004027101676911116, -0.01609574258327484, -0.016602296382188797, 0.02444121614098549, -0.011872352100908756, -0.0002461534459143877, -0.03127969056367874, -0.014094856567680836, -0.026416774839162827, 0.02689800038933754, 0.00018313103646505624, 0.0028984369710087776, -0.015247265808284283, -0.02935478650033474, -0.010441337712109089, 0.013031093403697014, -0.0014682142063975334, -0.00010408095113234594, -0.004980056080967188, 0.0015592356212437153, -0.004919902887195349, 0.02808840200304985, -0.0038624717853963375, -0.021110624074935913, -0.014550754800438881, 0.000711549655534327, -0.0230861846357584, 0.01144811324775219, -0.01755208522081375, 0.02988666668534279, 0.030519859865307808, 0.013778259977698326, -0.01571582816541195, 0.0037833228707313538, -0.026568740606307983, 0.03462294489145279, 0.006825810763984919, 0.02289622649550438, 0.019413670524954796, 0.004014438018202782, -0.0057082269340753555, 0.007819922640919685, 0.017235489562153816, 0.027581848204135895, -0.0308997742831707, -0.0027353898622095585, 0.0009719498921185732, -0.022946881130337715, -0.004327868111431599, -0.008744383230805397, -0.014601410366594791, -0.001324954442679882, 0.01472804881632328, -0.01149243675172329, -0.008712723851203918, 0.009808145463466644, -0.004008105956017971, -0.030671825632452965, -0.0025850068777799606, 0.00940923485904932, -0.020122844725847244, -0.01853986456990242, 0.02135123871266842, -0.0020404616370797157, -0.008250493556261063, -0.021655170246958733, -0.004160072188824415, -0.017969992011785507, 0.020198827609419823, 0.013702277094125748, -0.003045654157176614, -0.005923512391746044, -0.019413670524954796, -0.015323248691856861, -0.008877353742718697, -0.030063960701227188, 0.01627303659915924, 0.02791110798716545, 0.010510989464819431, 0.02354208193719387, 0.005458116065710783, 0.0008920094114728272, -0.04123346880078316, 0.011891347356140614, -0.010618631727993488, 0.018425891175866127, -0.0028002921026200056, -0.026036860421299934, -0.002423542784526944, -0.0009561200859025121, 0.009599192067980766, -0.04916103556752205, -0.02763250283896923, -0.01609574258327484, -0.00774393929168582, -0.02489711344242096, 0.007022100500762463, 0.021794471889734268, -0.006553538143634796, 0.012758821249008179, -0.012777816504240036, -0.004543153569102287, 0.005530932918190956, -0.034673601388931274, 0.0065218787640333176, -0.02808840200304985, -0.005641741678118706, -0.006303427275270224, -0.010004435665905476, 0.014905341900885105, 0.011714054271578789, 0.0010281456634402275, 0.002431457629427314, 0.015690499916672707, 0.191679909825325, -0.018235933035612106, -0.0062306104227900505, 0.010732606053352356, 0.0034002417232841253, 0.030950430780649185, 0.015259929932653904, -0.012442224659025669, -0.018248597159981728, 0.017412783578038216, -0.0007360858144238591, -0.011847024783492088, -0.036117278039455414, 0.02000887133181095, 0.014955997467041016, -0.020591408014297485, -0.030114617198705673, -0.026036860421299934, -0.0005417750217020512, -0.037206366658210754, 0.009206613525748253, -0.018501874059438705, 0.017780033871531487, -0.016880901530385017, 0.05334010347723961, -0.019122401252388954, 0.0006110303802415729, 0.00018718741193879396, 0.02925347536802292, 0.007870578207075596, -0.018400562927126884, -0.0025628451257944107, 0.001347116194665432, 0.003028241218999028, -0.027303243055939674, 0.011435449123382568, -0.005755716469138861, -0.01159374788403511, -0.007098083384335041, 0.02589755691587925, 0.027759142220020294, 0.023048192262649536, -0.006889129988849163, -0.011815364472568035, 0.01891978085041046, 0.04660293832421303, 0.006800483446568251, -0.013714941218495369, 0.005442286375910044, -0.006844806484878063, -0.03274869546294212, -0.013917562551796436, -0.016057752072811127, 0.010333695448935032, 0.013436337001621723, 0.014652065001428127, -0.0063350871205329895, 0.012030649930238724, -0.006024823058396578, 0.005147852003574371, -0.023048192262649536, -0.007889573462307453, -0.010099413804709911, 0.02925347536802292, 0.015335912816226482, 0.01935034990310669, -0.00290793483145535, -0.020933331921696663, 0.007471666671335697, -0.01558918971568346, -0.002100614830851555, -0.024339905008673668, -0.020794028416275978, 0.008725387044250965, 0.012885459698736668, -0.01467739325016737, 0.03181157261133194, 0.020578743889927864, 0.006958781275898218, 0.026872674003243446, -0.00038446634425781667, 0.01267650630325079, -0.029380114749073982, 0.0013756098924204707, -0.00012841926945839077, -0.03814349323511124, 0.015019317157566547, -0.01485468726605177, 0.0015465717297047377, -0.01808396726846695, -0.012461220845580101, -0.0071614026091992855, 0.0008579753339290619, 0.007155071012675762, 0.020566079765558243, 0.019590964540839195, 0.0287975762039423, 0.008617744781076908, 0.003710505785420537, -0.008972331881523132, -0.019160393625497818, 0.08150448650121689, 0.023326797410845757, 0.0234407726675272, 0.008383463136851788, 0.005347307305783033, -0.0037263354752212763, 0.010017098858952522, 0.01349965576082468, -0.012834804132580757, -0.024377895519137383, -0.001260843826457858, 0.0005959920817986131, -0.019780920818448067, -0.011891347356140614, 0.025327684357762337, -0.017856016755104065, -0.010732606053352356, -0.004666625987738371, -0.018565192818641663, 0.03391376882791519, -0.03127969056367874, -0.033204592764377594, -0.005144685972481966, -0.0117203863337636, -0.008953336626291275, -0.005442286375910044, -0.00931425578892231, -0.002770215505734086, -0.003018743358552456, 0.010479329153895378, -0.05344141274690628, 0.018742486834526062, 0.009903124533593655, -0.0019280699780210853, 0.004036599770188332, 0.012442224659025669, 0.006502883043140173, -0.02109796181321144, -0.0013708609621971846, -0.02591022104024887, -0.016222381964325905, -0.004150574095547199, -0.012980437837541103, -0.00420122966170311, -0.009694171138107777, 0.01598176918923855, 0.002220921218395233, -0.023656057193875313, -0.0043626935221254826, -0.03735833615064621, -0.008079531602561474, 0.004986387677490711, -0.01541189569979906, 0.0011128351325169206, -0.004853417631238699, -0.013423672877252102, -0.026568740606307983, -0.030494531616568565, -0.00335275218822062, -0.02826569601893425, -0.0014468439621850848, 0.017957327887415886, 0.008991328068077564, 0.0126828383654356, 0.019021090120077133, -0.1541949361562729, 0.0031786244362592697, -0.015310585498809814, -0.015247265808284283, 0.008383463136851788, 0.004106250591576099, 0.015551198273897171, -0.009738494642078876, -0.008256824687123299, -0.02727791666984558, 0.011511432938277721, -0.02118660882115364, -0.007864246144890785, -0.002490028040483594, -0.011562087573111057, -0.019160393625497818, -0.00470461742952466, 0.009687839075922966, 0.022490983828902245, 0.03300197422504425, 0.007503326516598463, -0.04465270787477493, 0.021959101781249046, -0.012879127636551857, -0.011334138922393322, -0.012017985805869102, -0.0008184008183889091, 0.0007843667408451438, -0.0007606220315210521, -0.014373460784554482, -0.020148172974586487, -0.03953651338815689, 0.0363452285528183, -0.004767936654388905, -0.0030203263740986586, 0.022313689813017845, -0.006680176593363285, -0.014259486459195614, -0.018375234678387642, 0.008009879849851131, -0.009098970331251621, 0.031229034066200256, 0.01636168360710144, 0.012220608070492744, 0.011017542332410812, 0.026467429473996162, 0.02582157403230667, -0.014563418924808502, -0.0039542848244309425, 0.0064300657249987125, 0.008896348997950554, -0.00809219479560852, -0.0009553285781294107, 0.0016431334661319852, 0.004277212545275688, -0.000424634461523965, 0.005420124623924494, 0.01580447517335415, 0.011220164597034454, 0.0063350871205329895, 0.000662477221339941, -0.004590642638504505, 0.0018948273500427604, 0.01327170617878437, 0.02791110798716545, -0.008617744781076908, 0.014424116350710392, 0.0006696006748825312, -0.020021533593535423, 0.011650734581053257, -0.006977776996791363, -0.018337244167923927, 0.004926234483718872, -0.015082635916769505, 0.018223268911242485, 0.011074529960751534, -0.020781364291906357, -0.014056865125894547, -0.02618882618844509, -0.012663842178881168, -0.02844299003481865, 0.011942002922296524, -0.03781423345208168, -0.030393220484256744, -0.01126448716968298, 0.0029490923043340445, 0.015677835792303085, 0.007718611974269152, 0.01734946295619011, -0.005701894871890545, -0.01135946623980999, -0.0474134236574173, 0.03386311233043671, -0.014740712009370327, -0.01054898090660572, 0.043588943779468536, -0.012910787016153336, -0.004555817227810621, 0.003558539552614093, -0.02318749576807022, -0.008560757152736187, -0.00944722630083561, -0.0206293985247612, 0.009580196812748909, 0.01353764720261097, 0.008712723851203918, -0.02717660553753376, 0.0023602235596626997, 0.013816251419484615, -0.016336357221007347, 0.02336478792130947, 0.017045531421899796, 0.011125185526907444, 0.0064522274769842625, -0.007110747508704662, 0.004042931832373142, -0.01664028875529766, 0.0036313566379249096, -0.0026040025986731052, 0.0037516632582992315, 0.0807446539402008, -0.005195341072976589, 0.0013906481908634305, 0.0031089731492102146, 0.008953336626291275, -0.01800798438489437, -0.11113788187503815, -0.00845944695174694, -0.0053947968408465385, 0.020426778122782707, 0.0016257207607850432, 0.008826698176562786, -0.002550181234255433, 0.014892678707838058, -0.02336478792130947, 0.0001395001308992505, -0.03097575716674328, -0.01992022432386875, 0.0113214747980237, -0.024504534900188446, 0.02563161589205265, -0.010985882952809334, 0.021135952323675156, -0.008909013122320175, -0.021414557471871376, 0.027835125103592873, -0.00945355836302042, -0.01045400183647871, 0.0113657983019948, -0.01463940180838108, -0.0349268764257431, 0.013132404536008835, 0.009244604967534542, 0.003523714141920209, 0.006411070004105568, 0.012879127636551857, -0.015006653033196926, 0.002738555893301964, 0.020832020789384842, 0.009820809587836266, 0.018603183329105377, 0.008123855106532574, 0.018248597159981728, -0.016121070832014084, 0.03434434160590172, -0.011125185526907444, 0.007667956408113241, -0.006629521492868662, 0.012467552907764912, 0.00923194084316492, 0.021414557471871376, -0.018058639019727707, -0.021376565098762512, -0.01280947681516409, -0.013955553993582726, -0.015209274366497993, -0.018311915919184685, -8.894370694179088e-05, -0.005347307305783033, -0.03300197422504425, 0.024681828916072845, -0.006901794113218784, 0.010802257806062698, -0.00033954926766455173, -0.03892865031957626, -0.010555312037467957, -0.015753820538520813, 0.010194392874836922, -0.020667390897870064, 0.01439878810197115, 0.02707529440522194, -0.017298808321356773, -0.0368771068751812, -0.020667390897870064, -0.008605080656707287, -0.021161280572414398, 0.016387011855840683, -0.0031105561647564173, 5.461281762109138e-05, 0.002532768528908491, -0.027379225939512253, 0.041866663843393326, -0.001024979748763144, -0.005328311584889889, -0.013423672877252102, -0.017881345003843307, -0.019021090120077133, -0.0019423167686909437, 0.01600709557533264, -0.008744383230805397, 0.016019759699702263, 0.026214152574539185, 0.032318126410245895, -0.00629076361656189, 0.01808396726846695, -0.0004883494111709297, 0.014664729125797749, 0.010916232131421566, 0.012651178054511547, 0.007946561090648174, -0.0006672262097708881, -0.0023507256992161274, 0.01970493793487549, -0.0058158696629107, 0.021224599331617355, 0.050047505646944046, -0.005898184608668089, -0.029760029166936874, -0.02499842457473278, 0.021591851487755775, -0.018945107236504555, -0.0001065543619915843, 0.02461850829422474, 0.011283483356237411, 0.014981325715780258, 0.0066611808724701405, -0.00674982788041234, 0.024213265627622604, -0.02725258842110634, 0.002838283544406295, 0.01900842785835266, -0.001687456970103085, -0.03923258185386658, -0.002529602497816086, 0.028291024267673492, 0.013385681435465813, 0.00821883324533701, 0.02970937453210354, -0.0008658902370370924, 0.014006209559738636, -0.0006790985353291035, 0.043310340493917465, -0.022326353937387466, -0.007965556345880032, -0.007712279912084341, 0.004961060360074043, 0.01764073222875595, 0.002154436195269227, -0.007414679508656263, -0.02226303517818451, 0.007262713275849819, 0.029050853103399277, -0.008066867478191853, 0.007129743229597807, 0.009966444224119186, 0.013917562551796436, 0.029380114749073982, 0.08844427019357681, -0.023567410185933113, -0.03586399927735329, 0.006072312127798796, -0.05035143718123436, -0.02100931480526924, -0.014208830893039703, -0.03472425416111946, -0.011125185526907444, 0.02579624578356743, -0.0035142162814736366, 0.044855330139398575, 0.00052594521548599, 0.012144624255597591, -0.012815807946026325, -0.009580196812748909, -0.01139745768159628, 0.006977776996791363, -0.011979994364082813, 0.007826254703104496, -0.023516755551099777, 0.01590578630566597, -0.004315203987061977, 0.01126448716968298, 0.010681950487196445, -0.00420756172388792, -0.010561644099652767, -0.02710062265396118, 0.009434562176465988, 0.005663903430104256, -0.0018457550322636962, -0.009827141650021076, 0.029025526717305183, 0.018134621903300285, -0.001104920171201229, 0.020338131114840508, 0.002809789963066578, -0.012784148566424847, -0.01280947681516409, 0.0006783070275560021, 0.009238272905349731, 0.016969548538327217, 0.006540874484926462, -0.031406328082084656, 0.017792697995901108, 0.014132848009467125, 0.035306792706251144, -0.01562718115746975, -0.00017996506358031183, 0.007117079105228186, -0.022022422403097153, 0.010738938115537167, 0.006832142826169729, 0.002754385583102703, 0.022377008572220802, -0.0034920545294880867, -0.009573864750564098, -0.006122967693954706, -0.004429178778082132, 0.008041540160775185, 0.019578300416469574, -0.0019755593966692686, 0.012752489186823368, 3.9401369576808065e-05, -0.030697153881192207, -0.0010463499929755926, 0.014145512133836746, -0.025669608265161514, -0.018033310770988464, -0.005844363011419773, 0.019160393625497818, 0.004881910979747772, -0.0043848552741110325, 0.0006763283163309097, 0.002513772575184703, -0.02136390097439289, 0.006737164221704006, 0.00012742991384584457, 0.013968218117952347, -0.009371243417263031, 0.01439878810197115, 0.01646299473941326, -0.0028984369710087776, 0.01671627163887024, 0.02318749576807022, 0.01745077408850193, 0.02236434444785118, 0.020021533593535423, -0.03300197422504425, 0.00017422676319256425, -0.005819035694003105, 0.012429561465978622, -0.005888686515390873, -0.031305018812417984, 0.011929339729249477, -0.027201933786273003, -0.05128856003284454, 0.015779146924614906, -0.011802701279520988, -0.0016542143421247602, 0.10105746239423752, 0.03386311233043671, 0.0010669287294149399, 0.00830748025327921, 0.0020531252957880497, -0.02000887133181095, -0.001616222900338471, 0.002561262110248208, -0.0006557495798915625, 0.029962651431560516, 0.03900463506579399, -0.014829359017312527, 0.019768256694078445, -0.028012419119477272, -0.030595842748880386, 0.01608308032155037, -0.0044766683131456375, 0.028037747368216515, -0.004261382855474949, -0.0004321536107454449, 0.02927880361676216, -0.005822201259434223, 0.00936491135507822, -0.003105807350948453, -0.02127525396645069, -0.0019613124895840883, 0.019932888448238373, -0.009396570734679699, -0.016754264011979103, -0.017944663763046265, 0.021401893347501755, 0.005689231213182211, -0.03700374811887741, -0.0117647098377347, -0.0013993545435369015, -0.011011211201548576, -8.379901555599645e-05, -0.00674982788041234, -0.014107519760727882, 0.0056828991509974, 0.001962895505130291, 0.02798709087073803, -0.01970493793487549, -0.017400119453668594, 0.0007578518125228584, -0.016868237406015396, -0.010966887697577477, -0.02263028547167778, -0.0026451600715517998]"
"Porque cuando aparece un síntoma conductual, generalmente los síntomas cognitivos no han sido detectados por la familia, a pesar que aparecieron hace varios años. Con mucha frecuencia una persona adulta mayor que debuta con síntomas conductuales de manera brusca (""de la noche a la mañana"") caracterizados por agitación psíquica nocturna, alucinaciones visuales, paranoia y tal vez agresividad verbal/física lo realiza en un contexto de una enfermedad médica (infección urinaria, elevación de presión arterial, impactación fecal, diarreas con deshidratación) o quirúrgica (programada o de emergencia), episodio conocido como delirio. Habitualmente, cuando se realiza la evaluación detallada de síntomas cognitivos, la mayoría de ellos o casi todos han tenido en los pasados 2 a 3 años, problemas progresivos con la memoria de hechos recientes (referidos como olvidos frecuentes, conversación repetitiva, pérdida de documentos, anotaciones frecuentes en las agendas), de lenguaje (problemas para denominar objetos de uso común) o de orientación (en el tiempo y luego en el espacio) y han perdido las capacidades para realizar actividades de vida diaria fuera de la casa. Y lo más importante, es que debemos esperar un tiempo prudencial de treinta días para realizar la evaluación clínica, cognitiva, conductual y funcional del paciente, con la finalidad de establecer un diagnóstico de síndrome demencial más preciso. Porque existen algunas condiciones que pueden simular todos los síntomas de una demencia y no serlo. Suele pasar con aquellos que tienen deficiencia de vitamina B 12, en algunos casos de hipotiroidismo o en hidrocefalia, en algunos casos de depresión y en casos de deficiencias de atención sin hiperactividad no diagnosticadas en la infancia; las cuales tratadas de manera oportuna, pueden remitir los síntomas total o parcialmente y se les conoce como ""demencias reversibles"" o ""demencias tratables"", antiguamente conocidas como ""pseudodemencias"". Porque nos permite diferenciar el deterioro cognitivo normal de las personas adultas mayores del deterioro cognitivo progresivo. Pues, es normal que conforme pasan los años las habilidades de la memoria semántica se vayan diluyendo como pasa con la recuperación de la información altamente específica, sobre todo con los nombres de personas que no son de visita frecuente (compañeros del colegio, de la universidad o del trabajo). Así mismo, la memoria de procedimientos y la memoria de trabajo se tornan frágiles por lo que el adulto mayor requiere más tiempo para aprender nuevas tareas y tiene dificultad para realizar varias actividades al mismo tiempo. Además se observa en el área del lenguaje, que los adultos mayores tienden a producir definiciones más largas, utilizando explicaciones y descripciones de muchas palabras (""se van por las ramas""). Pero, lo que no debe variar y debe llamar la atención de las familias son los problemas de la memoria episódica de hechos recientes (no recordar el desayuno de la mañana, o el almuerzo de ayer), de la orientación (en el tiempo y en el espacio, manifestado como dificultad para regresar a su casa desde el mercado) y la capacidad de denominación de objetos de uso común (detallar las características del objeto que se encuentra frente a él/ella, pero no poder dar el nombre correcto con el que años atrás lo conocía y denominaba adecuadamente; pasa habitualmente con los utensilios de la cocina o prendas de vestir). Es importante recordar, que un síntoma aislado no significa mucho; pero la suma y la declinación progresiva de varios de ellos debe requerir una atención especializada. Porque conociendo la historia de cada etapa de su vida y la personalidad podemos sospechar la emergencia de posibles síntomas conductuales y con ello las medidas no farmacológicas de manera individualizada. De esta manera, por lo general un adulto mayor que durante su vida ha sido ordenado, pasivo y ""pegado a las reglas"", durante la manifestación clínica de la enfermedad de Alzheimer, podría manifestar síntomas de apatía y tolerar mejor las delusiones visuales. Mientras que un adulto mayor que es definido por sus familiares como hiperactivo, apurado, ""todo lo hacía rápido"", a veces intolerante y ""renegón"" sería más propenso a tener episodios de angustia, agitación psíquica nocturna, paranoias, alucinaciones visuales y tal vez, agresividad física. Además, nos permite identificar aquellos síntomas conductuales que no van a mejorar con medicación anti-psicótica como deambular sin rumbo, vestir/desvestir en lugares distintos al dormitorio, balanceo persistente en la silla, conductas orales repetitivas y ocultar o acapar cosas. Porque la primera evaluación nos permite conocer los detalles de los síntomas del paciente, los cuales se pueden seguir en cada consulta posterior sí son reconocidos y agrupados como síntomas funcionales, cognitivos, psicológicos y conductuales de la demencia, de tal manera que los cuidadores aprenden a tomar atención a dichas manifestaciones de manera ordenada y detallada. Lo más importante, es que nos ayuda a explicar a las familias el objetivo de los tratamientos sintomáticos farmacológicos disponibles; pues todos ellos mejoran la funcionalidad básica, preservan la funcionalidad instrumental, evitan la aparición de síntomas psicológicos y conductuales o acortan el tiempo prudencial de los anti-psicóticos, sin modificar la evolución del deterioro de los síntomas cognitivos. Dicho de manera grosera, los medicamentos no mejoran/recuperan la memoria, el lenguaje y la orientación perdidos por la enfermedad; pero sí mejoran la calidad de vida del paciente y de la familia al preservar sus actividades de vida diaria no afectadas.","[-0.008150690235197544, 0.001500335638411343, 0.05489901080727577, -0.03151514008641243, -0.018373042345046997, 0.02453623339533806, 0.002772464882582426, 8.441411046078429e-05, -0.016676869243383408, -0.007678092923015356, 0.0027562801260501146, 0.03889543190598488, 0.0035185865126550198, 0.03047931008040905, -0.017492586746811867, -0.0018564023775979877, 0.02677621692419052, 0.011627196334302425, 0.039257973432540894, -0.012248694896697998, -0.02281416580080986, 0.004567364696413279, -0.007943524979054928, -0.0032434440217912197, -0.014553417451679707, 0.0035477192141115665, 0.008047107607126236, -0.022645842283964157, -0.0003959219029638916, -0.006127584259957075, 0.011025120504200459, -0.01263065729290247, -0.00180461083073169, -0.013996658846735954, 0.00360598461702466, -0.009801545180380344, 0.0017026462592184544, -0.017751544713974, 0.005172678269445896, -0.017207732424139977, 0.01066905353218317, 0.010992750525474548, -0.015343238599598408, -0.015977684408426285, 0.02107914909720421, 0.033793967217206955, -0.01797165721654892, -0.023901786655187607, -0.02957295812666416, 0.012727766297757626, 0.009167099371552467, 0.016832243651151657, -0.026400728151202202, 0.005347474478185177, 0.027035174891352654, -0.025468479841947556, 0.01247528288513422, 0.024859929457306862, 0.02585691772401333, -0.03255097195506096, 0.010015184991061687, -0.012261643074452877, -0.01153008732944727, 0.023228498175740242, 0.0012381410924717784, 0.007703988812863827, 0.006189086940139532, -0.024432649835944176, 0.008170112036168575, 0.019188757985830307, 0.012093320488929749, 0.011814940720796585, -0.018088188022375107, -0.009529639966785908, 0.04715618118643761, 0.0044540707021951675, 0.002612234791740775, -0.006791163235902786, 0.014087294228374958, 0.016197798773646355, 0.014631104655563831, -0.028899669647216797, -0.024782242253422737, 0.009309525601565838, 0.01159482728689909, 0.026724424213171005, 0.0027595169376581907, 0.029624750837683678, -0.022891853004693985, -0.0010091253789141774, -0.01443688664585352, -0.0013579089427366853, 0.034104716032743454, 0.006516020745038986, 0.013174468651413918, 0.032317910343408585, 0.012449386529624462, 0.006195560563355684, -0.007166651543229818, -0.0005790130235254765, -0.018023449927568436, 0.0010544429533183575, -0.03993126377463341, -0.004382857587188482, -0.008047107607126236, 0.005101464688777924, -0.008817506954073906, 0.009154151193797588, 0.01066905353218317, -0.027604881674051285, -0.009892180562019348, 0.032188430428504944, -0.005010829772800207, -0.03490748628973961, 0.015757570043206215, 0.015511560253798962, 0.001985881244763732, 0.013284524902701378, 0.004648289177566767, -0.03920618072152138, 0.01173725351691246, 0.003958814311772585, -0.0013287762412801385, -0.026089979335665703, 0.00040340740815736353, -0.014877114444971085, -0.007652197498828173, -0.003949103411287069, -0.023837048560380936, -0.007574509829282761, -0.03433777764439583, 0.011950893327593803, 0.008150690235197544, -0.006030475255101919, -0.012656552717089653, 0.017777439206838608, -0.005790939554572105, 0.0015804506838321686, -0.020276380702853203, -0.036461230367422104, 0.0219984482973814, 0.01722068153321743, -0.03785960376262665, -0.020574182271957397, -0.0014153651427477598, 0.03534771502017975, 0.008170112036168575, 0.026569049805402756, 0.009814493358135223, 0.011678988113999367, 0.02453623339533806, -0.016392016783356667, -0.011905576102435589, -0.011329395696520805, -0.0009589524124749005, 0.02083314023911953, -0.0025361659936606884, 0.008021212182939053, -0.020470598712563515, -0.007101912517100573, 0.013090306892991066, 0.0009678540518507361, 0.004842507187277079, -0.0014631104422733188, 0.005273024085909128, 0.022166771814227104, -0.018450729548931122, 0.001430740812793374, 0.010196455754339695, -0.019939735531806946, 0.003560667159035802, 0.038196247071027756, -0.03273224085569382, 0.02708696573972702, 0.01766090840101242, -0.011944419704377651, 0.0001873396395239979, 0.020133953541517258, -0.029339896515011787, -0.027760256081819534, -0.012060950510203838, 0.0074579790234565735, 0.03506286069750786, 0.007173125632107258, -0.03829982876777649, 0.003470032010227442, 0.04516220837831497, -0.0012842678697779775, -0.0034376622643321753, -0.0172854196280241, -0.014294459484517574, 0.012637130916118622, 0.008066529408097267, -0.027164652943611145, -0.6256415843963623, -0.003861705306917429, 0.003440899308770895, -0.011853784322738647, 0.01876147836446762, 0.015058385208249092, 0.02407011017203331, -0.004104478284716606, -0.029469376429915428, -0.04329771175980568, 0.0020231062080711126, 0.0021461111027747393, -0.000949241453781724, -0.007833467796444893, -0.03138566017150879, -0.01170488353818655, -0.022775322198867798, 0.007056594826281071, 0.042624421417713165, 0.027009278535842896, 0.009057042188942432, 0.033327843993902206, -0.011329395696520805, 0.016793400049209595, 0.0151619678363204, 0.0008707449305802584, -0.004499388393014669, -0.019900891929864883, 0.006412437651306391, 0.02897735685110092, 0.008927563205361366, 0.004020316991955042, 0.0049849338829517365, 0.016702765598893166, 0.060129955410957336, -0.0213640034198761, 0.03034983202815056, 0.021130939945578575, 0.0007902253419160843, 0.031851787120103836, 0.009808019734919071, -0.0032434440217912197, 0.019654883071780205, -0.0014695844147354364, -0.0015432254876941442, -0.004198350012302399, 0.00996339414268732, -0.007192547433078289, -0.006855902727693319, 0.019344132393598557, 0.013660013675689697, -0.0019502744544297457, -0.03516644239425659, 0.006354172248393297, 0.023461559787392616, 0.004654762800782919, 0.02407011017203331, -0.04389331489801407, 0.0075227185152471066, -0.011950893327593803, -0.009562009945511818, 0.004865166265517473, 0.0017512007616460323, -0.014359199441969395, -0.01580936275422573, 0.03972409665584564, -0.030712371692061424, -0.018735582008957863, 0.029080938547849655, -0.008856350556015968, 0.003580088960006833, 0.023681672289967537, -0.017194785177707672, -0.0045641278848052025, 0.026193561032414436, -0.015925893560051918, 0.03192947432398796, 0.009167099371552467, -0.015071332454681396, -0.0046126823872327805, -0.015666935592889786, -0.0029051806777715683, -0.04127784073352814, 0.01448867842555046, 0.03343142569065094, -0.013239207677543163, -0.006134058348834515, 0.010209403932094574, -0.0051629673689603806, 0.008526179008185863, -0.0035218235570937395, -0.0014412609161809087, 0.013776544481515884, -0.013006146065890789, -0.00230957823805511, 0.02488582581281662, -0.011801992543041706, 0.010099346749484539, 0.0083254873752594, 0.010533100925385952, 0.0003305755672045052, -0.029676541686058044, 0.011944419704377651, 0.019680777564644814, 0.01332336850464344, 0.021066201850771904, -0.023824099451303482, 0.017557324841618538, 0.05023777484893799, -0.01812703162431717, 0.0003052867541555315, 0.005396028980612755, 0.018878009170293808, -0.015045437030494213, -0.0038099137600511312, -0.017764491960406303, 0.010934485122561455, 0.010112294927239418, 0.002566917333751917, -0.003923207521438599, -0.0024180165491998196, -0.00019280203559901565, 0.00812479481101036, -0.004787478595972061, 0.017039410769939423, -0.013452847488224506, 0.0016273866640403867, -0.000762306444812566, -0.007451504934579134, -0.0059560248628258705, -0.00180299230851233, -0.0219984482973814, 0.0038260987494140863, -0.001617675763554871, 0.016016528010368347, -0.010656105354428291, 0.020198693498969078, -0.005952788051217794, -0.007574509829282761, 4.541873568086885e-05, -0.012358752079308033, -0.01338810846209526, 0.012494704686105251, 0.007432083133608103, 0.009154151193797588, -0.02391473576426506, -0.00013575043703895062, 0.004366672597825527, -0.036875564604997635, 0.00828016921877861, -0.00194056355394423, -0.018619051203131676, -0.013517587445676327, 0.03337963670492172, -0.011070437729358673, 6.291860336204991e-05, -0.01766090840101242, -0.011756675317883492, -0.03138566017150879, -0.0019227602751925588, 0.003071884624660015, 0.03682377189397812, -0.0007254859083332121, 0.002222179900854826, -0.02208908461034298, -0.02052238956093788, 0.02620651014149189, 0.03441546484827995, -0.027190549299120903, -0.035399504005908966, 0.010571944527328014, -0.014410991221666336, 0.003939392510801554, -0.007639249321073294, 0.005195336882025003, 0.00776225421577692, -0.01700056716799736, 0.000613810436334461, 0.013530534692108631, 0.01589999720454216, 0.00657428614795208, -0.006855902727693319, 0.010623735375702381, -0.01605537161231041, 0.016663921996951103, -0.00021444926096592098, 0.01709120161831379, -0.006580760236829519, 0.014475730247795582, 0.018282407894730568, 0.03161872550845146, 0.029780125245451927, 8.972476643975824e-05, -0.0033567380160093307, -0.00956848356872797, -0.01740195043385029, 0.008001790381968021, -0.01042951736599207, -0.005765043664723635, 0.025908708572387695, 0.017427846789360046, -0.0140613978728652, 0.008403174579143524, -0.014398043043911457, 0.017919866368174553, -0.015641039237380028, 0.02897735685110092, 0.0008917852537706494, 0.020121006295084953, 0.008241325616836548, -0.001366001321002841, -0.025597959756851196, -0.0017463453114032745, 0.0016589472070336342, -0.018282407894730568, 0.03400113433599472, -0.0070242248475551605, 0.018139980733394623, -0.0018224141094833612, -0.010079924948513508, -0.016612131148576736, -0.008267221972346306, -0.003887600963935256, 0.009218891151249409, 0.017738595604896545, 0.023862943053245544, 0.023150809109210968, 0.010656105354428291, -0.010196455754339695, -0.008351382799446583, -0.013931918889284134, -0.010889166966080666, 0.01376359723508358, 0.036176376044750214, -0.02959885448217392, 0.03371628001332283, -0.004813374485820532, -0.0041918763890862465, 0.017130045220255852, -0.008590918965637684, -0.022762373089790344, 0.02193371020257473, 0.01841188594698906, 0.00813774298876524, 0.007697514723986387, 0.02460097335278988, 0.023228498175740242, 0.02633598819375038, 0.008552075363695621, 0.01280545350164175, 0.012151585891842842, -0.0006360646220855415, -0.039257973432540894, -0.026724424213171005, -0.022555207833647728, -0.004224245902150869, 0.009147677570581436, -0.012481756508350372, 0.02752719447016716, 0.030401622876524925, 0.03573615103960037, -0.006318565458059311, -0.0016589472070336342, 0.0012429965427145362, -0.0004782623436767608, -0.021610012277960777, 0.024031266570091248, 0.0030087637715041637, 0.005797413643449545, 0.009354843758046627, -0.03974999114871025, -0.008286643773317337, -0.007451504934579134, -0.008629762567579746, 0.015278498642146587, 0.011225812137126923, -0.013044989667832851, -2.1786325305583887e-05, 0.029650645330548286, 0.018010500818490982, -0.016236642375588417, -0.012611235491931438, 0.01421677228063345, 0.016884036362171173, 0.007341448217630386, -0.002453623339533806, -0.004667710978537798, -0.006172901950776577, -0.008662131614983082, -0.015511560253798962, -0.037756018340587616, -0.001778715057298541, -0.03389754891395569, -0.011277603916823864, 0.005464005284011364, 0.014812375418841839, 0.028329962864518166, 0.019680777564644814, -0.023862943053245544, 0.0024115426931530237, -0.0017592932563275099, -0.013103255070745945, -0.025753334164619446, -0.018152927979826927, -0.006855902727693319, 0.012281064875423908, -0.0348815880715847, -0.014307407662272453, -0.005454294383525848, -0.0073608700186014175, -0.010889166966080666, -0.0004556035273708403, -0.026569049805402756, 0.013109728693962097, 0.0028274934738874435, 0.009374265559017658, -0.005674408748745918, 0.01951245591044426, 0.01944771595299244, -0.0024374385830014944, -0.00449291430413723, -0.01693582721054554, 0.0012923602480441332, -0.005771517753601074, -0.005198574159294367, 0.028071004897356033, -0.007270234636962414, 0.01624958962202072, 0.02299543470144272, -0.004622393287718296, -0.021661803126335144, -0.015589247457683086, 0.04899477958679199, 0.008014737628400326, -0.01687108725309372, 0.007833467796444893, 0.02228330262005329, 0.015123124234378338, 0.007807571906596422, 0.024393806234002113, 0.0072961305268108845, -0.01841188594698906, -0.011620722711086273, 0.017168888822197914, 0.0076845670118927956, -0.015252603217959404, 0.020716609433293343, 0.03480390086770058, -0.010092873126268387, -0.03309478238224983, -0.005311867687851191, 0.009147677570581436, 0.03573615103960037, -0.03400113433599472, -0.008273695595562458, -0.011167546734213829, 0.0015885430620983243, 0.03824803978204727, 0.025869864970445633, 0.014359199441969395, 0.006823532748967409, 0.0008359475177712739, 0.01030651293694973, 0.0005697067244909704, 0.03537360951304436, -0.00953611359000206, 0.018088188022375107, -0.026012292131781578, 0.019836151972413063, -0.007846415042877197, 0.023396819829940796, 0.005706778261810541, -0.022114979103207588, -0.0036642500199377537, 0.004683895502239466, -0.011322921141982079, -0.009574957191944122, -0.021674752235412598, 0.036590710282325745, 0.007373817730695009, 0.036875564604997635, 0.01170488353818655, -0.016133058816194534, 0.016016528010368347, 0.002011776901781559, -0.024432649835944176, 0.01060431357473135, -0.012371699325740337, -0.023396819829940796, -0.020341120660305023, 0.004279274493455887, 0.017855126410722733, 0.002466571284458041, 0.011899102479219437, 0.009335421957075596, -0.004146558698266745, -0.032628659158945084, 0.002191428793594241, -0.0035056385677307844, 0.014993645250797272, 0.005933366250246763, -0.02208908461034298, 0.006062844768166542, 0.022322146221995354, -0.006830006837844849, -0.0012365225702524185, -0.00991160236299038, -0.023733465000987053, 0.031307972967624664, -0.002634893637150526, -0.001365192118100822, -0.03956872224807739, -0.022296249866485596, 0.022231509909033775, -0.010222351178526878, 0.0029310763347893953, 0.019370028749108315, 0.031411558389663696, -0.005311867687851191, -0.0032887617126107216, 0.0075809839181602, 0.03547719120979309, 0.0040656342171132565, -0.02127336710691452, 0.017142994329333305, -0.02384999580681324, -0.005039962474256754, -0.03920618072152138, 0.0013465795200318098, -0.02856302447617054, -0.016456756740808487, 0.0029051806777715683, -0.006907694041728973, -0.019564246758818626, 0.014164981432259083, -0.008921089582145214, 0.01332336850464344, 0.011251707561314106, -0.01494185347110033, 0.02195960469543934, -0.010384200140833855, 0.0256109070032835, 0.03371628001332283, -0.011918524280190468, 0.006791163235902786, -0.004411990288645029, 0.03397523984313011, 0.015446821227669716, -0.018088188022375107, 0.00813774298876524, 0.04200292378664017, -0.019538352265954018, -0.02649136260151863, 0.0008764096419326961, 0.010526626370847225, 0.0427280068397522, 0.007108386140316725, -0.030142664909362793, -0.030997226014733315, -0.003473268821835518, 0.005878337658941746, 0.017117097973823547, 0.01082442793995142, -0.013465795665979385, -0.0230990182608366, -0.007270234636962414, -0.018865061923861504, -0.007496822625398636, 0.02633598819375038, -0.028614815324544907, -0.012261643074452877, 0.004577075596898794, -0.0020036844071000814, 0.01391897164285183, -0.008170112036168575, -0.0014639197615906596, -0.012183954939246178, -0.004088293295353651, 0.006914168130606413, -0.0058912853710353374, 0.007367344107478857, -0.0036383543629199266, 0.014087294228374958, -0.0038649423513561487, 0.0223091971129179, 0.005684119649231434, -0.00046855141408741474, 0.007367344107478857, -0.01624958962202072, 0.0030896880198270082, -0.015848206356167793, 0.0001971517049241811, -0.020431755110621452, 0.01653444394469261, -0.004884588066488504, 0.000181776107638143, -0.00037528621032834053, -0.013556431047618389, 0.019331185147166252, 0.0043051703833043575, -0.01314857229590416, -0.02171359583735466, -0.020910827443003654, -0.04391920939087868, 0.00033421715488657355, 0.0010463505750522017, 0.005101464688777924, 0.0029229840729385614, -0.015278498642146587, 0.010526626370847225, 0.013491691090166569, 0.018748531118035316, 0.01643086038529873, -0.011057489551603794, 0.0175961684435606, -0.018282407894730568, 0.015861153602600098, 0.009316000156104565, -0.022231509909033775, -0.0003321940603200346, -0.020250484347343445, -0.02897735685110092, -0.023681672289967537, 0.003771070158109069, -0.01658623479306698, -0.012682449072599411, 0.007839941419661045, -0.004518810193985701, 0.0035671410150825977, 0.0161848496645689, 0.0046644737012684345, 0.003398818662390113, 0.0016362883616238832, -0.014812375418841839, -0.010397148318588734, -0.0284335445612669, -0.0032272592652589083, -0.025882812216877937, -0.006121110636740923, 0.03752295672893524, -0.005528744775801897, 0.023228498175740242, -0.0033567380160093307, -0.03138566017150879, -0.007826993241906166, -0.02589576132595539, 0.037626538425683975, -0.025157731026411057, 0.02331913262605667, 0.03034983202815056, -0.015938840806484222, -0.013957815244793892, 0.005522271152585745, 0.025947552174329758, -0.0006688389694318175, 0.01913696713745594, 0.025934604927897453, -0.012591813690960407, -0.004327828995883465, 0.005078806076198816, 0.007807571906596422, -0.03400113433599472, -0.05526155233383179, 0.04164038226008415, 0.0032191667705774307, -0.004308407194912434, -0.013996658846735954, -0.012779558077454567, -0.0281227957457304, 0.018139980733394623, -0.02416074462234974, -0.008202482014894485, 0.013621170073747635, -0.012559443712234497, -0.008228378370404243, 0.005389555357396603, -0.01819177158176899, 0.008189534768462181, -0.005765043664723635, -0.005528744775801897, -0.02677621692419052, -0.0030896880198270082, -0.01170488353818655, 0.027604881674051285, -0.01390602346509695, 0.018554313108325005, -0.03125618398189545, -0.004123900085687637, -0.009924550540745258, 0.005509322974830866, 0.012132164090871811, 0.005175915081053972, -0.009853336960077286, 0.024859929457306862, 0.012054476886987686, -0.008001790381968021, 0.022671738639473915, -0.028899669647216797, -0.009659118950366974, 0.005752095952630043, -0.0010762925958260894, -0.013439900241792202, 0.013996658846735954, -0.009167099371552467, 0.012578865513205528, 0.03993126377463341, 0.016417913138866425, 0.011853784322738647, -0.012883140705525875, -0.014812375418841839, -0.013711805455386639, -0.002265878953039646, 0.013634118251502514, 0.058938752859830856, 0.013802440837025642, -0.011115754954516888, 0.010727318935096264, 0.01942181959748268, -0.01867084391415119, 0.0022335094399750233, 0.019628986716270447, -0.0004090720904059708, -0.02957295812666416, 0.035865627229213715, -0.04135552793741226, -0.00972385797649622, -0.011161073110997677, -0.0016265774611383677, -0.0035218235570937395, -0.003304946469143033, 0.04741513729095459, -0.0005737529718317091, -0.04785536602139473, 0.021726543083786964, 0.000749763217754662, 0.013931918889284134, -0.0016079648630693555, -0.02114388905465603, 0.014682896435260773, 0.010144663974642754, -0.006499835755676031, -0.000993749825283885, -0.04034559428691864, 0.00739971362054348, -0.04832148924469948, 0.011886154301464558, 0.01094743236899376, -0.010364778339862823, 0.001041495124809444, 0.014605209231376648, 0.00207813479937613, -0.00776872830465436, -0.040578655898571014, -0.013096780516207218, -0.03705683350563049, 0.011814940720796585, -0.01230048667639494, -0.015071332454681396, -0.004444359801709652, -0.02299543470144272, -0.026828007772564888, 0.019628986716270447, -0.015420925803482533, -0.0024649526458233595, -2.2393258404918015e-05, 0.011381186544895172, 0.012352277524769306, 0.024523286148905754, -0.014475730247795582, -0.010837376117706299, 0.0070306989364326, 0.013750649057328701, -0.02353924699127674, -0.0016055371379479766, -0.01988794468343258, 0.047751784324645996, 0.018308302387595177, 0.015589247457683086, 0.002772464882582426, 6.094607670092955e-05, -0.009924550540745258, 0.0017447269055992365, 0.010546048171818256, 0.01753143034875393, 0.016288433223962784, -0.013439900241792202, -0.0019373266259208322, 0.009594378992915154, 0.010694948956370354, 0.019616039469838142, -0.024057161062955856, -0.00614376924932003, 0.0018612578278407454, -0.023746412247419357, -0.007347922306507826, -0.012190429493784904, -0.033664487302303314, 0.004907246679067612, 0.0006579141481779516, -0.017777439206838608, -0.01211274228990078, 0.017518481239676476, -0.0027643723879009485, -0.020224589854478836, -0.010170560330152512, 0.004764819983392954, -0.023202601820230484, -0.030815955251455307, -0.0007926530670374632, -0.004479966592043638, -0.0037289895117282867, -0.006350935436785221, 0.006464229431003332, -0.021610012277960777, -0.003622169606387615, 0.013983710668981075, 0.005661460570991039, -0.0024228719994425774, -0.006985381245613098, -0.03444136306643486, -0.009523166343569756, -0.022671738639473915, 0.01913696713745594, 0.023513350635766983, 0.022762373089790344, 0.024963513016700745, -0.011963841505348682, -0.004593260586261749, -0.03716041520237923, 0.013401055708527565, -0.0026268011424690485, 0.0044378861784935, 0.011122229509055614, -0.020561233162879944, 0.001500335638411343, 0.002079753205180168, 0.00960085354745388, -0.027604881674051285, -0.013375160284340382, -0.012222799472510815, 0.0018661132780835032, -0.05179152265191078, 0.01577051915228367, 0.022827113047242165, -0.00046045900671742857, 0.022710582241415977, -0.0017042647814378142, 0.00360922166146338, 0.004091530106961727, -0.033923447132110596, -0.011258182115852833, -0.03589152544736862, -0.007043647114187479, -0.006493362132459879, -0.008047107607126236, 0.028537128120660782, 0.00020079330715816468, 0.01259828731417656, -0.0001498110214015469, 0.010643157176673412, 0.1851028949022293, -0.02664673700928688, -0.00807300303131342, 0.028511231765151024, -0.012429964728653431, 0.028951460495591164, 0.04221009090542793, -0.002173625398427248, -0.009031146764755249, 0.00846791360527277, 0.010882693342864513, -0.016223693266510963, -0.02460097335278988, 0.012242221273481846, 0.0175961684435606, -0.02495056577026844, -0.029650645330548286, -0.03858468309044838, -0.0007177981315180659, -0.05034136027097702, 0.008299591019749641, -0.016599182039499283, 0.01596473716199398, -0.010371251963078976, 0.055002596229314804, -0.013880128040909767, 0.0037387004122138023, -6.251398735912517e-05, 0.03664250299334526, 0.009089412167668343, -0.024872878566384315, -0.005107938777655363, 0.0014906247379258275, -0.003489453811198473, -0.01230048667639494, 0.0011280840262770653, -0.009905128739774227, 0.0027449505869299173, 0.0014388331910595298, 0.01170488353818655, 0.020289327949285507, 0.005606431979686022, -0.01762206479907036, -0.00974327977746725, 0.0046126823872327805, 0.04122605174779892, 0.0033664489164948463, -0.020276380702853203, 0.013530534692108631, -0.013310421258211136, -0.03889543190598488, -0.0175961684435606, -0.005399266257882118, 0.006506309844553471, 0.017764491960406303, -0.011568930931389332, 0.012093320488929749, 0.026569049805402756, -0.011536560952663422, 0.012365225702524185, -0.008034159429371357, -0.004201587289571762, -0.03296530246734619, 0.010591366328299046, 0.0012899325229227543, 0.024108953773975372, -0.006626077927649021, -0.0031042543705552816, 0.006470703054219484, -0.00809242483228445, 0.000647394044790417, -0.00273685809224844, -0.012022106908261776, 0.010707897134125233, 0.010863271541893482, -0.008034159429371357, 0.019240550696849823, 0.023047227412462234, 0.011510665528476238, 0.025597959756851196, -0.006470703054219484, 0.022930696606636047, -0.033949341624975204, 0.0031592827290296555, -0.014915958046913147, -0.026504311710596085, 0.02475634776055813, -0.007322026416659355, -0.008927563205361366, -0.020030369982123375, -0.01627548597753048, -0.02796742133796215, -0.002777320332825184, 0.01176962349563837, 0.018813269212841988, 0.014695844613015652, 0.02825227566063404, 0.0306346844881773, 0.007334974128752947, -0.010817954316735268, -0.01266302727162838, 0.04314233735203743, 0.02552027255296707, 0.014760583639144897, -0.006043422967195511, 0.010727318935096264, 0.005852441769093275, 0.0014623012393712997, 0.001872587250545621, -0.023176705464720726, -0.008791610598564148, -0.022865956649184227, -0.00439904211089015, -0.009659118950366974, -0.009147677570581436, 0.015925893560051918, 0.011258182115852833, -0.0032531549222767353, -0.006334750447422266, -0.013044989667832851, 0.018217667937278748, -0.03638354316353798, -0.007814045995473862, 0.015861153602600098, -0.002701251534745097, -0.02633598819375038, -0.017078254371881485, 0.01026119478046894, -0.00541221396997571, -0.020535338670015335, 0.017026463523507118, -0.04448891803622246, 0.0093483692035079, -0.012734239920973778, -0.012183954939246178, 0.0012842678697779775, 0.0003158068866468966, 0.002453623339533806, -0.012022106908261776, 0.0019535114988684654, -0.008726871572434902, -0.013828336261212826, 0.021674752235412598, 0.004884588066488504, -0.009335421957075596, -0.018813269212841988, 0.005389555357396603, -0.01225516851991415, -0.028019212186336517, -0.0013214930659160018, -0.018735582008957863, 0.011420030146837234, 0.01479942724108696, -0.015136072412133217, 0.015356185846030712, -0.003903785953298211, -0.02693159133195877, -0.018373042345046997, -0.0047130286693573, -0.010733792558312416, -0.031592827290296555, -0.017829231917858124, 0.015563352033495903, 0.02054828591644764, 0.0013352502137422562, -0.0012349040480330586, -0.16013938188552856, 0.02338387258350849, -0.02239983342587948, -0.02662084251642227, 0.023992422968149185, -0.011368239298462868, 0.025507323443889618, -0.0077169365249574184, -0.022335093468427658, -0.010403621941804886, -0.0030799771193414927, -0.024924669414758682, -0.02001742273569107, -0.0005482617998495698, -0.004806900396943092, -0.010423043742775917, -0.014449834823608398, 0.02444559894502163, 0.037626538425683975, 0.018217667937278748, 0.040578655898571014, -0.04772588610649109, 0.019745517522096634, -0.010714370757341385, -0.014100241474807262, -0.016508547589182854, 0.015563352033495903, 0.007050120737403631, -0.010079924948513508, -0.026594946160912514, -0.014993645250797272, -0.015887049958109856, 0.02142874151468277, -0.000646584783680737, 0.010921536944806576, 0.011355291120707989, -0.014152033254504204, -0.011659566313028336, -0.02510594017803669, 0.0019146677805110812, -0.003167375223711133, 0.02897735685110092, -0.0012219562195241451, 0.008513231761753559, -0.014152033254504204, 0.03047931008040905, 0.01768680475652218, -0.01421677228063345, -0.016443807631731033, 0.007108386140316725, -0.012760136276483536, -0.01872263476252556, 0.014695844613015652, -0.005609669256955385, -0.011782570742070675, -0.0076845670118927956, 0.010869745165109634, 0.020587129518389702, 0.00559995835646987, 0.004408753477036953, -0.0029310763347893953, -0.029806019738316536, 0.01316799409687519, 0.017699752002954483, 0.024808138608932495, -0.011659566313028336, 0.008590918965637684, 0.0005636374116875231, -0.006901220418512821, 0.011666039936244488, -0.017647961154580116, -0.011316447518765926, 0.0012179099721834064, -0.012158059515058994, 0.036176376044750214, 0.011653092689812183, -0.026983382180333138, -0.008403174579143524, -0.026323040947318077, -0.004198350012302399, -0.03208484873175621, 0.005577299278229475, -0.04169217497110367, -0.037756018340587616, -0.02265879139304161, 0.02158411592245102, 0.014410991221666336, 0.007826993241906166, 0.011691936291754246, -0.0023726990912109613, -0.008247800171375275, -0.01973257027566433, 0.007147229742258787, -0.009095885790884495, -0.0008942129788920283, 0.03503696247935295, 0.0062279305420815945, 0.003796965815126896, 0.006315328646451235, -0.04096709191799164, 0.005156493280082941, 0.004013842903077602, -0.00629914365708828, 0.022555207833647728, 0.005719725973904133, -0.001943800481967628, -0.016663921996951103, 0.017078254371881485, 0.019085176289081573, -0.011368239298462868, 0.010183507576584816, 0.024471493437886238, 0.010319460183382034, 0.016456756740808487, -0.016884036362171173, 0.0005919609102420509, -0.023202601820230484, 0.0005385508993640542, -0.0018369805766269565, -0.011387661099433899, 0.0653608962893486, -0.013672961853444576, 0.007658671122044325, -0.003303328063338995, -0.010889166966080666, -0.012002685107290745, -0.12668205797672272, -0.017699752002954483, -0.006914168130606413, 0.014734688214957714, 0.009872758761048317, -0.008273695595562458, 2.887984192057047e-05, 0.01421677228063345, -0.003007145132869482, 0.007678092923015356, -0.03371628001332283, -0.016793400049209595, 0.00017621256120037287, -0.02111799269914627, 0.028148692101240158, -0.0006332322955131531, 0.025468479841947556, -0.027786150574684143, -0.02510594017803669, 0.034208301454782486, -0.011743727140128613, -0.012022106908261776, -0.005787702277302742, -0.019616039469838142, -0.04301285743713379, -0.0007538094068877399, 0.003722515655681491, 0.02347450703382492, 0.004123900085687637, 0.019124019891023636, -0.017919866368174553, -0.0028760479763150215, 0.02435496263206005, 0.004195113200694323, 0.017842179164290428, -0.0018677316838875413, 0.005140308290719986, -0.002999052871018648, 0.0278120469301939, -0.010578418150544167, 0.011251707561314106, 0.0048230853863060474, -2.0837995180045255e-05, 0.004214535001665354, 0.02306017465889454, -0.019978579133749008, -0.010325934737920761, -0.005302156787365675, -0.0016977908089756966, -0.011937946081161499, -0.015239655040204525, -0.0008650802774354815, -0.023422716185450554, -0.029262209311127663, 0.01612011156976223, -0.004738924093544483, 0.004518810193985701, 0.016508547589182854, -0.03234380483627319, -0.006901220418512821, -0.011905576102435589, 0.0028226380236446857, -0.02695748768746853, 0.011666039936244488, 0.018528416752815247, -0.012708344496786594, -0.03234380483627319, -0.01646970398724079, -0.005943077150732279, -0.015304394997656345, -0.016741609200835228, 0.011355291120707989, -0.008992303162813187, 0.016223693266510963, -0.010138190351426601, 0.028537128120660782, 0.011478295549750328, -0.0035056385677307844, -0.02576628141105175, -0.01746669039130211, -0.008746293373405933, -0.006648736540228128, 0.02237393707036972, -0.013161520473659039, 0.01737605594098568, 0.022956591099500656, 0.032913513481616974, -0.009024672210216522, 0.01170488353818655, -0.0041918763890862465, -0.005311867687851191, 0.00867507979273796, -0.007127807941287756, -0.0001761114108376205, 0.002521599642932415, 0.0057423850521445274, 0.016392016783356667, -0.004806900396943092, 0.03293940797448158, 0.05417393147945404, -0.02274942584335804, -0.04221009090542793, -0.027345923706889153, 0.001686461386270821, 0.011491243727505207, 0.006208508741110563, 0.016443807631731033, 0.007322026416659355, 0.007380291819572449, -0.002961827674880624, -0.008934037759900093, 0.01724657602608204, -0.025585010647773743, 0.013660013675689697, 0.011633670888841152, 0.0012915510451421142, -0.04060455411672592, -0.00810537301003933, 0.015407977625727654, -0.0034311881754547358, 0.02589576132595539, 0.021830126643180847, 0.007309078238904476, 0.034985173493623734, 0.0032450624275952578, 0.04578370600938797, -0.011316447518765926, -0.011193442158401012, -0.01612011156976223, 0.02369462139904499, 0.010189982131123543, 0.0008173349197022617, 0.004813374485820532, -0.024678660556674004, 0.009652644395828247, 0.014864166267216206, -0.01094743236899376, -0.005133834667503834, 0.0029780124314129353, 0.006681106053292751, 0.03325015679001808, 0.0879937931895256, -0.022581104189157486, -0.03387165442109108, 0.005124123767018318, -0.055157970637083054, -0.004622393287718296, -0.009328947402536869, -0.030712371692061424, -0.000329159403918311, 0.00342471431940794, -0.025779230520129204, 0.009316000156104565, 0.014346251264214516, 0.008565022610127926, -0.028148692101240158, -0.010390673764050007, -0.011245233938097954, -0.007367344107478857, -0.00415626959875226, 0.00578122865408659, -0.02574038691818714, 0.014333303086459637, -0.0016281959833577275, 0.004165980499237776, -0.01332336850464344, 0.003706330666318536, -0.012235746718943119, -0.015615143813192844, 0.010345356538891792, 0.01627548597753048, 0.0011936327209696174, -0.015498613007366657, 0.018424833193421364, 0.015226706862449646, -0.008254273794591427, 0.008934037759900093, 0.0002937550307251513, -0.010746740736067295, 0.00044467876432463527, 0.011996211484074593, 0.00944547913968563, 0.012999671511352062, 0.014825322665274143, -0.03736758232116699, 0.01280545350164175, 0.028796086087822914, 0.01640496402978897, 0.0032790505792945623, 0.0024811376351863146, -0.016547391191124916, -0.02378525584936142, 0.008454965427517891, -0.014087294228374958, -0.0024228719994425774, 0.013595274649560452, 0.001499526435509324, 0.004133610986173153, -0.019188757985830307, 0.00015213759616017342, 0.008286643773317337, 0.013867179863154888, 0.003987947013229132, 0.008921089582145214, -0.014540469273924828, -0.020535338670015335, 0.004868403077125549, 0.008668606169521809, -0.015136072412133217, -0.025585010647773743, 0.012060950510203838, 0.021817177534103394, 0.006182612851262093, -0.004518810193985701, 0.01368590909987688, 0.008454965427517891, -0.009775649756193161, 0.00021829316392540932, -0.01024177297949791, -0.02010805904865265, -0.007276708725839853, 0.019797308370471, 0.01605537161231041, 0.004625630099326372, 0.024108953773975372, 0.0186967384070158, 0.009820966981351376, -0.006159954238682985, 0.03754885122179985, -0.02765667252242565, -0.005923655349761248, 0.007289656437933445, 0.007334974128752947, -0.011950893327593803, -0.04239135980606079, 0.002452004933729768, -0.020159849897027016, -0.04917604848742485, 0.027294130995869637, -0.007412661332637072, 0.004816611297428608, 0.1200527474284172, 0.01614600606262684, -0.00688179861754179, 0.016094215214252472, -0.013200364075601101, -0.0006295907078310847, -0.014475730247795582, -0.0011531705968081951, -0.012494704686105251, 0.018088188022375107, 0.04120015352964401, -0.023798204958438873, 0.04314233735203743, -0.024834034964442253, -0.020211640745401382, 0.011135176755487919, -0.02010805904865265, 0.007438557222485542, 0.005719725973904133, -0.004703317303210497, 0.05225764587521553, -0.016016528010368347, 0.026698529720306396, -0.007703988812863827, -0.027449505403637886, 0.0037872549146413803, 0.029236312955617905, -0.00920594297349453, -0.019188757985830307, -0.033664487302303314, -0.005172678269445896, 0.0038066767156124115, -0.013349264860153198, -0.015641039237380028, -0.004632104188203812, -0.021506428718566895, -0.02228330262005329, 0.0003447373164817691, -0.02239983342587948, -0.00041271367808803916, -0.007050120737403631, 0.018813269212841988, -0.005347474478185177, -0.01567988283932209, -0.0020732793491333723, -0.02321554906666279, 0.0016314329113811255, -0.008183060213923454, -0.010500730946660042]"
"Lamentablemente aún persiste una terminología obsoleta al referirnos a las demencias; sobre todo el término ""demencia senil"" carece de toda base científica, pues presupone que sus síntomas son parte del envejecimiento cognitivo normal. Si bien las demencias son significativamente más frecuentes en personas de edad avanzada, éstas no son sólo una consecuencia inevitable del envejecimiento, pues afectan también a personas más jóvenes. No existe una ""demencia senil"", sino demencias con causas por enfermedades específicas, independientes de la edad del enfermo. Es preferible usar el término demencias de inicio temprano y demencias de inicio tardío para referirnos a aquellas que aparecen antes y después de los 65 años de edad, respectivamente. En ese sentido, el término ""achaques de la ateroesclerosis"" genera también la percepción equivocada de síntomas cognitivos relacionados al envejecimiento a consecuencia del depósito de colesterol en los vasos sanguíneos cerebrales, por lo que no requiere una evaluación especializada. Debemos recordar que __ Si bien es cierto la demencia más frecuente (en el 60% de los casos) es la enfermedad de Alzheimer, caracterizada en sus estadios iniciales por problemas de memoria de hechos recientes y en la denominación; existen otros tipos de demencia cuyos síntomas cognitivos no empiezan con problemas de memoria. Así tenemos que la demencia vascular, se caracteriza por problemas disejecutivos (lentitud para planificar, tomar decisiones, realizar más de una tarea a la vez); la demencia frontotemporal en su variante conductual, empieza con problemas de conducta, como apatía o desinhibición, pérdida de la empatía, falta de adaptación a las normas sociales, y luego problemas disejecutivos; la demencia asociada a la enfermedad de Parkinson, empieza primero con los sintomas motores de rigidez, temblor de extremidades y lentitud de la marcha, y luego se agrega síntomas cognitivos caracterizados por problemas visuo-constructivos y visuo-espaciales a la par que aparecen los síntomas conductuales como alucinaciones visuales. La mayoría de familiares y cuidadores llevan a los pacientes a consulta cuando aparecen los síntomas conductuales que alteran su tranquilidad, debido a agitación psiquica nocturna, alucinaciones visuales, conductas paranoides o por falsas identificaciones; pero suelen no tomar atención a los síntomas cognitivos de memoria y orientación que aparecieron varios años atrás, pues consideraron que aquellos síntomas eran propios del envejecimiento, de tal manera que les cuesta aceptar que la enfermedad empezó con dichos problemas cognitivos y que las manifestaciones conductuales motivo de consulta son expresiones clínicas de estadios moderados o avanzados de algún tipo de demencia. Los errores frecuentes que asumimos ante la evidencia de cambios en el perfil cognitivo, conductual y funcional de una persona de la tercera edad es: su prueba cognitiva breve es normal; asumir que empezó con cambios en conducta, asumir que solo empieza con problemas de memoria, asumir que es demencia senil, asumir que achaques de la ateroesclerosis. Otro problema derivado de la evaluación inicial de pacientes que consultan por problemas cognitivos se origina con el uso de pruebas cognitivas breves (son las pruebas realizadas por los profesionales de salud no especialistas en neuropsicología) no validadas a nuestra realidad, habitualmente desarrolladas en países de altos ingresos y que incluyen funciones cognitivas que se alteran recién en estadios moderados de las demencias; por lo que una proporción importante de personas de alta educación (más allá de la educación superior técnica o con más de 12 años de educación regular) pueden obtener puntajes normales y asumir erróneamente que el paciente no tiene problemas cognitivos. En el otro extremo, personas cognitivamente sanas con baja educación e iletrados pueden obtener bajos puntajes en las pruebas cognitivas breves debido a la falta de adaptación de la prueba y asumir equivocadamente que tienen problemas cognitivos.","[-0.006179878022521734, 0.00296205747872591, 0.04491201415657997, -0.03442572429776192, -0.020665666088461876, 0.01553761400282383, -0.0003772506897803396, 0.016522301360964775, -0.024821817874908447, -0.008900558575987816, -0.003280162811279297, 0.031919244676828384, -0.010946664027869701, 0.01736631989479065, -0.014744747430086136, 0.013075892813503742, 0.03138214349746704, 0.007481073495000601, 0.04074307531118393, -0.014565713703632355, -0.03452803194522858, 0.011061757802963257, 0.0045781610533595085, 0.0064324443228542805, -0.009699818678200245, 0.00873431283980608, 0.014207645319402218, -0.022647829726338387, -0.019092721864581108, -0.010901905596256256, 0.015614342875778675, 0.013734483160078526, 0.0005011360044591129, -0.026420338079333305, 0.004996973089873791, -0.013517084531486034, -0.017967363819479942, -0.012462061829864979, 0.007154975086450577, -0.013350838795304298, 0.00439912686124444, 0.010447925888001919, -0.007545013912022114, -0.0235174261033535, 0.000541498651728034, 0.027929339557886124, -0.02728993259370327, -0.015422520227730274, -0.03258423134684563, 0.02172708325088024, 0.016292115673422813, 0.02133064903318882, -0.036088187247514725, 0.0017903422703966498, 0.004216895438730717, -0.023849917575716972, -0.027954917401075363, 0.0295406486839056, 0.010626960545778275, -0.016675759106874466, -0.005962479393929243, -0.009290597401559353, -0.005489317234605551, 0.009955582208931446, -0.005019352771341801, 0.01350429654121399, 0.014054187573492527, -0.016266539692878723, 0.0012676262995228171, 0.014233221299946308, 0.020051833242177963, 0.014066975563764572, -0.003024399746209383, 0.002348225796595216, 0.03560223430395126, 0.008325091563165188, -0.002974845701828599, -0.004693254362791777, 0.0010422349441796541, 0.0013099870411679149, 0.00874070730060339, -0.04286590963602066, -0.02918257936835289, 0.01584452949464321, 0.01549924910068512, 0.03097292222082615, 0.00771765410900116, 0.007468285039067268, -0.0001984162809094414, -0.0043927328661084175, -0.02133064903318882, 0.00774962455034256, 0.030180055648088455, 0.011867412365972996, -0.011036181822419167, 0.014629654586315155, 0.03286556899547577, -0.001966179581359029, -0.01970655284821987, -0.0058345976285636425, -0.022673407569527626, 0.008990076370537281, -0.04419587925076485, -0.0021116447169333696, -0.010620566084980965, 0.00874070730060339, 0.0040858169086277485, 0.021739870309829712, 0.003233805764466524, -0.03864581882953644, -0.012621913105249405, 0.01933569647371769, -0.008075722493231297, -0.014348315075039864, 0.01378563605248928, -0.00288213137537241, 0.02356857806444168, 0.011259973980486393, 0.0022922775242477655, -0.01731516793370247, -0.0013571433955803514, -0.014565713703632355, 0.016714124009013176, -0.02144574373960495, 0.006422853097319603, -0.008273939602077007, -0.011924958787858486, 0.0067201778292655945, -0.022315338253974915, 0.0005730693810619414, -0.025870446115732193, 0.003836447838693857, 0.0026071860920637846, -0.009476026520133018, -0.00886219460517168, 0.006995123345404863, -0.028824511915445328, 0.005323071498423815, -0.013107863254845142, -0.05217568948864937, 0.004057043697685003, 0.01970655284821987, -0.028440866619348526, -0.011969717219471931, 0.015550401993095875, 0.03544877842068672, 0.001588129554875195, 0.02170150727033615, 0.00875988882035017, 0.01774996519088745, 0.015153968706727028, -0.010032311081886292, -0.003804477397352457, -0.028440866619348526, -0.008625613525509834, 0.012001687660813332, 0.010601384565234184, 0.009680637158453465, -0.03127983957529068, 0.003686186857521534, 0.012852100655436516, -0.009079593233764172, -0.005006564315408468, -0.0023578167892992496, -0.0025784126482903957, 0.02153526060283184, -0.0095591489225626, -0.002303467132151127, 0.008497731760144234, -0.013964669778943062, -0.013210169039666653, 0.039540987461805344, -0.004057043697685003, 0.01936127431690693, 0.016151444986462593, -0.024540478363633156, 0.01556318998336792, 0.018005728721618652, -0.041714977473020554, -0.03749488294124603, -0.020384326577186584, 0.015294638462364674, 0.01978328265249729, 0.010652536526322365, -0.038083139806985855, 0.022072363644838333, 0.0435308963060379, 0.012935223057866096, 0.007046275772154331, -0.001473835320211947, -0.010690901428461075, 0.020422691479325294, 0.02511594444513321, -0.02700859308242798, -0.6322466135025024, -0.019987892359495163, -0.01162443682551384, -0.01922060362994671, 0.00978933647274971, 0.020959792658686638, 0.01734074391424656, 0.010479896329343319, -0.03332594409584999, -0.026727253571152687, -0.013811212033033371, -0.004491840954869986, -0.00972539559006691, -0.015396944247186184, -0.03468148782849312, -0.0051536280661821365, -0.02713647484779358, 0.003230608766898513, 0.03235404193401337, 0.01762208342552185, 0.006560325622558594, 0.02892681583762169, -0.008574460633099079, 0.014795900322496891, 0.0033504976890981197, 0.00183829793240875, -0.0023769992403686047, -0.0291570033878088, 0.00877267774194479, 0.03263538330793381, -0.008305909112095833, -0.00043679558439180255, -0.0008719926117919385, 0.016010776162147522, 0.05035977065563202, -0.01979607157409191, 0.016049139201641083, 0.01759650744497776, -0.01579337753355503, 0.016496725380420685, 0.00978933647274971, 0.00015056059055496007, 0.005604411009699106, -0.00778159499168396, 0.003516743890941143, 0.018606772646307945, 0.005591622553765774, 2.2354302927851677e-05, -0.0038012803997844458, 0.004571767058223486, 0.020934216678142548, -0.0036446254234761, -0.017084980383515358, 0.0013019944308325648, -0.00393875315785408, 0.010844359174370766, 0.03846678510308266, -0.03532089665532112, 0.00079206662485376, -0.012852100655436516, -0.008938923478126526, 0.024259138852357864, -0.0023833932355046272, -0.012557972222566605, -0.026369184255599976, 0.03749488294124603, -0.034221116453409195, -0.006109543144702911, 0.033965352922677994, -0.018773017451167107, -0.0012612321879714727, 0.020294809713959694, -0.019067145884037018, -0.0035998669918626547, 0.02542286179959774, -0.0071102166548371315, 0.030001021921634674, 0.007429920602589846, -0.011439008638262749, -0.015371367335319519, 0.012161539867520332, 0.0008887770818546414, -0.015038875862956047, 0.008785465732216835, 0.01565270684659481, -0.021944481879472733, -0.022698983550071716, 0.0070270937867462635, -0.024003375321626663, 0.003369679907336831, 0.0022395264822989702, -0.0034528030082583427, 0.000980691984295845, -0.028696630150079727, 0.0032354043796658516, 0.005121657624840736, 0.0036094579845666885, 0.019501943141222, 0.0021931694354861975, -0.0021116447169333696, -0.004408718086779118, -0.014066975563764572, 0.026471490040421486, 0.01947636716067791, 0.03667644038796425, 0.03534647449851036, -0.024885758757591248, 0.014041398651897907, 0.0702325701713562, -0.01915666274726391, -0.004542993847280741, -0.004722028039395809, 0.006278986111283302, -0.02318493276834488, -0.01369611918926239, -0.011905776336789131, 0.0031730621121823788, 0.01785227097570896, 0.009507996961474419, -0.01731516793370247, -0.007365979719907045, -0.0030595671851187944, -0.006624266505241394, -0.010032311081886292, 0.0047476040199398994, -0.009993946179747581, -0.007532225921750069, 0.008427397347986698, -0.008408214896917343, -0.008868588134646416, 0.00785193033516407, -0.01934848539531231, 0.004853106569498777, 0.0020828715059906244, 0.025614682585000992, -0.009015652351081371, 0.012564366683363914, 6.818686233600602e-05, -0.0072125219739973545, -0.019041569903492928, -0.010300862602889538, -0.014041398651897907, 0.014923782087862492, 0.0038396448362618685, 0.007724048104137182, -0.02734108455479145, -0.01455292571336031, 0.005096081644296646, -0.03867139294743538, 0.004817938897758722, -0.007551408372819424, -0.018773017451167107, -0.00885580014437437, 0.036011457443237305, -0.004725224804133177, 0.011144881136715412, -0.010467108339071274, -0.0020333174616098404, -0.025959962978959084, 0.005300692282617092, -0.005722701549530029, 0.02506479248404503, -0.0030883403960615396, 0.01780111715197563, -0.023939434438943863, -0.01149655506014824, 0.014322738163173199, 0.02133064903318882, -0.024233562871813774, -0.02951507270336151, -0.0041849249973893166, 0.0014458613004535437, -0.003993102815002203, -0.008497731760144234, 0.014105339534580708, 0.015550401993095875, -0.03263538330793381, 0.009750971570611, 0.006298168562352657, 0.006202257238328457, 0.00877267774194479, -0.005901735741645098, 0.015192333608865738, -0.004610131494700909, 0.02353021316230297, 0.009233050979673862, 0.006442035548388958, -0.005745080765336752, -0.008152451366186142, 0.012538790702819824, 0.0317402109503746, 0.026803981512784958, 0.002605587476864457, -0.010997816920280457, -0.008516914211213589, -0.0020700832828879356, -0.0066178725101053715, -0.009296991862356663, 5.614801193587482e-05, 0.016586242243647575, 0.020307596772909164, -0.0035838817711919546, 0.028671054169535637, -0.007391556166112423, 0.02152247168123722, -0.015128392726182938, 0.032175008207559586, 0.0006929583614692092, 0.018069669604301453, 0.018785806372761726, -0.003865221282467246, -0.02130507305264473, -0.013274109922349453, -0.011291944421827793, -0.015281850472092628, 0.03360728174448013, 0.020652877166867256, 0.0036414284259080887, 0.015217909589409828, -0.008312303572893143, -0.01933569647371769, 0.007359585724771023, -0.003230608766898513, -0.008216392248868942, 0.004156151786446571, 0.037801798433065414, 0.018593983724713326, 0.020767970010638237, 0.0020093396306037903, -0.02905469760298729, -0.011023393832147121, -0.013325261883437634, 0.005882553290575743, 0.04818578436970711, -0.022929169237613678, 0.0392596498131752, 0.018619559705257416, -0.0035519113298505545, 0.02553795464336872, -0.005006564315408468, -0.0076025607995688915, 0.013555449433624744, 0.009175504557788372, -0.0036542166490107775, -0.005371027160435915, 0.015524826012551785, 0.025896022096276283, 0.026394760236144066, 0.005211174953728914, 0.018811382353305817, 0.0065986900590360165, 0.001501809456385672, -0.03255865350365639, -0.014207645319402218, -0.012436484917998314, -0.020128563046455383, 0.008529702201485634, -0.010089857503771782, 0.016100293025374413, 0.026241302490234375, 0.043965693563222885, -0.011765106581151485, 0.002380196237936616, -0.007525831926614046, 0.009680637158453465, -0.018504466861486435, 0.016049139201641083, -0.007097428664565086, 0.013235745020210743, 0.0008072525379247963, -0.040026940405368805, -0.004667678382247686, -0.013670542277395725, -0.011797077022492886, 0.007928659208118916, 0.005422179587185383, -0.011253580451011658, -0.006880029570311308, 0.037878528237342834, 0.01960424892604351, -0.011010604910552502, -0.018645135685801506, 0.022698983550071716, 0.016765277832746506, 0.0023785976227372885, -0.011995293200016022, 0.01269864197820425, -0.019949529320001602, -0.013133440166711807, 0.007327615283429623, -0.023760400712490082, 0.000911156355869025, -0.032379619777202606, 0.004124181345105171, -0.004264851100742817, 0.01372169516980648, 0.022238608449697495, 0.022762924432754517, -0.018683500587940216, 0.0026743237394839525, 0.00431920075789094, -0.01172034814953804, -0.010288074612617493, -0.004974593874067068, -0.015128392726182938, 0.024872969835996628, -0.019885588437318802, 0.006521961186081171, -0.013210169039666653, -0.005348647478967905, -0.011854623444378376, -0.024284714832901955, -0.009514390490949154, 0.004312806762754917, 0.0156782828271389, 0.02695743925869465, 0.009987552650272846, -0.0009199482155963778, 0.018530042842030525, -0.003526334883645177, 0.011080940254032612, -0.022941958159208298, -0.00676493626087904, -0.01057580765336752, -0.011611648835241795, 0.018069669604301453, -0.01566549576818943, 0.011055364273488522, 0.032098278403282166, -0.0048595005646348, -0.018926475197076797, -0.025691412389278412, 0.03514186292886734, 0.01727680303156376, -0.018785806372761726, 0.0013891138369217515, 0.043812233954668045, 0.009731789119541645, 0.020704030990600586, 0.03248192369937897, -0.002987633692100644, -0.03125426173210144, -0.005339056719094515, -0.0009862867882475257, -0.0023050657473504543, -0.010524654760956764, 0.01979607157409191, 0.03516743704676628, 0.0004403922357596457, -0.017008252441883087, 0.008305909112095833, 0.011221610009670258, 0.028773358091711998, -0.005150431301444769, -0.016854794695973396, -0.002794212894514203, -0.009444056078791618, 0.028261832892894745, 0.026215726509690285, 0.022366490215063095, 0.0012340573593974113, -0.011164063587784767, 0.024233562871813774, -0.006912000011652708, 0.024105681106448174, -0.00771765410900116, 0.022404855117201805, -0.005169613286852837, 0.00784553587436676, -0.012820130214095116, 0.02175265923142433, 0.008369849994778633, -0.01072926539927721, -0.025013640522956848, 0.02145853079855442, -0.019923953339457512, -0.018555618822574615, -0.024540478363633156, 0.01588289439678192, 0.016407208517193794, 0.04135690629482269, -0.0023945828434079885, -0.016023563221096992, 0.021010946482419968, 0.0013307678746059537, -0.022161880508065224, -0.009507996961474419, -0.005418982356786728, -0.02138180285692215, -0.006969546899199486, -0.0013315670657902956, 0.03276326507329941, -0.002118038944900036, -0.009763759560883045, -0.0001462645741412416, 0.005032140761613846, -0.034067656844854355, 0.0044758557341992855, 0.003221017774194479, 0.011835441924631596, 0.000603441265411675, -0.029745258390903473, 0.005585228558629751, 0.026983017101883888, 0.004638904705643654, 0.004654889926314354, -0.006362109445035458, -0.03301902860403061, 0.02708532102406025, -0.0010414357529953122, -0.011100122705101967, -0.03526974469423294, -0.011400643736124039, 0.01257715467363596, 0.0008807844715192914, -0.010268892161548138, 0.0020956597290933132, 0.030103327706456184, 0.0011869010049849749, -0.010978634469211102, 0.030691582709550858, 0.010933876037597656, -0.003324921475723386, -0.02347906120121479, 0.0033760741353034973, -0.02700859308242798, -0.00043559668119996786, -0.03729027137160301, -0.004817938897758722, -0.02693186327815056, -0.011464584618806839, -0.008964499458670616, -0.006943970452994108, -0.007468285039067268, 0.002979641081765294, -0.026394760236144066, 0.02507758140563965, -0.005163219291716814, -0.026318032294511795, 0.009501602500677109, 0.018184762448072433, 0.03319806233048439, 0.038338903337717056, -0.005818612407892942, 0.0028949195984750986, -0.022059574723243713, 0.041689399629831314, 0.005677942652255297, -0.015153968706727028, 0.010927482508122921, 0.02308262698352337, -0.017967363819479942, -0.039643295109272, -0.013964669778943062, 0.0004284033493604511, 0.04286590963602066, 0.0007397151202894747, -0.037673916667699814, -0.03905503824353218, 0.001686438568867743, 0.00110777432564646, 0.008101299405097961, 0.0035966697614639997, 0.0032433969900012016, -0.007832747884094715, -0.00579623319208622, -0.03255865350365639, -0.016816429793834686, 0.02759684808552265, -0.03130541369318962, -0.01789063587784767, 0.014003034681081772, 0.009578331373631954, 0.009117958135902882, -0.012890464626252651, 0.011867412365972996, -0.0195658840239048, -0.007660107687115669, 0.014936570078134537, -0.0032897540368139744, 0.014182068407535553, -0.008325091563165188, 0.019041569903492928, 0.016547879204154015, 0.011739530600607395, -0.012973587960004807, 0.01254518423229456, 0.007858323864638805, -0.011144881136715412, 0.005738686770200729, -0.0292848851531744, 0.014041398651897907, -0.01721286214888096, 0.02179102413356304, -0.000160051800776273, 0.0062246364541351795, 0.01565270684659481, -0.02951507270336151, 0.01721286214888096, 0.020780758932232857, -0.003280162811279297, -0.026369184255599976, -0.016419997438788414, -0.06629382073879242, -0.01933569647371769, 0.01598520018160343, 0.0002867345174308866, 0.009463237598538399, -0.016368843615055084, -0.002404174068942666, 0.00686084758490324, 0.01553761400282383, -0.007423526607453823, -0.012097598984837532, 0.03133099153637886, -0.005770656745880842, 0.008197209797799587, 0.020115774124860764, -0.0098788533359766, -0.011157669126987457, -0.009149927645921707, -0.02713647484779358, -0.012922435067594051, -0.0026951045729219913, -0.029770834371447563, -0.010441532358527184, 0.008082116954028606, -0.012820130214095116, 0.006899212021380663, 0.01566549576818943, -0.01914387382566929, -0.010454320348799229, -0.01741747371852398, -0.008874982595443726, -0.016061928123235703, -0.02708532102406025, -0.018773017451167107, -0.016471149399876595, -0.0076025607995688915, 0.02321050874888897, -0.010505473241209984, 0.024770664051175117, -0.03491167351603508, -0.020499419420957565, -0.020550571382045746, -0.012455667369067669, 0.024578843265771866, -0.031868092715740204, 0.01737910881638527, 0.030359091237187386, -0.02570420131087303, -0.0348605215549469, 0.01598520018160343, 0.04452837258577347, 0.0015169953694567084, 0.02162477746605873, 0.014987722970545292, -0.016202598810195923, 0.002081272890791297, 0.006662630941718817, 0.022660618647933006, -0.026241302490234375, -0.04734176769852638, 0.04411914944648743, 0.00287413876503706, -0.0065155671909451485, -0.011221610009670258, -0.00215960037894547, -0.006886424031108618, 0.0068033006973564625, -0.018798595294356346, -0.013939093798398972, -0.0006326142465695739, -0.03268653526902199, -0.007864718325436115, 0.028236256912350655, -0.025806505233049393, 0.008715130388736725, -0.011841835454106331, -0.014169280417263508, -0.018235916271805763, 0.003440014785155654, 0.00078407401451841, 0.019962316378951073, 0.004808348137885332, 0.024054527282714844, -0.04649774730205536, -0.014425043947994709, -4.985383930034004e-05, 0.018926475197076797, -0.007481073495000601, 0.018082456663250923, -0.009866065345704556, 0.02744339033961296, 0.0015993191627785563, -0.014386679045855999, 0.02512873336672783, -0.005390209145843983, -0.0032162221614271402, 0.003443212015554309, 0.0033185274805873632, -0.014182068407535553, -0.00771765410900116, -0.01776275411248207, 0.007097428664565086, 0.02700859308242798, 0.004210501443594694, 0.001477831625379622, -0.02344069629907608, -0.01269864197820425, -0.025755353271961212, -0.0015777391381561756, 0.007161369081586599, 0.05851861834526062, 0.015230697579681873, -0.004466264508664608, 0.006937576457858086, 0.02121555618941784, 0.006438838317990303, -0.005281509831547737, 0.009022046811878681, 0.0038268566131591797, -0.01760929636657238, 0.03555108234286308, -0.04135690629482269, -0.013082287274301052, -0.013248533010482788, 0.009648666717112064, -0.010064281523227692, -0.0038012803997844458, 0.028236256912350655, -0.012308603152632713, -0.03143329545855522, 0.006138316355645657, 0.0070910342037677765, 0.016905946657061577, 0.006061587482690811, -0.020473843440413475, 0.028517596423625946, -0.0005934505024924874, 0.0012916041305288672, -0.013951881788671017, -0.07304596900939941, 0.024898545816540718, -0.025972751900553703, 0.010166586376726627, 0.0027670380659401417, -0.018657924607396126, -0.001908632810227573, 0.024156833067536354, -0.01251321379095316, 0.0048499093391001225, -0.02731550857424736, -0.016292115673422813, -0.02330002561211586, 0.022430431097745895, -0.0019549899734556675, -0.007992600090801716, -0.013069499284029007, -0.03713681548833847, -0.009098775684833527, 0.008254757151007652, -0.017021039500832558, 0.004651693161576986, -0.009034834802150726, 0.02121555618941784, -0.016061928123235703, 0.03345382586121559, 0.0031538798939436674, -0.012212691828608513, -0.0022794895339757204, 0.004443885292857885, -0.01592125929892063, 0.009111563675105572, -0.006333335768431425, 0.037750646471977234, 0.0436587780714035, 0.02309541590511799, -0.01178428903222084, -0.0023865902330726385, -0.022276973351836205, 0.024067316204309464, 0.011042575351893902, 0.028287408873438835, 0.020883064717054367, 0.006135119590908289, -0.003730945521965623, 0.005972070619463921, 0.017046617344021797, 0.01571664772927761, -0.035857997834682465, -0.012410908937454224, -0.004757195245474577, -0.025857659056782722, -0.0056491694413125515, -0.002867744769901037, -0.022494371980428696, -0.005623592995107174, 0.01273700688034296, -0.01563991978764534, -0.0145145608112216, 0.01735353283584118, 0.013951881788671017, -0.020461054518818855, 0.002060492290183902, 0.0005307086394168437, -0.01923339255154133, -0.0254612248390913, 0.018696289509534836, 0.0006509972154162824, -0.006269395351409912, -0.012359756045043468, -0.0035998669918626547, -0.02172708325088024, -0.007180551532655954, 0.00221554865129292, -0.005278312601149082, -0.0043735504150390625, -0.002560828812420368, -0.020358750596642494, -0.019067145884037018, -0.03250750154256821, 0.014373891055583954, 0.02512873336672783, 0.009412085637450218, 0.015972411260008812, 0.007794382981956005, 0.004654889926314354, -0.01934848539531231, 0.003003618912771344, -0.008600037544965744, 0.009578331373631954, 0.004408718086779118, -0.01280094776302576, 0.005003367550671101, -0.013517084531486034, -0.00031171139562502503, -0.0426357239484787, -0.011790682561695576, -0.015064451843500137, -0.00966145470738411, -0.03097292222082615, 0.024591630324721336, 0.025755353271961212, 0.00018602775526233017, 0.03102407418191433, 0.006314153783023357, 0.007692078128457069, 0.009450449608266354, -0.03739257901906967, -0.00040242739487439394, -0.01933569647371769, 0.01470638345927, -0.008753495290875435, -0.00787750631570816, 0.007608954794704914, -0.007858323864638805, 0.0071102166548371315, -0.001785546774044633, 0.016151444986462593, 0.17013368010520935, -0.02549958974123001, -0.004009088035672903, 0.018862534314393997, 0.001251641078852117, 0.022200245410203934, 0.0346047580242157, 0.005207977723330259, -0.01560155488550663, 0.03452803194522858, -0.003849236061796546, -0.018044093623757362, -0.03112637996673584, 0.015550401993095875, 0.026778405532240868, -0.021880540996789932, -0.029975445941090584, -0.02335117943584919, 0.007800777442753315, -0.03493725135922432, 0.0013563442043960094, -0.018555618822574615, -0.0021004551090300083, -0.010134615935385227, 0.03278883919119835, -0.01598520018160343, 0.010633355006575584, -0.010109039954841137, 0.03084504045546055, 0.01772438921034336, -0.02542286179959774, -0.008414609357714653, -0.0042712450958788395, 0.0049713971093297005, -0.023926645517349243, 0.0021388197783380747, -0.008504126220941544, -0.004146560560911894, 0.005869765300303698, 0.02541007287800312, 0.018120821565389633, 0.0051760077476501465, -0.007800777442753315, -0.004504628945142031, 0.0008647993090562522, 0.041740551590919495, 0.005569243337959051, -0.008120480924844742, -0.0037085663061589003, -0.003081946400925517, -0.03665086627006531, -0.016266539692878723, -0.008548884652554989, 0.010121827945113182, 0.01732795685529709, 0.01163083128631115, -0.001086993608623743, 0.019079934805631638, -0.010844359174370766, 0.007455497048795223, -0.015512037090957165, -0.008133269846439362, -0.01939963735640049, 0.022110728546977043, 0.00312031083740294, 0.021816600114107132, -0.008235574699938297, -0.032072704285383224, 0.0070910342037677765, -0.005818612407892942, -0.005144037306308746, -0.014399467967450619, -0.023785976693034172, 0.01266667153686285, 0.0069056060165166855, -0.018670713528990746, 0.03488609939813614, 0.02754569612443447, -0.000988684594631195, 0.024169621989130974, -0.00431920075789094, 0.02746896632015705, -0.027980493381619453, -0.005006564315408468, -0.013581025414168835, -0.03915734589099884, 0.016471149399876595, 0.002893320983275771, 0.010914694517850876, -0.010377591475844383, -0.016816429793834686, -0.016100293025374413, -0.001932610641233623, 0.0028949195984750986, 0.022481584921479225, 0.018389374017715454, 0.02538449689745903, 0.01269864197820425, 0.01785227097570896, -0.01745583675801754, -0.016573455184698105, 0.0583140067756176, 0.024578843265771866, 0.024105681106448174, 0.00797341763973236, 0.010876329615712166, -0.012557972222566605, 0.001735992613248527, 0.004894668236374855, -0.001226864056661725, -0.018005728721618652, -0.0046804663725197315, 0.008427397347986698, -0.02182938903570175, -0.01470638345927, 0.020780758932232857, -0.010550231672823429, -0.013107863254845142, 0.005473332013934851, -0.016304902732372284, 0.020243655890226364, -0.034093234688043594, -0.0194380022585392, 0.0055468641221523285, 0.006937576457858086, -0.008312303572893143, -0.018274279311299324, 0.005725898314267397, -0.01276258286088705, -0.014859841205179691, 0.006403670646250248, -0.040001362562179565, 0.013159016147255898, -0.0019485957454890013, -0.010486290790140629, -0.011119304224848747, 0.010786812752485275, 0.011541313491761684, -0.017084980383515358, 0.01261551957577467, -0.011323914863169193, -0.016356056556105614, 0.020371537655591965, -0.0037405367475003004, 0.008849406614899635, -0.00977654755115509, 0.008094904944300652, -0.007762413006275892, -0.021036522462964058, 0.00886219460517168, -0.030307937413454056, 0.004015482030808926, 0.01954030804336071, -0.0039035857189446688, 0.003730945521965623, -0.0040826196782290936, -0.010192163288593292, -0.020729606971144676, -0.024732301011681557, 0.018210338428616524, -0.04296821728348732, -0.0011045773280784488, 0.02124113216996193, 0.005671548657119274, 0.009993946179747581, 0.0033473006915301085, -0.1575501263141632, 0.008133269846439362, -0.030614852905273438, -0.039617717266082764, 0.004044255241751671, -0.005498908460140228, 0.022328127175569534, -0.009866065345704556, -0.014246009290218353, -0.016637396067380905, 0.014540137723088264, -0.02330002561211586, -0.00682887714356184, 0.002704695798456669, -0.007250886410474777, -0.024220773950219154, -0.0020940611138939857, 0.028364136815071106, 0.034118808805942535, 0.01744304969906807, 0.028236256912350655, -0.05432410165667534, 0.022059574723243713, -0.012212691828608513, -0.006077572703361511, -0.011132093146443367, 0.00883661862462759, 0.010447925888001919, -0.010045099072158337, -0.02333839051425457, -0.017072193324565887, -0.02312099188566208, 0.02566583640873432, -0.0098149124532938, -0.005904932506382465, 0.018900899216532707, -0.016240961849689484, -0.014373891055583954, -0.02923373319208622, 0.005840991623699665, -0.0030212027486413717, 0.03470706567168236, 0.008932529017329216, 0.006605084519833326, 0.00861282553523779, 0.028185103088617325, 0.010518261231482029, -0.02149689570069313, 8.147456537699327e-05, -0.002803803887218237, 0.0005862571997568011, -0.002963655861094594, 0.02163756638765335, 0.008376244455575943, -0.007033487781882286, 0.0002773432061076164, 0.005492514465004206, 0.012628307566046715, 0.012257451191544533, -0.0011309528490528464, 0.0010678112739697099, -0.009201080538332462, 0.003264177590608597, 0.030538124963641167, 0.016854794695973396, -0.0044950381852686405, 0.012391726486384869, -0.0031874487176537514, -0.005901735741645098, 0.013491508550941944, -0.0052399481646716595, -0.02700859308242798, 0.0008072525379247963, -0.020959792658686638, 0.03708566352725029, 0.013517084531486034, -0.010198556818068027, -0.0070910342037677765, -0.02135622687637806, -0.011170457117259502, -0.03314691036939621, 0.002987633692100644, -0.04654889926314354, -0.026113420724868774, -0.024629995226860046, -0.005914523731917143, 0.018568407744169235, 0.0014210841618478298, 0.012852100655436516, -0.016125869005918503, -0.004258457105606794, -0.032021552324295044, 0.014194857329130173, -0.01257715467363596, -0.02148410864174366, 0.029796412214636803, -0.02133064903318882, -0.013011951930820942, -0.0009311378817074001, -0.029975445941090584, 0.003862024052068591, -0.01074205432087183, -0.014591289684176445, 0.018555618822574615, 0.015550401993095875, 0.000689361710101366, -0.022276973351836205, 0.010096251964569092, 0.01970655284821987, -0.007372373715043068, 0.018376585096120834, 0.02108767442405224, 0.002992429304867983, -0.0012708232970908284, -0.013274109922349453, 0.0005331063875928521, -0.014386679045855999, 0.003340906696394086, -0.004814742133021355, -0.006988729350268841, 0.0634804219007492, -0.010364803485572338, 0.01168198324739933, 0.032072704285383224, 0.01971934176981449, -0.0032242147717624903, -0.11366116255521774, 0.003702172078192234, 0.0070910342037677765, 0.022698983550071716, 0.01172674261033535, 0.016100293025374413, 0.0010190564207732677, 0.034144386649131775, -0.011381462216377258, 0.00036226457450538874, -0.03153559938073158, -0.023990586400032043, 0.006167090032249689, -0.016407208517193794, 0.02322329767048359, -0.016100293025374413, 0.016471149399876595, -0.01581895351409912, -0.0386202409863472, 0.03506513312458992, -0.013951881788671017, -0.005223962944000959, 0.003456000005826354, -0.012820130214095116, -0.03908061608672142, -0.002023726236075163, -0.006912000011652708, 0.010371197015047073, 0.014744747430086136, 0.005895341280847788, -0.021867752075195312, -0.0015241887886077166, 0.007001517340540886, 0.011950534768402576, 0.028517596423625946, 0.0012204699451103806, 0.00793505273759365, -0.019028780981898308, 0.04056404158473015, -0.008126875385642052, 0.006630660500377417, 0.007532225921750069, -0.0005602812161669135, 0.007864718325436115, 0.011905776336789131, -0.014987722970545292, -0.014105339534580708, -0.013350838795304298, -0.014003034681081772, -0.015959622338414192, -0.0158701054751873, -0.012807341292500496, 0.0032066309358924627, -0.036343950778245926, 0.020013470202684402, 1.0515263966226485e-05, 0.005000170320272446, -0.014834265224635601, -0.030793888494372368, -0.01968097686767578, -0.011483767069876194, 0.0056523666717112064, -0.024885758757591248, 0.007142187096178532, 0.024796241894364357, -0.02340233139693737, -0.03345382586121559, -0.01583174057304859, -0.01067811343818903, -0.0034751822240650654, 0.0061606960371136665, 0.005700321868062019, 0.00037125626113265753, 0.005182401742786169, -0.022481584921479225, 0.03496282920241356, 0.0029780426993966103, -0.012928829528391361, -0.007864718325436115, -0.0018958445871248841, 0.0011972914217039943, 0.0037245515268296003, -0.0002211951941717416, -0.007794382981956005, 0.02519267424941063, 0.028568748384714127, 0.025832081213593483, -0.01369611918926239, 0.025959962978959084, -0.020371537655591965, 0.018389374017715454, 0.0026791193522512913, -0.004389535635709763, 0.007148581091314554, 0.0001779352460289374, 0.027622424066066742, 0.018619559705257416, -0.013517084531486034, 0.0393875315785408, 0.046088527888059616, -0.007033487781882286, -0.0233895443379879, -0.02502642758190632, 0.0145145608112216, -0.009866065345704556, 0.007033487781882286, 0.014399467967450619, 0.0040858169086277485, 0.014399467967450619, -0.0030883403960615396, -0.010818783193826675, 0.018248703330755234, -0.024438172578811646, 0.0075833783484995365, -0.0016240963013842702, 0.006848059594631195, -0.02746896632015705, 0.001477831625379622, 0.026343608275055885, 0.016611818224191666, 0.02523103915154934, 0.02355578914284706, 0.015051663853228092, 0.016880370676517487, -0.009175504557788372, 0.04442606493830681, -0.03330036625266075, 0.002165994606912136, 0.00220755604095757, 0.0037980834022164345, 0.014003034681081772, 0.01562713086605072, -0.007775200996547937, -0.030384667217731476, 0.02144574373960495, 0.022980323061347008, -0.007046275772154331, -0.004092210903763771, 0.016522301360964775, 0.005617198999971151, 0.035730116069316864, 0.084759920835495, -0.02543564885854721, -0.03299345076084137, 0.004955411888659, -0.04537238925695419, -0.036395102739334106, -0.007135793101042509, -0.013708907179534435, 0.0058537800796329975, 0.012123174965381622, -0.014143704436719418, 0.031944822520017624, 0.004175334237515926, 0.010658930987119675, -0.016918735578656197, -0.009252233430743217, -0.011080940254032612, -0.00120688253082335, -0.0003155078738927841, 0.01777554117143154, -0.03271211311221123, 0.01920781470835209, 0.00880464818328619, 0.0003288954612798989, 0.01069729495793581, -0.014348315075039864, -0.025013640522956848, -0.020473843440413475, 0.009328962303698063, -0.004706042818725109, -0.014028610661625862, -0.003689384087920189, 0.02359415404498577, 0.014501772820949554, 0.007449103053659201, 0.020793547853827477, -0.00295406486839056, -0.010447925888001919, -0.017903422936797142, 0.003440014785155654, 0.010505473241209984, 0.015205121599137783, 0.02121555618941784, -0.0346047580242157, 0.0193740613758564, 0.024016164243221283, 0.032200586050748825, -0.0003266975108999759, 0.0007269269553944468, -0.003356891917064786, -0.015448096208274364, 0.009942794218659401, -0.006585902068763971, -0.014629654586315155, 0.02703416906297207, -0.005035337992012501, -0.016982676461338997, -0.016483938321471214, 0.0158061645925045, 0.010307256132364273, 0.02131786197423935, 0.008900558575987816, 0.006547537632286549, -0.01156049594283104, -0.009156322106719017, -0.015038875862956047, 0.005243145395070314, -0.02555074170231819, -0.010531049221754074, 0.004693254362791777, 0.005770656745880842, 0.006605084519833326, 0.0064324443228542805, 0.0009479222935624421, 0.007596166804432869, -0.022136304527521133, 0.006662630941718817, -0.010889117605984211, -0.004862697795033455, -0.02126671001315117, 0.014463407918810844, 0.016547879204154015, 0.0013931101420894265, 0.018171975389122963, 0.03286556899547577, 0.0008140463032759726, 0.014437831938266754, 0.028747782111167908, -0.03943868353962898, 0.0020924624986946583, -0.0008232377585954964, 0.0016288917977362871, -0.02159920148551464, -0.022852441295981407, 0.008037358522415161, -0.020985370501875877, -0.026420338079333305, 0.030435819178819656, -0.009399297647178173, 0.002102053724229336, 0.11008047312498093, 0.025729777291417122, -0.004833924118429422, 0.010556625202298164, -0.007327615283429623, -0.006694601383060217, -0.0004879482148680836, -0.0012668269919231534, -0.009699818678200245, 0.004322397988289595, 0.03286556899547577, -0.02516709826886654, 0.020435478538274765, -0.02516709826886654, -0.03166348114609718, 0.016714124009013176, -0.005786641966551542, 0.032302889972925186, -0.009079593233764172, -0.01266667153686285, 0.04621640965342522, -0.0013723293086513877, 0.019770493730902672, -0.00038524330011568964, -0.016010776162147522, 0.0008751896675676107, 0.02757127210497856, -0.005594819784164429, -0.012430091388523579, -0.018171975389122963, -0.001153332181274891, 0.0015090027591213584, -0.02549958974123001, -0.010435137897729874, 0.003468788228929043, -0.010422349907457829, -0.009373720735311508, -0.010441532358527184, -0.011068152263760567, -0.004980988334864378, 0.0017120148986577988, 0.023837128654122353, -0.02369645982980728, -0.018747441470623016, 0.006231030914932489, -0.01743026077747345, -0.00636850344017148, -0.018824171274900436, -0.004491840954869986]"
"La demencia es un síndrome clínico, y no una enfermedad específica. Múltiples enfermedades cerebrales, algunas de ellas reversibles, pueden causar demencia y se puede clasificar desde diferentes puntos, pero se prefiere usar los siguientes tres criterios:
Clasificación basada en la sintomatología clínica. Se diferencian por el predominio de determinados trastornos cognitivos y/o del comportamiento y/o asociación con otros trastornos neurológicos, como trastornos motores (es decir, trastornos neurocognitivos). Por ejemplo, en la demencia tipo Alzheimer predominan los trastornos de la memoria episódica y en la demencia frontotemporal, variante conductual predominan los trastornos de la conducta y de las funciones ejecutivas. 
Clasificación basada en la etiopatogenia, que significa basada en el origen. Se plantean tres etiologías principales: a) demencias secundarias, generalmente a una enfermedad médica sistémica, como una infección (sífilis, tuberculosis, virus de inmunodeficiencia humana) o un trastorno metabólico (deficiencia de vitamina B12, hipotiroidismo, cirrosis del higado, insuficiencia renal, entre otros); b) demencias vasculares, por lesiones cerebrovasculares en el cerebro, como infartos o hemorragias; y) demencias neurodegenerativas, por muerte acelerada de poblaciones neuronales. Sin embargo, es frecuente la coexistencia de varias patologías, particularmente con lesiones vasculares, que se conocen como demencias mixtas.
Clasificación basada en el perfil evolutivo. a) demencia de instalación
aguda; b) demencia rápidamente progresiva; b) demencia de instalación
crónica.
De tal manera, que es mejor pensar en demencia como un síndrome clínico que puede ser causado por diferentes enfermedades cerebrales, por lo que el proceso diagnóstico debe dividirse en dos grandes etapas i) etapa 1: establecer la existencia de un trastorno demencial; y ii) etapa 2: establecer el tipo de demencia; por lo que al completar el diagnóstico, se recomienda precisar los términos, de tal manera que es pertinente decir demencia de tipo Alzheimer o demencia asociada a la enfermedad de Alzheimer, demencia de tipo frontotemporal, o demencia no especificada si el caso no completa todos los criterios. Otro de los avances más significativos en el estudio de las demencias es la identificación de diferentes tipos de enfermedades neurodegenerativas causantes de demencias y un mayor conocimiento de su curso temporal. Hoy sabemos que el diagnóstico clínico de una demencia causada por una enfermedad neurodegenerativa es precedido por distintos estados preclínicos y clínicos, que anteceden el diagnóstico de demencia por muchos años, incluso décadas. Por ende, la demencia, cuando es causada por una enfermedad neurodegenerativa, representa un estadía tardío de la enfermedad. Además, se ha descrito el síndrome de deterioro cognitivo leve, trastorno cognitivo menor o trastorno conductual leve para referirse a los individuos que presentan un deterioro cognitivo leve o un trastorno conductual adquirido, pero se preserva la independencia para las actividades de la vida diaria.","[-0.017909282818436623, 0.010216747410595417, 0.041573766618967056, -0.03172934055328369, -0.03430403769016266, 0.02814496122300625, -0.0005289012333378196, 0.013567637652158737, -0.01245698519051075, -0.002216573338955641, -0.0075410823337733746, 0.0358690470457077, -0.006758576724678278, 0.0332186259329319, -0.01010946836322546, 0.015713218599557877, 0.02933133952319622, 0.0030763831455260515, 0.04876777157187462, -0.008544457145035267, -0.02516639046370983, 0.005976071115583181, -0.0007588411681354046, -0.019095661118626595, -0.013315216638147831, 0.024712033569812775, 0.01117594726383686, -0.02368972636759281, -0.004161794204264879, 0.006752266548573971, 0.018931588158011436, -0.0031615751795470715, -0.005524868611246347, -0.021670358255505562, 0.009459483437240124, 0.003821025602519512, -0.00759787717834115, 0.006212715990841389, -0.006083350162953138, -0.009749767370522022, 0.007604187820106745, 0.0138705438002944, -0.007900782860815525, -0.018956830725073814, 0.0025952050928026438, 0.016685038805007935, -0.024396507069468498, -0.0060202451422810555, -0.018174324184656143, 0.012242427095770836, 0.019903410226106644, 0.029659487307071686, -0.031805068254470825, 0.002853936981409788, 0.0036948148626834154, -0.024282917380332947, -0.0021140272729098797, 0.009623557329177856, 0.02116551622748375, -0.015889912843704224, -0.00870221946388483, -0.005029492080211639, -0.004638239275664091, -0.002522634109482169, -0.00518725486472249, 0.006436740048229694, 0.020534463226795197, -0.016255922615528107, 0.005878258030861616, 0.015233618207275867, 0.0337991937994957, 0.017997629940509796, -0.00783136673271656, 0.0005131249199621379, 0.040639810264110565, -0.011983695439994335, 0.016975324600934982, -0.016533587127923965, -0.00016594720364082605, 0.005849860608577728, 0.005259826313704252, -0.03816607967019081, -0.020976198837161064, 0.01273464784026146, 0.026958581060171127, 0.01533458661288023, 0.0048875049687922, 0.015725839883089066, -0.012027869001030922, 0.007944956421852112, -0.01914614625275135, 0.005524868611246347, 0.01480450201779604, 0.0035812254063785076, -0.004985318053513765, 0.026327528059482574, 0.035818565636873245, 0.0006484068580903113, -0.01433752290904522, -0.018149081617593765, -0.025254737585783005, 0.022604316473007202, -0.054018132388591766, -0.0011374729219824076, -0.020395630970597267, 0.005105218384414911, 0.00613383436575532, 0.02021893672645092, 0.010330336168408394, -0.03700494393706322, -0.018262671306729317, 0.027261486276984215, -0.003821025602519512, -0.03508654236793518, 0.018439367413520813, 0.015473417937755585, 0.026832370087504387, 0.020307283848524094, 0.008329899050295353, -0.020824747160077095, -0.0018426745664328337, -0.010683726519346237, 0.01472877524793148, -0.031401194632053375, -0.005332397297024727, -0.025519780814647675, -0.02023155614733696, 0.0051430813036859035, -0.01566273346543312, 0.004559357650578022, -0.022869357839226723, 0.009465794079005718, 0.004237520508468151, -0.014615185558795929, -0.00890415720641613, 0.011352642439305782, -0.018022872507572174, 0.0151957543566823, -0.013630743138492107, -0.04530959948897362, 0.0022402380127459764, 0.011737584136426449, -0.026075107976794243, -0.015725839883089066, 0.008014372549951077, 0.038115598261356354, 0.012816685251891613, 0.01474139653146267, 0.0027450802735984325, 0.02557026408612728, 0.017656860873103142, -0.004168104380369186, 0.0014017262728884816, -0.02410622127354145, 0.0006476180860772729, 0.014829743653535843, 0.021455800160765648, 0.009421620517969131, -0.0295837614685297, -0.021392693743109703, 0.01915876753628254, -0.017719965428113937, -0.016823871061205864, 0.003817870281636715, 0.002331740688532591, 0.016937460750341415, -0.008986193686723709, -0.015826808288693428, 0.003751609707251191, -0.017492787912487984, -0.024560580030083656, 0.04783381149172783, -0.014880227856338024, 0.024484854191541672, 0.020837368443608284, -0.036373890936374664, 0.016142334789037704, 0.03349629044532776, -0.03619719669222832, -0.028599318116903305, -0.017618997022509575, 0.009314341470599174, 0.023348959162831306, -0.0021850208286195993, -0.038368016481399536, 0.008639114908874035, 0.03975633531808853, 0.006178008392453194, 0.006247424054890871, -0.001705420552752912, -0.016558829694986343, 0.021607251837849617, 0.027084792032837868, -0.008285724557936192, -0.6280238628387451, -0.026605190709233284, -0.01566273346543312, -0.01875489391386509, 0.010077915154397488, 0.031805068254470825, 0.023008190095424652, 0.001748016569763422, -0.023222748190164566, -0.04124562069773674, -0.006771198008209467, 0.00797650869935751, -0.010065293870866299, -0.014766638167202473, -0.020446114242076874, -0.016962703317403793, -0.03268854320049286, 0.0008448220905847847, 0.0249139703810215, 0.015019060112535954, -0.010563826188445091, 0.011422057636082172, -0.021746084094047546, 0.008613872341811657, -0.006433584727346897, 0.0022323497105389833, -0.006370479241013527, -0.022213062271475792, 0.013933648355305195, 0.014059859327971935, -0.012886100448668003, -0.004439457319676876, 0.0033540462609380484, 0.005303999874740839, 0.045082420110702515, -0.027211003005504608, 0.02827117219567299, 0.031401194632053375, -0.005098907742649317, 0.01848985068500042, 0.00877794623374939, -0.00897357240319252, 0.0015878869453445077, -0.009257546626031399, -0.00252894451841712, 0.006758576724678278, -0.0041523282416164875, -0.006190629210323095, 0.005029492080211639, 0.010879352688789368, 0.014817122370004654, 0.003855733433738351, -0.03223418444395065, 0.004530960228294134, 0.012646300718188286, 0.00864542555063963, 0.031123530119657516, -0.04086698964238167, -0.0007773783290758729, -0.02398001216351986, -0.01036820001900196, 0.010563826188445091, -0.01860344037413597, -0.020925715565681458, -0.011276915669441223, 0.03029054030776024, -0.037560269236564636, -0.006676540244370699, 0.013138522394001484, -0.0052976892329752445, -0.001897891634143889, 0.00499162869527936, -0.017896661534905434, -0.001953108818270266, 0.01862868294119835, 0.007875540293753147, 0.02852359227836132, 0.011807000264525414, -0.011497784405946732, -0.020181072875857353, -0.0038525781128555536, -0.009749767370522022, -0.022339273244142532, 0.004370041657239199, 0.016508344560861588, -0.03387492150068283, -0.0003111879632342607, 0.020584946498274803, -0.019916029646992683, 0.026807129383087158, 0.013832679949700832, -0.0015799987595528364, 0.004433146677911282, -0.02196064218878746, -0.001243174308910966, 0.02476251684129238, -0.008399314247071743, -0.0004882772045675665, -0.0008124806336127222, 0.009535210207104683, -0.007023619022220373, -0.008620182983577251, 0.014602565206587315, 0.015587007626891136, 0.017656860873103142, 0.030744899064302444, -0.02570909634232521, 0.012564264237880707, 0.0680527463555336, -0.007793503813445568, 0.008033303543925285, -0.0005415222840383649, 0.011750205419957638, -0.013226869516074657, 0.0032593884970992804, -0.016154954209923744, -0.001836364041082561, 0.014892849139869213, 0.007004687562584877, -0.018780134618282318, -0.00499162869527936, -0.005569042172282934, 0.012223495170474052, -0.002860247390344739, 0.008733772672712803, -0.0075537036173045635, 0.0022039522882550955, -0.0050168707966804504, -0.006752266548573971, -0.009730836376547813, -0.012911343015730381, -0.009125025011599064, 0.007484287954866886, 0.0038020939100533724, 0.012280290015041828, -0.016369512304663658, -0.0014246020000427961, -0.00015953807451296598, -0.02463630586862564, -0.017568513751029968, 0.003742143977433443, -0.026176076382398605, 0.013984132558107376, 0.01769472472369671, 0.0006444628234021366, -0.018161702901124954, -0.020117968320846558, -0.0023112313356250525, -0.03496033325791359, -0.0044615441001951694, 0.0026251801755279303, -0.016117092221975327, -0.007093035150319338, 0.04086698964238167, 0.01238125842064619, 0.007667293306440115, -0.0034834120888262987, 0.0016675574006512761, -0.01769472472369671, 6.379550904966891e-05, 0.004026117734611034, 0.028624560683965683, 0.002331740688532591, 0.01779569312930107, -0.03271378576755524, -0.01645786128938198, 0.0032373014837503433, 0.031047804281115532, -0.025494538247585297, -0.03051771968603134, 0.002248126082122326, 0.0020998285617679358, -0.011661858297884464, -0.0001827095402404666, 0.025254737585783005, 0.007717777509242296, -0.007585256360471249, -0.0019594193436205387, 0.014173449017107487, 0.010740520432591438, -0.0018947364296764135, -0.008279414847493172, 0.005916121415793896, -0.016243303194642067, 0.024169327691197395, 0.0023522498086094856, 0.010393441654741764, -0.007181382272392511, 0.01031771581619978, 0.02332371659576893, 0.03745930269360542, 0.025279980152845383, 0.013756954111158848, 0.007029929663985968, -0.006269510835409164, 0.01244436390697956, 0.00780612463131547, -0.006884787697345018, -0.017997629940509796, 0.002659888006746769, 0.02597413957118988, -0.003524430561810732, 0.005815152544528246, 0.004265917930752039, 0.029533276334404945, -0.02466154843568802, 0.025216875597834587, 0.00264411186799407, 0.026352770626544952, 0.026807129383087158, -0.0012936585117131472, -0.01836363971233368, -0.005742581561207771, -0.018010251224040985, -0.01554914377629757, 0.048818252980709076, 0.002760856645181775, 0.013050174340605736, 0.0015776323853060603, -0.02864980325102806, -0.005266136489808559, 0.014602565206587315, 0.002214995678514242, -0.005502781365066767, 0.0061022816225886345, 0.02236451581120491, 0.019373325631022453, 0.014754017814993858, 0.008090098388493061, -0.03311765938997269, -0.0037642307579517365, -0.003603312186896801, 0.01373171154409647, 0.026453739032149315, -0.017518028616905212, 0.034354522824287415, -0.003518120152875781, -0.003748454386368394, 0.02437126450240612, -0.0031521094497293234, -0.017593756318092346, 0.003407685784623027, 0.015460796654224396, -0.014514217153191566, 0.008014372549951077, 0.005102063063532114, 0.016369512304663658, 0.0254314336925745, 0.010607999749481678, 0.023525653406977654, -0.007515840232372284, -0.009743457660079002, -0.026554707437753677, -0.01794714480638504, -0.012210873886942863, -0.024169327691197395, 0.005165168084204197, -0.017177261412143707, 0.018578197807073593, 0.01607922837138176, 0.03735833242535591, -0.008487662300467491, 0.003612777916714549, 0.007301282603293657, -0.002691440749913454, -0.01833839900791645, 0.015990881249308586, -0.016419997438788414, 0.016584070399403572, -0.008393003605306149, -0.029962392523884773, 0.003956702072173357, -0.012198253534734249, -0.005811997689306736, 0.014880227856338024, 0.01106235757470131, -0.012627368792891502, -0.006518776994198561, 0.029634244740009308, 0.0187422726303339, -0.013504533097147942, -0.018515093252062798, 0.01566273346543312, 0.026983823627233505, 4.9227059207623824e-05, -0.0011201190063729882, -0.0014088256284594536, -0.0053103105165064335, -0.016306407749652863, 0.005061044357717037, -0.020458735525608063, -0.004931678529828787, -0.0457892008125782, 0.012040490284562111, -0.002939129015430808, 0.00649353489279747, 0.02037038840353489, 0.027009066194295883, -0.03526323661208153, 0.001686488976702094, 0.009674041531980038, 0.001240807818248868, -0.005890879314392805, -0.0045530470088124275, 0.00368219381198287, 0.013542396016418934, -0.035313721746206284, 0.018704408779740334, 0.0002591260999906808, -0.010923526249825954, 0.00636732392013073, -0.015536523424088955, -0.015309344045817852, 0.006275821477174759, 0.013719091191887856, 0.014148206450045109, 0.015877291560173035, 0.021935399621725082, 0.030618688091635704, -0.01533458661288023, 0.012671543285250664, -0.00011161748989252374, -0.0020493443589657545, -0.009528899565339088, -0.01996651478111744, 0.03172934055328369, -0.014110343530774117, 0.012072042562067509, 0.016798628494143486, 0.005316621158272028, -0.004751828499138355, -0.013996753841638565, 0.04142231494188309, 0.01793452352285385, -0.028977951034903526, 0.008822119794785976, 0.03445548936724663, 0.032461363822221756, 0.0010964544489979744, 0.027084792032837868, -0.010292473249137402, -0.016028745099902153, 0.006809060927480459, 0.008594941347837448, 0.020723778754472733, -0.015902534127235413, 0.018666544929146767, 0.025343086570501328, -0.0023206970654428005, -0.015296722762286663, 0.003070072503760457, 0.002248126082122326, 0.03331959620118141, -0.009251235984265804, -0.008613872341811657, 0.002536832820624113, -0.011756516061723232, 0.03947867080569267, 0.0285488348454237, 0.004628773313015699, -0.000506025564391166, 0.0036601070314645767, 0.0033855990041047335, -0.004878039006143808, 0.021746084094047546, -0.024699412286281586, 0.020723778754472733, -0.005408123601227999, 0.009592004120349884, -0.0067964401096105576, 0.012557953596115112, -0.007919713854789734, -0.0022213063202798367, -0.011882727034389973, 0.01231815293431282, -0.005619526375085115, -0.018944209441542625, -0.028346898034214973, 0.030744899064302444, 0.004344799555838108, 0.040791261941194534, -0.020420873537659645, -0.029255613684654236, 0.011396816000342369, -0.004209123086184263, -0.021733462810516357, -0.0047676051035523415, -0.006979445461183786, -0.0073075927793979645, 0.0017401285003870726, -0.002281256252899766, 0.03660107031464577, -0.005837239790707827, -0.021758705377578735, 0.014918091706931591, 0.004433146677911282, -0.023752832785248756, -0.0075410823337733746, -0.009314341470599174, 0.01345404889434576, 0.0069037191569805145, -0.034480731934309006, 0.014754017814993858, 0.02529260143637657, -0.0031442211475223303, 0.002150312764570117, -0.008184756152331829, -0.028977951034903526, 0.014476354233920574, -0.006080194842070341, -0.004960075952112675, -0.03801462799310684, -0.00558797363191843, 0.01024198904633522, -0.008525525219738483, -0.01633165031671524, 0.018388882279396057, 0.03157788887619972, 0.00027687445981428027, -0.005124149844050407, 0.03122449852526188, 0.017480166628956795, -0.014577322639524937, -0.027261486276984215, 0.03210797160863876, -0.02061018906533718, -0.016104470938444138, -0.03788841888308525, 0.00247688265517354, -0.04914640262722969, -0.007515840232372284, -0.010191504843533039, -0.010791005566716194, -0.020420873537659645, 0.014249174855649471, -0.012722027488052845, 0.02225092612206936, 0.0026725090574473143, -0.006947892718017101, 0.010494410060346127, 0.009270167909562588, 0.0005430999444797635, 0.03536420688033104, 0.0005565098254010081, 0.014968575909733772, -0.010507031343877316, 0.0439465269446373, 0.014968575909733772, -0.027009066194295883, 0.012621059082448483, 0.021935399621725082, -0.021455800160765648, -0.023752832785248756, -0.01554914377629757, 0.003518120152875781, 0.053109414875507355, -0.0006499845185317099, -0.020963577553629875, -0.03238563612103462, 0.008784256875514984, -0.013542396016418934, 0.018565576523542404, -0.013719091191887856, -0.007995440624654293, -0.016104470938444138, 0.00740225100889802, -0.02930609881877899, -0.015902534127235413, 0.031704097986221313, -0.03559138625860214, -0.011169636622071266, 0.014488975517451763, 0.0036190885584801435, 0.0041649495251476765, -0.007534772157669067, 0.00014583238225895911, -0.02930609881877899, -0.008916777558624744, 0.008607561700046062, 0.016268543899059296, 0.014211311936378479, -0.01205942127853632, 0.014943333342671394, 0.019108282402157784, 0.0095162782818079, -0.003644330659881234, 0.005461763124912977, -0.0017653706017881632, -0.017492787912487984, 0.019916029646992683, -0.020572325214743614, 0.0073202140629291534, -0.018439367413520813, 0.02047135680913925, -0.003243612125515938, 0.009705593809485435, 0.01118856854736805, -0.03041675128042698, 0.010727900080382824, 0.01967623084783554, -0.007484287954866886, -0.0220868531614542, -0.014059859327971935, -0.05825880542397499, -0.011037115938961506, 0.022276168689131737, 0.005565886851400137, 0.013403564691543579, -0.021531525999307632, 0.006771198008209467, 0.016142334789037704, 0.0028681354597210884, -0.012961827218532562, -0.002943861996755004, 0.00864542555063963, 0.008064856752753258, 0.014312280341982841, 0.014640428125858307, -0.01064586266875267, -0.007471666671335697, 0.0033919094130396843, -0.03107304684817791, -0.01686173491179943, -0.017606377601623535, -0.026226559653878212, 0.001700687687844038, 0.012450674548745155, -0.016369512304663658, 0.004436301998794079, 0.012961827218532562, -0.0056510791182518005, -0.00733914552256465, -0.00195784168317914, -0.015498659573495388, -0.01726560853421688, -0.028826497495174408, 0.00475813914090395, -0.01809859834611416, -0.0023711815010756254, 0.016369512304663658, -0.003836801741272211, 0.019499534741044044, -0.024547958746552467, -0.014526838436722755, -0.01266523264348507, -0.01486760750412941, 0.009219683706760406, -0.040791261941194534, 0.02905367687344551, 0.03642437607049942, -0.026201317086815834, -0.03965536504983902, 0.02665567584335804, 0.0265294648706913, -0.0041996571235358715, 0.03283999487757683, 0.007534772157669067, 0.00797019898891449, 0.006184318568557501, 0.01928497850894928, 0.027690602466464043, -0.027412939816713333, -0.03268854320049286, 0.03975633531808853, 0.012141458690166473, 0.0032593884970992804, -0.006581882014870644, 0.0015176823362708092, -0.008550766855478287, 0.008487662300467491, -0.022667421028017998, -0.004972697235643864, -0.01807335577905178, -0.045334842056035995, -0.01832577772438526, 0.02102668397128582, -0.033950649201869965, 0.012103594839572906, -0.015107407234609127, -0.0037263676058501005, -0.005490160547196865, -0.019903410226106644, -0.016394754871726036, 0.0079575777053833, -0.0015500237932428718, 0.025494538247585297, -0.03291572257876396, -0.01326473243534565, 0.00816582515835762, 0.01635689288377762, -0.01125167403370142, 0.021455800160765648, -0.012551642954349518, 0.022276168689131737, 0.002214995678514242, -0.008342519402503967, 0.020963577553629875, -0.0039377701468765736, 0.004243831150233746, 0.0025952050928026438, 0.002074586460366845, -0.004284849390387535, -0.006613434758037329, -0.024724652990698814, 0.007377008907496929, 0.022692663595080376, 0.0036380202509462833, 0.017719965428113937, -0.010582758113741875, -0.03213321417570114, -0.02597413957118988, -0.01252640038728714, 0.0022528590634465218, 0.05891510099172592, 0.010141020640730858, -0.02530522271990776, 0.004912747070193291, 0.024560580030083656, -0.0022260393016040325, 0.003038519760593772, 0.012040490284562111, 0.0019736180547624826, -0.01238125842064619, 0.03188079595565796, -0.027968265116214752, -0.004007186274975538, -0.022162578999996185, 0.0031978606712073088, -0.010084225796163082, -0.015460796654224396, 0.026478981599211693, -0.00836145132780075, -0.0293565820902586, 0.010557515546679497, 0.0007493753801099956, 0.010507031343877316, -0.007477977313101292, -0.024446990340948105, 0.019385946914553642, 0.0051083737052977085, 0.012867169454693794, -0.014021996408700943, -0.056441374123096466, 0.03200700506567955, -0.02705954946577549, -0.005982381757348776, -0.0025352551601827145, 0.002527367090806365, -0.0038841308560222387, 0.03470791131258011, -0.005856171250343323, 0.006256890017539263, -0.024068359285593033, -0.02907891944050789, -0.011100221425294876, 0.027614876627922058, 0.004215433727949858, -0.0010814669076353312, -0.0031978606712073088, -0.029810940846800804, -0.015347206965088844, 0.005928742233663797, -0.0058056870475411415, -0.000150368083268404, 0.005420744884759188, 0.007465356029570103, -0.01474139653146267, 0.021670358255505562, 0.0024469078052788973, -0.02558288536965847, 0.005834084469825029, -0.0046477047726511955, -0.027236243709921837, -0.001812699600122869, -0.02291984297335148, 0.024674169719219208, 0.030618688091635704, 0.02998763509094715, -0.0029091539327055216, 0.010014809668064117, -0.025784822180867195, 0.023916905745863914, 0.01339094340801239, 0.016306407749652863, 0.004455233924090862, 0.014552081003785133, -0.012728337198495865, 0.0002585345064289868, 0.01345404889434576, 0.028574077412486076, -0.026302285492420197, -0.00368219381198287, -0.006783818826079369, -0.024989696219563484, -0.021089788526296616, 0.00047881141654215753, -0.0082478616386652, -0.000374490482499823, 0.009819183498620987, -0.011005562730133533, -0.0239926315844059, 0.0046003758907318115, 0.00971190445125103, -0.027009066194295883, 0.011895347386598587, 0.010134709998965263, -0.01862868294119835, -0.02023155614733696, 0.018956830725073814, 0.002760856645181775, -0.013693848624825478, -0.018969452008605003, -0.0035307412035763264, -0.01212252676486969, 0.007503219414502382, 0.009604625403881073, 0.002921774983406067, -0.006070729345083237, -0.009882288984954357, -0.02597413957118988, -0.02743818238377571, -0.02811971865594387, 0.004388973116874695, 0.029028434306383133, 0.024219810962677002, 0.029911909252405167, -0.0013102235971018672, 0.00856969878077507, -0.02329847402870655, 0.0013559749349951744, -0.005616371054202318, 0.01886848174035549, -0.0082478616386652, -0.016268543899059296, -0.007149829529225826, -0.01379481703042984, 0.017783071845769882, -0.037837933748960495, -0.02396739087998867, -0.01929759792983532, -0.010456547141075134, -0.02358875796198845, 0.021998506039381027, 0.0048875049687922, -0.0013946270337328315, 0.009295409545302391, -0.006165387108922005, -0.023071294650435448, -0.0039377701468765736, -0.031401194632053375, 0.014021996408700943, -0.01768210344016552, -0.0035433622542768717, -0.021884916350245476, -0.009074540808796883, 0.025279980152845383, -0.0028097631875425577, -0.006827992852777243, -0.013655985705554485, 0.016255922615528107, 0.181541308760643, -0.013883164152503014, -0.007294971961528063, 0.012090974487364292, 0.017467545345425606, 0.033420562744140625, 0.022982947528362274, -0.003821025602519512, -0.011605063453316689, 0.01432490162551403, 0.01178806833922863, -0.01606660708785057, -0.021228620782494545, 0.022566452622413635, 0.023071294650435448, -0.019890788942575455, -0.03109828755259514, -0.031931277364492416, -0.0020398786291480064, -0.03882237523794174, -0.0013685961021110415, -0.020042240619659424, 0.01702580787241459, -0.022011125460267067, 0.05101431906223297, -0.005824618507176638, 0.005146236624568701, 0.00844348780810833, 0.03942818567156792, 0.009421620517969131, -0.02517901174724102, -0.0024074669927358627, 0.0024232433643192053, 0.01265261135995388, -0.039705850183963776, 0.0042596072889864445, -0.015031680464744568, -0.0170131865888834, -0.007591566536575556, 0.028346898034214973, 0.035010818392038345, 0.003817870281636715, -0.024282917380332947, -0.0156879760324955, 0.01224873773753643, 0.030568204820156097, 0.012255048379302025, -0.010885663330554962, 0.012040490284562111, -0.009276478551328182, -0.03041675128042698, -0.022339273244142532, -0.028043992817401886, 0.01057644747197628, 0.010267231613397598, 0.014287038706243038, -0.008740083314478397, 0.02424505352973938, -0.012974448502063751, 0.0032373014837503433, -0.009055609814822674, -0.016445240005850792, -0.018060734495520592, 0.024282917380332947, -0.0010159951634705067, 0.017467545345425606, -0.0073075927793979645, -0.0187422726303339, 0.012545332312583923, -0.02355089597404003, -0.01011577807366848, -0.02116551622748375, -0.020711157470941544, 0.0016391599783673882, 0.014716153964400291, -0.018186945468187332, 0.04243199899792671, 0.02409360185265541, 0.002533677499741316, 0.021468421444296837, 0.00224339310079813, 0.02516639046370983, -0.03614671155810356, -0.004672946874052286, 0.014930712059140205, -0.042406756430864334, 0.03230990841984749, -0.01716464012861252, -0.0023238523863255978, -0.012343395501375198, -0.012488537468016148, -0.00038770315586589277, -0.01739181950688362, 0.0010759452125057578, 0.026706160977482796, 0.012974448502063751, 0.018048113211989403, 0.003921994008123875, 0.01339094340801239, -0.02265479974448681, -0.026075107976794243, 0.06325674802064896, 0.024573201313614845, 0.022023746743798256, -0.01106235757470131, 0.024295538663864136, -0.003855733433738351, 0.006745955906808376, 0.004117620177567005, -0.0023206970654428005, -0.009724525734782219, -0.0017180416034534574, 0.008355140686035156, -0.02073640003800392, -0.00017363815277349204, 0.02917988784611225, -0.00619693985208869, -0.006329461000859737, 0.00461615202948451, -0.009150267578661442, 0.027640119194984436, -0.03697970137000084, -0.029381824657320976, 0.0013007578672841191, -0.002219728659838438, -0.004344799555838108, -0.009282788261771202, 0.008935709483921528, 0.0012092551914975047, -0.019865546375513077, 0.012804063968360424, -0.033975888043642044, 0.013529774732887745, 0.006783818826079369, -0.0037232122849673033, -0.006168542429804802, 0.014880227856338024, -0.0015105829806998372, -0.01886848174035549, 0.0038147149607539177, -0.019587883725762367, -0.0009363247663713992, 0.010967699810862541, -0.0164957232773304, -0.0012297644279897213, -0.011687099933624268, 0.010399752296507359, -0.011611374095082283, -0.030214814469218254, -0.010607999749481678, -0.01715201884508133, 0.0041239308193326, 0.01031771581619978, -0.006351547781378031, 0.00016584859986323863, -0.0016423152992501855, -0.013845301233232021, -0.026302285492420197, -0.021241242066025734, -0.0020319903269410133, -0.02223830483853817, -0.005767823662608862, 0.007484287954866886, 0.0067017823457717896, 0.012236116454005241, 0.008348830044269562, -0.1538759469985962, 0.0067648873664438725, -0.011712342500686646, -0.008847362361848354, 0.008216309361159801, 0.014602565206587315, 0.02357613667845726, -0.006594503298401833, 0.004537270404398441, -0.03283999487757683, 0.013176385313272476, -0.021758705377578735, -0.014716153964400291, -0.006051797419786453, -0.0036979701835662127, -0.016382133588194847, 0.0021361142862588167, 0.016154954209923744, 0.03107304684817791, 0.020799504593014717, 0.017505409196019173, -0.053614258766174316, 0.014425870031118393, -0.029785698279738426, -0.003172618569806218, -0.013289975002408028, 0.01566273346543312, 0.013163764029741287, -0.01433752290904522, -0.017732586711645126, -0.017215123400092125, -0.032360393553972244, 0.029129402711987495, -0.0031663081608712673, -0.006720713805407286, 0.015107407234609127, -0.01520837564021349, -0.02077426202595234, -0.028498349711298943, 0.007698845583945513, -0.0044930968433618546, 0.03559138625860214, 0.007004687562584877, 0.01320162694901228, 0.013984132558107376, 0.02141793631017208, 0.02127910405397415, -0.024194570258259773, 0.005209342110902071, -0.001781146856956184, -0.007471666671335697, 0.005231428891420364, 0.014463732950389385, 0.009863357059657574, 0.0007028352119959891, -0.0029754145070910454, 0.010210436768829823, 0.01165554765611887, 0.005430210381746292, -0.0064430502243340015, -0.009478415362536907, -0.02492659166455269, -0.0010664794826880097, 0.028018750250339508, 0.016028745099902153, -0.0030101225711405277, 0.013062795624136925, 0.005707873962819576, -0.007793503813445568, 0.019638366997241974, -0.004502562806010246, -0.016117092221975327, -0.006771198008209467, -0.028700286522507668, 0.025078043341636658, 0.008557077497243881, -0.006581882014870644, -0.0021566234063357115, -0.01171865314245224, -0.022074231877923012, -0.0340263731777668, 0.008923088200390339, -0.03776220604777336, -0.034480731934309006, -0.005802531726658344, 0.0019184008706361055, 0.018527714535593987, 0.007389629725366831, 0.003256233176216483, -0.004843331407755613, -0.0006842980510555208, -0.03897383064031601, 0.017454924061894417, -0.02183443121612072, -0.017745207995176315, 0.028043992817401886, -0.01592777669429779, -0.00964879896491766, 0.012374947778880596, -0.026554707437753677, -0.004360575694590807, -0.009238614700734615, -0.013630743138492107, 0.015852048993110657, 0.016987944021821022, 0.007370698265731335, -0.018111219629645348, 0.002640956547111273, 0.028296412900090218, -0.004363731015473604, 0.032208941876888275, 0.019499534741044044, 0.013138522394001484, 0.005575352814048529, -0.0035780700854957104, 0.006140145007520914, -0.016937460750341415, -0.003940925467759371, 0.012021558359265327, -0.0010530696017667651, 0.07249536365270615, -0.016419997438788414, 0.013630743138492107, 0.009484726004302502, 0.012545332312583923, -0.024017874151468277, -0.107733353972435, 0.0033193384297192097, -0.0010317715350538492, 0.009825494140386581, -0.017051050439476967, 0.007989129982888699, -0.007029929663985968, 0.025898411870002747, -0.022806253284215927, 0.009730836376547813, -0.03740881755948067, -0.012475916184484959, 0.0036948148626834154, -0.026176076382398605, 0.03331959620118141, -0.014249174855649471, 0.023247990757226944, -0.020155830308794975, -0.026453739032149315, 0.03465742617845535, -0.008077477104961872, -0.00742749311029911, 0.011213810183107853, -0.014817122370004654, -0.032461363822221756, 0.01379481703042984, 0.006840613670647144, 0.0033666673116385937, 0.011150705628097057, 0.005616371054202318, -0.011800689622759819, -0.015751080587506294, 0.012646300718188286, 0.019209250807762146, 0.026579950004816055, 0.0044457679614424706, 0.014842364937067032, -0.013302595354616642, 0.0380651131272316, -0.004575133789330721, 0.005026336759328842, -0.012936584651470184, 0.009699283167719841, 0.013807438313961029, 0.009093472734093666, -0.021657736971974373, -0.0187422726303339, -0.013302595354616642, -0.009491035714745522, -0.022187821567058563, -0.014476354233920574, -0.006790129467844963, -0.009030367247760296, -0.024068359285593033, 0.010873042047023773, -0.0054964711889624596, -0.005149391945451498, 0.0006251368322409689, -0.02131696790456772, -0.014501596800982952, 0.0008219464216381311, 0.007982819341123104, -0.026958581060171127, 0.021468421444296837, 0.037560269236564636, -0.02718576043844223, -0.035439930856227875, -0.0037642307579517365, 0.002434286754578352, -0.014690912328660488, 0.0035528279840946198, -0.007616809103637934, -0.010298783890902996, 0.01392102800309658, -0.014425870031118393, 0.02569647505879402, 0.004896970931440592, -0.004530960228294134, -0.00696051400154829, -0.013643364422023296, -0.025418812409043312, 0.004464699421077967, 0.004079757258296013, -0.010582758113741875, 0.03763599693775177, 0.039579641073942184, 0.02786729671061039, -0.012703095562756062, 0.014817122370004654, -0.018401503562927246, 0.02115289494395256, 0.0010664794826880097, 0.006771198008209467, 0.011750205419957638, 0.0009008280467242002, 0.005442831665277481, 0.022591695189476013, -0.01325211115181446, 0.024169327691197395, 0.05856171250343323, -0.012671543285250664, -0.019625745713710785, -0.032764267176389694, 0.0138705438002944, -0.01292396429926157, 0.0074590458534657955, 0.02743818238377571, -0.006607124116271734, 0.012621059082448483, 0.0004113676259294152, -0.0015184711664915085, 0.028094476088881493, -0.032739024609327316, 0.005136770661920309, 0.009156578220427036, -0.0028492040000855923, -0.035288479179143906, 0.0008700642501935363, 0.026983823627233505, -0.005326086655259132, 0.021354831755161285, 0.03283999487757683, 0.01876751333475113, 0.0198403038084507, 0.005382881499826908, 0.04276014491915703, -0.022415000945329666, -0.014160827733576298, 0.0021282259840518236, 0.01157982088625431, 0.002398001030087471, 0.003710591234266758, -0.009743457660079002, -0.022957704961299896, 0.011081289499998093, 0.014981196261942387, -0.021253863349556923, 0.00020124673028476536, 0.011157016269862652, 0.018540335819125175, 0.03364774212241173, 0.09314341098070145, -0.019739335402846336, -0.04500669613480568, 0.017985008656978607, -0.05098907649517059, -0.03122449852526188, -0.012627368792891502, -0.03142643719911575, -0.002972259419038892, 0.013365700840950012, -0.020799504593014717, 0.02771584503352642, -0.0034518595784902573, -0.00822893064469099, -0.019764577969908714, -0.016003502532839775, 0.0021755548659712076, 0.002836582949385047, -0.004202812444418669, 0.008146893233060837, -0.032486606389284134, 0.009932773187756538, -0.00026208418421447277, -0.009459483437240124, 0.012936584651470184, -0.014955954626202583, -0.005086286459118128, -0.019764577969908714, 0.01889372430741787, 0.009522588923573494, -0.009989568032324314, -0.005029492080211639, 0.029558518901467323, 0.014160827733576298, 0.0011067091254517436, 0.011081289499998093, 0.0014664093032479286, -0.014236554503440857, -0.01252640038728714, 0.004994784016162157, 0.017177261412143707, 0.0077556404285132885, 0.016407376155257225, -0.02811971865594387, 0.02599938027560711, 0.019789820536971092, 0.038241807371377945, -0.012053110636770725, -0.0021834431681782007, -0.0005774134187959135, -0.013012311421334743, 0.004878039006143808, 0.007578945718705654, -0.002874446101486683, 0.018388882279396057, 0.002887067152187228, -0.01779569312930107, -0.009932773187756538, 0.004000875633209944, 0.014085101895034313, 0.023096537217497826, -0.01688697561621666, 0.01010946836322546, -0.0030132776591926813, -0.025078043341636658, -0.006827992852777243, 0.0167229026556015, -0.02236451581120491, -0.010677415877580643, 0.004559357650578022, 0.009017745964229107, -0.005786755587905645, -0.003420306835323572, -0.012147769331932068, 0.008986193686723709, -0.022692663595080376, 0.0035686043556779623, 0.005537489429116249, 0.0020398786291480064, -0.011743894778192043, 0.009951705113053322, 0.01432490162551403, -0.006073884665966034, 0.011011873371899128, 0.024346021935343742, -0.007074103225022554, 0.019474294036626816, 0.005102063063532114, -0.029280856251716614, -0.0004665847518481314, 0.010639552026987076, 0.0009497346472926438, -0.0020288352388888597, -0.026958581060171127, 0.001107497839257121, -0.021758705377578735, -0.05058520287275314, 0.02235189452767372, -0.007717777509242296, 0.008576009422540665, 0.11035853624343872, 0.024560580030083656, 0.007862919941544533, 0.021531525999307632, -0.0031000475864857435, -0.0009607780957594514, 0.00465401541441679, 0.009497346356511116, 0.00344870425760746, 0.014425870031118393, 0.038494229316711426, -0.01645786128938198, 0.008146893233060837, -0.03228466957807541, -0.01689959689974785, 0.01850247196853161, -0.008853673003613949, 0.013845301233232021, 0.0051620127633214, -0.014097722247242928, 0.035137027502059937, 0.004022962413728237, 0.02463630586862564, -0.0006488012732006609, -0.015624870546162128, 0.008430867455899715, 0.02516639046370983, -0.0029801474884152412, -0.015082164667546749, -0.0182248093187809, -0.006187473889440298, -0.0007245276356115937, -0.03708067163825035, -0.011668168939650059, -0.00522511824965477, -0.01098032109439373, -0.006200095172971487, -0.004101844038814306, 0.0014080367982387543, -0.005846705287694931, -0.0011855907505378127, 0.012867169454693794, -0.014488975517451763, -0.023247990757226944, 0.002257591811940074, -0.015751080587506294, -0.017909282818436623, -0.027009066194295883, 0.0005987114855088294]"
"Debemos precisar que demencia es el resultado de la afectación de las funciones cognitivas, que comprometen el normal desempeño de las actividades de la vida diaria y con ello, la capacidad funcional del individuo. Pero, es más facil recordarlo con un ejemplo: veamos el caso de una persona de 60 años, contador en una empresa estatal en plena actividad laboral que paulatinamente presenta problemas en la memoria de trabajo (""no recuerda las claves de acceso a las computadoras"", ""no puede realizar varias actividades por vez"", ""trabaja muy concentrado"" y ""si lo interrumpen, no puede continuar con lo que estaba haciendo previamente""), en la atención (""es distraído durante las reuniones de directorio"" y ""no emite comentarios respecto a los avances de su oficina""); luego de unos meses, además se presentan problemas en un área del lenguaje, como la denominación (""empieza con conversaciones entrecortadas y prolongadas a la vez, porque pierde algunas palabras y busca sinónimos o requiere dar muchos detalles para hacerse entender y a exagerar los gestos para solicitar algún artículo de escritorio como engrapador o perforador debido a que no logra denominar con la palabra adecuada"") y más adelante presenta problemas en la fluencia (""disminución de la cantidad normal de palabras""), por lo que se torna menos comunicativo. Hasta aquí se observan síntomas cognitivos; pero luego de ello, aparecieron síntomas de irritabilidad (""reniego porque las personas no me entienden, a pesar que me esfuerzo por encontrar las palabras""), poca tolerancia y algunas veces agresividad verbal (""pelea con el taxista a quien pide que lo lleve a su trabajo, debido a que se equivoca al referir la dirección""), es decir aparecen algunos síntomas psicológicos y conductuales. Todo ello ocasiona un bajo rendimiento laboral (necesita asistencia por los compañeros de trabajo, y sus jefes llaman la atención con sanciones administrativas) que condiciona una jubilación anticipada, pues ya existe compromiso de la funcionalidad o de la capacidad funcional, en este caso del tipo ocupacional, social y familiar; es decir aparecen los síntomas funcionales. Como vemos, se trata de un individuo que presenta síntomas cognitivos, algunos síntomas psicológicos y conductuales, los cuales han originado síntomas funcionales o compromiso de la ""funcionalidad""; es decir cumple con los criterios clínicos de demencia, por lo que amerita una evaluación amplia antes de determinar el tipo de demencia que en este caso, podría ser degenerativa; por ejemplo, afasia primaria progresiva, un sub-tipo de demencia frontotemporal. Es importante recalcar, que si bien es cierto, los síntomas psicológicos y conductuales son frecuentes en todos los tipos de demencia, éstos no forman parte de los criterios clínicos para el diagnóstico de demencia. En general, los síntomas psicológicos y conductuales de las demencias se presentan en estadios moderados o avanzados de la enfermedad de Alzheimer; por ejemplo la agitación psíquica nocturna, las alucinaciones visuales y las paranoias; aunque en algunos casos depresión podría ser prodrómos de demencia, como en la enfermedad de Alzheimer, demencia vascular o en demencia frontotemporal. Por otro lado, desinhibición de la conducta o apatía pueden ser los síntomas iniciales de la variante conductual de la demencia frontotemporal. Además, cuando empiezan los síntomas cognitivos no se puede predecir la evolución hacia estados finales de demencia, sin embargo según estudios de seguimiento longitudinal se ha establecido el riesgo anual de evolucionar a demencia de un estadio pre-demencia como el deterioro cognitivo leve en 10% a 14%; mientras que la queja cognitiva subjetiva y el déficit cognitivo asociado e edad, tienen bajo riesgo de evolución a demencia. Entonces, para entender los síntomas de las demencias es pertinente definir primero, pero brevemente el significado de las principales funciones cognitivas (llamadas también funciones mentales superiores) así como de la funcionalidad, para luego comprender sus alteraciones, precisando para ello una serie de ejemplos en los siguientes capítulos.","[-0.0245458222925663, 0.005186315160244703, 0.05308160558342934, -0.03482375293970108, -0.027222629636526108, 0.03247523307800293, -0.0026594463270157576, 0.017702285200357437, -0.015631547197699547, -0.0015301681123673916, -0.0004435041337274015, 0.03846017271280289, -0.00011590688518481329, 0.0259347315877676, -0.02107354812324047, 0.00810618232935667, 0.025631697848439217, 0.005281013436615467, 0.03792986273765564, -0.027222629636526108, -0.028359010815620422, 0.010713544674217701, 0.002940384903922677, -0.004438197705894709, -0.018308354541659355, 0.006158552132546902, 0.012474934570491314, -0.021338703110814095, -0.0013360364828258753, -0.0023674597032368183, 0.019141701981425285, 0.011868865229189396, 0.004583402071148157, -0.020783139392733574, 0.01181204617023468, -0.005416748113930225, -0.014318396337330341, -0.010442075319588184, -0.0061238291673362255, -0.018573511391878128, 0.0007528521819040179, 0.006227997597306967, -0.013977481983602047, -0.015075983479619026, 0.004090970382094383, 0.03686923906207085, -0.025593817234039307, -0.02375035546720028, -0.034722741693258286, 0.006578381638973951, 0.026364032179117203, 0.02772768773138523, -0.048662345856428146, 0.009873885661363602, 0.012519126757979393, -0.02345994859933853, -0.013661821372807026, 0.008049363270401955, 0.01324514765292406, -0.02601049095392227, -0.011022892780601978, -0.0013723374577239156, -0.006736211944371462, 0.008762757293879986, 0.005950215272605419, -0.0017345588421449065, 0.0209977887570858, -0.030909555032849312, -0.00048059431719593704, 0.02486148476600647, 0.025707455351948738, 0.0032955040223896503, -0.007077126298099756, -0.0014039035886526108, 0.03772784024477005, 0.007443293463438749, 0.001927112229168415, -0.004630751442164183, 0.011029206216335297, 0.012493873946368694, 0.014192132279276848, -0.037551067769527435, -0.017790671437978745, 0.027146872133016586, 0.0176896583288908, 0.019141701981425285, 0.007247583474963903, 0.01669216901063919, -0.00646474352106452, -0.00372480321675539, -0.029217610135674477, -0.002722578588873148, 0.026919595897197723, 0.008200880140066147, 0.0035101536195725203, 0.027879206463694572, 0.015682052820920944, -0.0006660453509539366, -0.009823380038142204, -0.01196987647563219, -0.016805807128548622, 0.009602416306734085, -0.05146541818976402, 0.00019501950009725988, -0.007992544211447239, -0.0002728497493080795, 0.003667984390631318, 0.018598763272166252, 0.0073485951870679855, -0.038384415209293365, -0.0073485951870679855, 0.015265380032360554, -0.007859966717660427, -0.027273137122392654, 0.0010195859940722585, 0.006793031003326178, 0.01043576281517744, 0.010075909085571766, 0.004217234905809164, -0.0382581502199173, -0.0018860762938857079, 0.006546815391629934, 0.01181204617023468, -0.025076134130358696, -0.005214724689722061, -0.01602296717464924, -0.004993761889636517, 0.0009043696336448193, -0.028182240203022957, -0.008598613552749157, -0.035960134118795395, 0.01364919450134039, 0.002665759762749076, -0.008573360741138458, -0.009577163495123386, 0.004387692082673311, -0.007935725152492523, 0.0054262178018689156, -0.01704571023583412, -0.03229846432805061, 0.008055676706135273, 0.010240052826702595, -0.023333683609962463, -0.029747920110821724, 0.012020382098853588, 0.038232896476984024, 0.01868714950978756, 0.02354833297431469, 0.0064268638379871845, 0.026086250320076942, 0.012582259252667427, -0.01573255844414234, -0.01378808543086052, -0.018952304497361183, 0.0037910921964794397, 0.012796908617019653, 0.013876470737159252, 0.0005117658874951303, -0.016919445246458054, -0.005397808272391558, 0.030101461336016655, -0.01434364914894104, -0.004637064412236214, 0.0059565287083387375, 0.019457362592220306, 0.02800546959042549, -0.010580967180430889, -0.0070581864565610886, 0.01752551458775997, -0.01589670218527317, -0.002067581517621875, 0.03709651529788971, -0.023649344220757484, 0.029975196346640587, 0.024482689797878265, -0.019507868215441704, 0.0163007490336895, 0.014469914138317108, -0.03787935525178909, -0.02883881703019142, -0.0129926186054945, 0.015985088422894478, 0.025745335966348648, 0.010555713437497616, -0.042778417468070984, 0.008181940764188766, 0.05025327950716019, 0.006089106667786837, -0.0017819079803302884, -0.005707156378775835, -0.014848707243800163, 0.014406781643629074, 0.027828700840473175, -0.02486148476600647, -0.6299084424972534, 0.005082146730273962, -0.006609947420656681, -0.018459873273968697, -0.007556931581348181, 0.020063431933522224, 0.021780628710985184, -0.0006889307987876236, -0.01709621585905552, -0.03972281888127327, 0.006256407126784325, -0.008352397941052914, -0.009179431013762951, -0.019659385085105896, -0.025833720341324806, -0.016805807128548622, -0.023409441113471985, 0.0022001592442393303, 0.02510138601064682, 0.02060636878013611, 0.0014867647551000118, 0.027424653992056847, -0.017222480848431587, 0.017361370846629143, 0.0009217309998348355, 0.003519623540341854, 0.006938235368579626, -0.01334615983068943, 0.014116372913122177, 0.03255099430680275, -0.01574518531560898, -0.006489996332675219, -0.009368827566504478, 0.026465043425559998, 0.04805627465248108, -0.025114012882113457, 0.01907856948673725, 0.02210891805589199, -0.020934658125042915, 0.03207118809223175, 0.01602296717464924, 0.011786792427301407, 0.004504486918449402, -0.013611314818263054, 0.015303259715437889, 0.006414237432181835, -0.0059944079257547855, -0.0008301892085000873, -0.001941316993907094, 0.005773445125669241, 0.002526868600398302, -0.004214078187942505, -0.023295802995562553, 0.01310625672340393, 0.003667984390631318, 0.003320756834000349, 0.01781592331826687, -0.03454597294330597, 0.006111202761530876, -0.009577163495123386, 0.007910472340881824, 0.007335968781262636, -0.017588647082448006, -0.013081003911793232, -0.028081228956580162, 0.0410359688103199, -0.025884225964546204, -0.008977407589554787, 0.019368976354599, -0.020909404382109642, 0.009413019753992558, 0.01928059197962284, -0.0067235855385661125, -0.005565108731389046, 0.02717212401330471, -0.026515549048781395, 0.031768154352903366, 0.004302463494241238, -0.006471056491136551, 0.00025075345183722675, 0.0023280021268874407, -0.008933214470744133, -0.024394305422902107, 0.007178138010203838, 0.0184093676507473, -0.01702045649290085, 0.0013731266371905804, 0.005306266248226166, -0.013851217925548553, 0.016843687742948532, 0.002667337888851762, 0.0062532504089176655, 0.001788221299648285, -0.025189772248268127, -0.009728681296110153, 0.02410389669239521, -0.012102453969419003, 0.016995204612612724, 0.016502773389220238, 0.024836231023073196, -0.0031139987986534834, -0.008200880140066147, 0.020379092544317245, 0.01606084778904915, 0.02777819335460663, 0.01964676007628441, -0.017437130212783813, 0.01500022504478693, 0.06277871876955032, -0.026566054672002792, -0.0011087603634223342, -0.003088745754212141, 0.008516541682183743, -0.011862551793456078, -0.00786627922207117, -0.019975047558546066, 0.0036616709548979998, 0.01597246155142784, 3.607909820857458e-05, -0.004592871759086847, -0.0035795990843325853, -0.006704646162688732, 0.017980067059397697, -0.0195583738386631, 0.0045897155068814754, -0.007904158905148506, 0.000708265055436641, -0.010271619074046612, -0.01885129325091839, -0.001931847189553082, 0.00784733984619379, -0.014949719421565533, 0.006584694609045982, 0.0041635725647211075, 0.02375035546720028, -0.015884077176451683, 0.014128999784588814, -0.008876395411789417, -0.004640221130102873, -0.01804319955408573, -0.017954815179109573, -0.013384039513766766, 0.01606084778904915, 0.0013155185151845217, -0.012676957994699478, -0.02271498739719391, -0.016919445246458054, -0.0014125843299552798, -0.029975196346640587, 0.00936251413077116, -0.00815037451684475, -0.015189621597528458, -0.00836502481251955, 0.04409157112240791, 0.0042014517821371555, -0.0003101372276432812, -0.013699700124561787, -0.0014449396403506398, -0.019217459484934807, -0.0020123408176004887, 0.003352323081344366, 0.015682052820920944, 0.001375494059175253, 0.009141551330685616, -0.03406616672873497, -0.026843836531043053, 0.012910546734929085, 0.028864068910479546, -0.03924301266670227, -0.03649044781923294, 0.0013589218724519014, 0.003664827672764659, -0.006010191049426794, -0.00634479196742177, 0.002651554998010397, 0.02279074490070343, 0.00038648780900985, 0.006347948685288429, 0.014924466609954834, 0.006793031003326178, 0.006231153849512339, -0.001788221299648285, -0.004173042252659798, -0.01428051758557558, 0.026843836531043053, 0.008440783247351646, 0.011243855580687523, -0.004119379911571741, -0.008068302646279335, 0.019457362592220306, 0.03280352056026459, 0.027273137122392654, 0.00688141630962491, -0.008712251670658588, -0.012860041111707687, 0.005375711712986231, 0.007676882669329643, -0.010713544674217701, -0.0209977887570858, 0.014810828492045403, 0.022815998643636703, -0.004652847535908222, 0.009293068200349808, -0.006925608962774277, 0.02510138601064682, -0.007733701728284359, 0.028535781428217888, -0.00962135661393404, 0.020177070051431656, 0.007815773598849773, -0.0032386849634349346, -0.026869090273976326, -0.012575945816934109, -0.0031045288778841496, -0.02186901494860649, 0.045480478554964066, 0.0037027071230113506, 0.016515398398041725, -0.0012886872282251716, -0.03083379566669464, -0.0096592353656888, 0.01613660529255867, 0.008295578882098198, -0.005303109996020794, 0.0005626662750728428, 0.009690801613032818, 0.008680685423314571, 0.02162911184132099, 0.0006826175376772881, -0.018750282004475594, -0.0070203072391450405, 0.0037595261819660664, 0.008933214470744133, 0.035404570400714874, -0.019267965108156204, 0.02704586088657379, -0.012285538017749786, -0.009135237894952297, 0.03550558164715767, -0.007342281751334667, -0.009633982554078102, 0.01613660529255867, 0.009469838812947273, -0.010397883132100105, -0.002536338521167636, 0.012165586464107037, 0.025593817234039307, 0.044167328625917435, 0.009690801613032818, 0.030808541923761368, -0.005025327671319246, -0.006957175210118294, -0.033056050539016724, -0.025745335966348648, -0.01885129325091839, -0.008516541682183743, 0.008137748576700687, -0.017740165814757347, 0.023965006694197655, 0.029217610135674477, 0.016565904021263123, -0.015543161891400814, 0.01781592331826687, -0.009147864766418934, -0.009438272565603256, -0.02820749394595623, 0.028106482699513435, -0.013699700124561787, -0.0009856524411588907, 0.00426142755895853, -0.031212588772177696, 0.012683271430432796, -0.025518059730529785, -0.006168021820485592, 0.009873885661363602, 0.018472498282790184, -0.01681843400001526, 0.004472920671105385, 0.031212588772177696, 0.01390172354876995, -0.016427014023065567, -0.00924256257712841, 0.02689434215426445, 0.01756339520215988, 0.014545672573149204, -0.002995625836774707, -0.006158552132546902, -0.00744960643351078, -0.0064584300853312016, -0.0047317626886069775, -0.03515204042196274, 0.002689434215426445, -0.03469749167561531, 0.008358711376786232, 0.004744389094412327, 0.018699774518609047, 0.03194492310285568, 0.03800562024116516, -0.029899438843131065, -0.004491860046982765, 0.011262794956564903, -0.01448254007846117, -0.025833720341324806, -0.00207231636159122, -0.011679467745125294, 0.03075803630053997, -0.026717571541666985, -0.003270250977948308, -0.0023816644679754972, -0.010107474401593208, -0.001732980483211577, -0.0025047725066542625, -0.009678175672888756, 0.00950140506029129, 0.008295578882098198, 0.010378943756222725, 0.004495016764849424, 0.008466036058962345, 0.026439789682626724, -0.002195424400269985, 0.004599185194820166, -0.022891758009791374, 0.010429449379444122, -0.009937017224729061, 0.003189757466316223, 0.03308130428195, -0.010587279684841633, 0.014949719421565533, 0.016237616539001465, -0.0053946515545248985, -0.0316418893635273, -0.029015585780143738, 0.0325004868209362, 0.01920483261346817, -0.004270897246897221, -0.0022490867413580418, 0.04020262137055397, 0.01555578876286745, 0.003832128131762147, 0.021212439984083176, 0.004911690019071102, -0.024810977280139923, 0.006215371191501617, 0.01159739587455988, -0.0025189772713929415, -0.011963563039898872, 0.02290438301861286, 0.02366197109222412, -0.016262870281934738, -0.010101161897182465, 0.014432034455239773, 0.016427014023065567, 0.023687222972512245, -0.007790520787239075, 0.004485547076910734, -0.005672433413565159, -0.009141551330685616, 0.04075818508863449, 0.01645226776599884, 0.01613660529255867, 0.006553128361701965, 0.00037425593473017216, 0.009974896907806396, -0.004311933182179928, 0.021944774314761162, -0.0311115775257349, 0.017500262707471848, -0.013169389218091965, 0.003465960966423154, 0.004769642371684313, 0.02661656029522419, 0.0016777397831901908, -0.01813158579170704, -0.008920588530600071, 0.02223518118262291, -0.02063162252306938, -0.022209929302334785, -0.03035399131476879, 0.0278034470975399, 0.015644174069166183, 0.04967246204614639, 0.0050916168838739395, -0.015101236291229725, 0.00980443973094225, 0.0006234310567378998, -0.005391494836658239, -0.004839087836444378, -0.012632764875888824, -0.010309497825801373, -0.004409788176417351, -0.0015538427978754044, 0.03335908427834511, 0.010764050297439098, -0.00484224408864975, 0.008251386694610119, -0.0038857904728502035, -0.02952064387500286, -0.004119379911571741, -0.002321688923984766, 0.02840951643884182, 0.0010921880602836609, -0.03035399131476879, 0.0107387974858284, 0.0146214310079813, -0.0024637363385409117, -0.0029798427131026983, -0.0030208786483854055, -0.026919595897197723, 0.01241180207580328, -0.0056534940376877785, 0.0017803297378122807, -0.031187336891889572, -0.010745110921561718, 0.017121469601988792, -0.011515324003994465, 0.002318532206118107, 0.0027809760067611933, 0.03447021543979645, -0.0033617927692830563, -0.00591549277305603, 0.02765193022787571, 0.022361446171998978, 0.00620590103790164, -0.02765193022787571, 0.032374221831560135, -0.019697265699505806, -0.003667984390631318, -0.035202547907829285, 0.0016335472464561462, -0.026869090273976326, -0.017272986471652985, -0.0012926330091431737, -0.0034754308871924877, -0.009577163495123386, 0.01609872654080391, -0.024432184174656868, 0.02486148476600647, 0.00241638720035553, -0.009116298519074917, 0.010650412179529667, 0.008510228246450424, 0.025884225964546204, 0.03621266409754753, 0.00044981733663007617, 0.015164368785917759, -0.02075788751244545, 0.048031024634838104, 0.01933109760284424, -0.01606084778904915, -0.0015830413904041052, 0.02676807902753353, -0.04025312885642052, -0.0321216955780983, -0.010827182792127132, 0.0017108842730522156, 0.04315721243619919, -0.0012508078943938017, -0.026919595897197723, -0.028813563287258148, -0.0005034797941334546, -0.004709666594862938, 0.014027988538146019, -0.002768349600955844, -0.0014883429976180196, -0.016944698989391327, -0.01032212469726801, -0.02155335433781147, -0.015909329056739807, 0.029596403241157532, -0.03654095157980919, -0.009261502884328365, 0.015454777516424656, 0.0019681481644511223, 0.02545492723584175, -0.024078642949461937, 0.0011742600472643971, -0.03338433802127838, -0.001607505138963461, 0.007361221592873335, -0.00029514331254176795, 0.009539284743368626, -0.008421843871474266, 0.0034059854224324226, 0.008137748576700687, 0.010101161897182465, -0.007228643633425236, 0.004523426294326782, 0.0025063506327569485, -0.01043576281517744, 0.008554421365261078, 0.0060859499499201775, 0.006843537092208862, -0.0212376918643713, 0.0060859499499201775, 0.006515249144285917, 0.0034817440900951624, 0.01972251757979393, -0.011843611486256123, 0.015480030328035355, 0.01017692033201456, -0.014747695997357368, -0.02258872240781784, -0.019596252590417862, -0.04911689832806587, -0.0021165090147405863, 0.00948246568441391, 0.007241270039230585, 0.007386474404484034, -0.024571076035499573, 0.00896478071808815, 0.01063778530806303, 0.014192132279276848, -0.0015869871713221073, 0.0016588001744821668, -2.7028498152503744e-05, -0.013144136406481266, 0.022411951795220375, 0.02079576626420021, -0.013384039513766766, -0.008491288870573044, -0.015404270961880684, -0.026086250320076942, -0.019053315743803978, -0.004210921935737133, -0.010233739390969276, 0.005037954542785883, 0.018459873273968697, -0.009532971307635307, 0.003033505054190755, 0.014810828492045403, 0.002113352296873927, -0.004738076124340296, -0.010606219992041588, -0.010410510003566742, -0.03429344296455383, -0.018598763272166252, 0.00046560040209442377, -0.012336043640971184, 0.006240624003112316, 0.02525290474295616, -0.014507792890071869, 0.0162502434104681, -0.01472244318574667, -0.026389284059405327, -0.024167029187083244, -0.016603784635663033, 0.03338433802127838, -0.03772784024477005, 0.020429600030183792, 0.03353585675358772, -0.020808393135666847, -0.03545507788658142, 0.012317104265093803, 0.030303483828902245, 0.00786627922207117, 0.028055977076292038, 0.018081078305840492, -0.008219820447266102, -0.011849924921989441, 0.012658017687499523, 0.013447171077132225, -0.021288197487592697, -0.03798036649823189, 0.022247808054089546, 0.013232521712779999, -0.0059880949556827545, -0.0019255338702350855, 0.004984291736036539, -0.010782989673316479, 0.0037405863404273987, -0.029949944466352463, -0.00868699885904789, -0.008794323541224003, -0.026364032179117203, -0.011477445252239704, 0.012853727675974369, -0.02676807902753353, 0.011793105863034725, -0.007392787840217352, -0.008958467282354832, -0.02450794354081154, 0.0033744191750884056, -0.012847415171563625, 0.021692244336009026, -0.002840951783582568, 0.024091269820928574, -0.039066243916749954, -0.0028725177980959415, -0.0011000796221196651, 0.0019492085557430983, 0.004012055229395628, 0.028460022062063217, -0.009356200695037842, 0.02303064800798893, -0.00042022409616038203, -0.024255413562059402, 0.022096291184425354, -0.0195583738386631, -0.0019239556277170777, -7.930990250315517e-05, 0.00772107532247901, -0.013964856043457985, -0.004965352360159159, -0.021023042500019073, 0.0048264614306390285, 0.016326002776622772, -0.008352397941052914, 0.005969155114144087, -0.00017529066826682538, -0.01983615569770336, -0.012399176135659218, -0.01577043905854225, 0.014810828492045403, 0.06878890842199326, 0.0056219277903437614, -0.00025075345183722675, 0.013851217925548553, 0.025290783494710922, -0.005198941566050053, -0.010985013097524643, 0.02585897408425808, 0.0030713845044374466, -0.02486148476600647, 0.035960134118795395, -0.04641483724117279, -0.0070139942690730095, -0.012777969241142273, 0.0017077276716008782, -0.01856088452041149, -0.02366197109222412, 0.02868729829788208, -0.01952049508690834, -0.03467223793268204, 0.014128999784588814, 0.007979917339980602, 0.01681843400001526, -0.004476077388972044, -0.014217385090887547, 0.02306852862238884, 0.00372480321675539, 0.0014039035886526108, -0.0024132307153195143, -0.053687673062086105, 0.012607512064278126, -0.021780628710985184, 0.008402903564274311, 0.008213507011532784, -0.004166729282587767, -0.01001909002661705, 0.020227575674653053, -0.0073170289397239685, -0.0034343949519097805, -0.03224795684218407, -0.013573436066508293, -0.02486148476600647, 0.020909404382109642, -0.0030177219305187464, 0.008914275094866753, -0.010309497825801373, -0.03207118809223175, -0.012841101735830307, 0.008390277624130249, -0.006635200697928667, 0.004305620212107897, -0.0055619520135223866, 0.012386549264192581, -0.0005113712977617979, 0.017108842730522156, -0.001462301006540656, -0.024053391069173813, 0.005861830431967974, 0.006243780255317688, -0.007443293463438749, 0.012462307699024677, -0.019533121958374977, 0.034242939203977585, 0.02613675594329834, 0.022121543064713478, -0.012487560510635376, 0.0057229395024478436, -0.02345994859933853, 0.017866428941488266, 0.0001550686138216406, 0.029343875125050545, 0.020821020007133484, -0.00789153203368187, -0.016957325860857964, 0.0063574183732271194, 0.021212439984083176, 0.023220045492053032, -0.03055601380765438, -0.012493873946368694, -0.004270897246897221, -0.03035399131476879, -0.014659310691058636, -0.0011253325501456857, -0.006786718033254147, -0.005625084508210421, 0.0072791497223079205, -0.02649029530584812, -0.019457362592220306, 0.0216669924557209, -0.003851067740470171, -0.02757617086172104, -0.004621281288564205, -0.003497527213767171, -0.015315886586904526, -0.021843761205673218, 0.011919370852410793, 0.0018182090716436505, -0.007481172680854797, -0.014331023208796978, -0.004021524917334318, -0.020252829417586327, 0.011837298981845379, 0.015985088422894478, -0.005836577620357275, -0.006329008843749762, -0.007942038588225842, -0.023674597963690758, -0.015530535951256752, -0.036162156611680984, 0.022134169936180115, 0.023977631703019142, 0.015921955928206444, 0.016313375905156136, 0.00866805948317051, 0.004352969117462635, -0.032096441835165024, 0.016666917130351067, -0.0034438648726791143, 0.013737579807639122, 0.013333532959222794, -0.01279059611260891, -0.008276639506220818, -0.006710959132760763, 0.013510303571820259, -0.04881386458873749, -0.017033083364367485, -0.018156837671995163, -0.005470410455018282, -0.04005110636353493, 0.018598763272166252, 0.014368901960551739, -0.0008230868261307478, 0.022980142384767532, -0.013434545136988163, -0.0036900804843753576, -0.006572068203240633, -0.03439445421099663, 0.008920588530600071, -0.026439789682626724, -0.007664256263524294, 0.002154388464987278, -0.004646534100174904, 0.017942188307642937, 0.0029040840454399586, 0.01968463882803917, -0.01195093709975481, 0.020189696922898293, 0.18273001909255981, -0.03179340437054634, -0.0023469417355954647, 0.02777819335460663, -0.0018040043069049716, 0.02585897408425808, 0.02114930748939514, -0.010246365331113338, -0.009734994731843472, 0.017828550189733505, -0.0030035171657800674, -0.01444466132670641, -0.02868729829788208, 0.01761390082538128, 0.02493724226951599, -0.01868714950978756, -0.026641814038157463, -0.027601424604654312, -0.010151667520403862, -0.03411667421460152, 0.014772948808968067, -0.024116523563861847, 0.008851142600178719, -0.018358862027525902, 0.05808167904615402, -0.024318546056747437, 0.0060922629199922085, 0.004106753505766392, 0.0321216955780983, 0.010524148121476173, -0.022449832409620285, -0.0030761193484067917, 0.007639003451913595, 0.0032955040223896503, -0.025151891633868217, 0.007392787840217352, -0.007468546275049448, -0.009551910683512688, 0.00896478071808815, 0.008415530435740948, 0.03462173044681549, 0.006111202761530876, -0.023131659254431725, -0.000830978387966752, 0.020265456289052963, 0.040379393845796585, 0.0007725810282863677, -0.019028063863515854, 0.0019034376600757241, -0.00631322618573904, -0.0429551899433136, -0.027197377756237984, -0.012443368323147297, 0.008421843871474266, 0.02195739932358265, 0.007525365334004164, -0.0016540652140974998, 0.00864280667155981, -0.002410073997452855, 0.012765343300998211, -0.021326078101992607, -0.007197077386081219, -0.009633982554078102, 0.024116523563861847, 0.008889022283256054, 0.01852300576865673, -0.004255114123225212, -0.018548257648944855, 0.0022033159621059895, -0.007575870957225561, -0.007588497828692198, -0.024848857894539833, -0.012481248006224632, 0.0132072689011693, 0.013396665453910828, -0.01602296717464924, 0.028712552040815353, 0.016149232164025307, 0.015176995657384396, 0.041414763778448105, 0.001077194232493639, 0.016427014023065567, -0.02952064387500286, 0.0024826761800795794, -0.001305259414948523, -0.043283477425575256, 0.030859049409627914, -0.009678175672888756, -0.006171178538352251, -0.008264012634754181, -0.013043125160038471, -0.005505132954567671, -0.007910472340881824, -0.004441354423761368, 0.01693207211792469, 0.020189696922898293, 0.018156837671995163, 0.010959760285913944, 0.014735069125890732, -0.016313375905156136, -0.018535630777478218, 0.07596073299646378, 0.025038253515958786, 0.020252829417586327, 0.003693237202242017, 0.00822613388299942, 0.013573436066508293, 0.010536774061620235, 0.007304402533918619, -0.013005245476961136, -0.01876290701329708, -0.019179580733180046, 0.0007283884333446622, -0.014432034455239773, -0.002113352296873927, 0.015176995657384396, -0.0013084161328151822, -0.013876470737159252, -0.006199588067829609, -0.016048220917582512, 0.028939828276634216, -0.04207133874297142, -0.013611314818263054, -0.009911764413118362, -0.0024905677419155836, -0.010423135943710804, -0.02469733916223049, 0.01737399771809578, -0.0061175161972641945, -0.004747545812278986, 0.019267965108156204, -0.04138951003551483, 0.020581116899847984, 0.00864280667155981, -0.009413019753992558, -0.013043125160038471, 0.018295729532837868, 0.005262074060738087, -0.015315886586904526, -0.0032292150426656008, -0.018661895766854286, -0.020265456289052963, 0.00549881998449564, 0.0030587580986320972, -0.005587204825133085, -0.008907961659133434, 0.00688141630962491, -0.011130217462778091, -0.022954890504479408, -0.0032955040223896503, -0.02777819335460663, 0.002113352296873927, 0.00674252538010478, -0.015189621597528458, -0.0002868572191800922, -0.0029466981068253517, -0.008838516660034657, -0.01828310266137123, -0.018573511391878128, -0.0115532036870718, -0.02737414836883545, -0.011584769934415817, 0.006925608962774277, 0.011054459027945995, -7.492023723898456e-05, 0.018914425745606422, -0.15434575080871582, 0.010795616544783115, -0.015543161891400814, -0.0216669924557209, 0.0021023042500019073, 0.004911690019071102, 0.016805807128548622, -0.01761390082538128, -0.005536699201911688, -0.020543238148093224, 0.0024369051679968834, -0.03439445421099663, -0.018914425745606422, -0.002335893688723445, -0.008971094153821468, -0.012007756158709526, -0.007834712974727154, 0.010991326533257961, 0.029015585780143738, 0.02744990587234497, 0.019621506333351135, -0.04868759959936142, 0.014974972233176231, -0.008554421365261078, -0.022260434925556183, -0.002357990015298128, 0.00994333066046238, 0.0073233419097959995, -0.011319614015519619, -0.016048220917582512, -0.007657943293452263, -0.02765193022787571, 0.03818238899111748, -0.004296150058507919, 0.004504486918449402, 0.013270401395857334, -0.009924391284584999, -0.031692393124103546, -0.022980142384767532, 0.0036332616582512856, 0.0013770724181085825, 0.03532881289720535, 0.00618696166202426, 0.004914846271276474, -0.00047072992310859263, 0.03601064160466194, 0.021932147443294525, -0.013535556383430958, -0.014432034455239773, -0.0009083154145628214, 0.0010803508339449763, -0.004927472677081823, 0.013447171077132225, 0.005252603907138109, 0.0044602942653000355, -0.013169389218091965, -0.0027146872598677874, 0.020012926310300827, 0.0043308730237185955, 0.004526583012193441, 0.0030619145836681128, -0.033611614257097244, 0.009911764413118362, 0.02888932265341282, 0.030909555032849312, -0.0005078201065771282, 0.01420475821942091, -0.003251311369240284, -0.020745260640978813, 0.012184525839984417, 0.006392141338437796, -0.013219894841313362, 0.007474859710782766, -0.021187186241149902, 0.021944774314761162, 0.013030498288571835, -0.0229170098900795, -0.0016335472464561462, -0.03151562437415123, -0.006837223656475544, -0.019495241343975067, 0.007784207817167044, -0.04128849878907204, -0.026515549048781395, -0.01541689783334732, 0.001514385105110705, 0.009937017224729061, 0.008743817918002605, 0.007645316421985626, -0.0073549081571400166, 0.002610518829897046, -0.04080869257450104, 0.012765343300998211, -0.0038889471907168627, -0.016540652140975, 0.03737429901957512, -0.015921955928206444, -0.0021670148707926273, 0.0030966373160481453, -0.023093780502676964, -0.009596103802323341, -0.015568415634334087, -0.01589670218527317, 0.01597246155142784, 0.01661641150712967, 0.009514031931757927, -0.017942188307642937, 0.005599831230938435, 0.02445743791759014, -0.01434364914894104, 0.01864926889538765, 0.01800532080233097, 0.007657943293452263, 0.013358785770833492, -0.008554421365261078, 0.011502698063850403, -0.016199737787246704, 0.009419333189725876, 0.0012460729340091348, 0.0002708768588490784, 0.07863754034042358, -0.004081500694155693, 0.002455845009535551, 0.006837223656475544, 0.0030919024720788, -0.008466036058962345, -0.11636538058519363, -0.02024020254611969, 0.0001351424871245399, 0.02223518118262291, 0.01577043905854225, 0.002387977670878172, 0.009798126295208931, 0.024204907938838005, -0.007973604835569859, 0.00934357475489378, -0.04027838259935379, -0.01744975708425045, 0.00646474352106452, -0.017184600234031677, 0.014684563502669334, -0.009905451908707619, 0.01892705075442791, -0.014937092550098896, -0.016401760280132294, 0.02689434215426445, -0.006379514932632446, -0.014381528832018375, 0.0034028287045657635, -0.02055586315691471, -0.03558134287595749, 0.015290632843971252, 0.0037279599346220493, 0.0034628044813871384, 0.008623866364359856, 0.017399251461029053, -0.011231228709220886, -0.009116298519074917, 0.026869090273976326, 0.015189621597528458, 0.02330842986702919, 0.001690366305410862, 0.005306266248226166, -0.023043274879455566, 0.0395965538918972, 0.0011245433706790209, 0.013421918265521526, -0.002732048509642482, -0.005224194377660751, 0.006969801615923643, 0.018030572682619095, -0.027702435851097107, -0.02103566937148571, -0.0007268101326189935, -0.010132728144526482, -0.011344866827130318, -0.018017947673797607, 0.006616260856389999, -0.010555713437497616, -0.040530912578105927, 0.023497827351093292, -0.008857456035912037, -0.004087813664227724, 0.003033505054190755, -0.031616635620594025, -0.013194642029702663, -0.00646474352106452, 0.00161618588026613, -0.013320907019078732, 0.007771580945700407, 0.028030723333358765, -0.018308354541659355, -0.03366212174296379, -0.019583627581596375, 9.736177889863029e-05, -0.020467478781938553, 0.0016556434566155076, 0.0014267890946939588, -0.0011087603634223342, 0.010524148121476173, -0.015189621597528458, 0.035404570400714874, 0.0006561808986589313, -0.0032165886368602514, -0.013838591054081917, -0.017462383955717087, -0.010139040648937225, -0.009236249141395092, 0.005337832495570183, -0.003323913551867008, 0.02868729829788208, 0.01944473572075367, 0.013459797948598862, -0.014381528832018375, 0.018775533884763718, -0.004185668658465147, 0.005625084508210421, 0.016641663387417793, 0.0026878558564931154, 0.013800712302327156, -0.004785425495356321, 0.014911839738488197, 0.014154252596199512, -0.009539284743368626, 0.02203315868973732, 0.061415061354637146, -0.014406781643629074, -0.03371262550354004, -0.022525589913129807, 0.009937017224729061, -0.013257774524390697, 0.015530535951256752, 0.009703428484499454, 0.015480030328035355, 0.006635200697928667, 0.0070139942690730095, -0.0048927501775324345, 0.03222270682454109, -0.0196088794618845, -0.0024511099327355623, 0.010233739390969276, -0.0032670944929122925, -0.034444961696863174, -0.012500187382102013, 0.01900281012058258, 0.005419904366135597, 0.014368901960551739, 0.028308505192399025, 0.02127557061612606, 0.021843761205673218, 0.003914200235158205, 0.05136440694332123, -0.0233463104814291, -0.007443293463438749, -0.023687222972512245, 0.011395372450351715, 0.011477445252239704, -0.01157214306294918, 0.0019934012088924646, -0.023560959845781326, 0.01489921286702156, 0.01864926889538765, -0.0037468995433300734, 0.0008609662181697786, 0.00856704730540514, 0.008819576352834702, 0.0419955775141716, 0.08343559503555298, -0.0217174980789423, -0.03984908387064934, -0.0018387270392850041, -0.06515248864889145, -0.01392697636038065, -0.006231153849512339, -0.03510153666138649, -0.005912336055189371, 0.011565829627215862, -0.01167315524071455, 0.020694755017757416, 0.0030824325513094664, 0.017980067059397697, -0.013611314818263054, 0.003945766016840935, -0.010366316884756088, 0.00649630930274725, -0.01222871895879507, 0.00606701010838151, -0.019381603226065636, 0.013194642029702663, 0.013990108855068684, 0.004504486918449402, 0.012740089558064938, -0.003248154651373625, -0.021376583725214005, -0.02195739932358265, 0.008731191977858543, -0.004738076124340296, -0.004106753505766392, -0.015429524704813957, 0.016123978421092033, 0.016401760280132294, -0.004040464758872986, 0.03303079679608345, -0.0012484404724091291, -0.014646683819591999, -0.007758954539895058, 0.01489921286702156, -0.0005843679537065327, 0.022411951795220375, 0.01681843400001526, -0.03174290060997009, 0.01909119449555874, 0.035404570400714874, 0.029899438843131065, -0.0057955412194132805, -0.019267965108156204, -0.0054262178018689156, -0.015176995657384396, 0.00882588978856802, -7.935922621982172e-05, -0.010688291862607002, 0.014520419761538506, 0.008137748576700687, -0.009236249141395092, 0.0024810978211462498, 0.00026357718161307275, 0.010801929980516434, 0.016502773389220238, -0.001946051954291761, 0.006300599314272404, -0.00866805948317051, -0.026566054672002792, -0.00815037451684475, 0.010240052826702595, -0.011988815851509571, -0.022765493020415306, 0.007380160968750715, 0.02654080279171467, -0.0048296176828444, 0.002957746386528015, 0.007070812862366438, 0.008080929517745972, -0.015959834679961205, 0.005236820783466101, -0.004116223193705082, 0.011881491169333458, -0.016275497153401375, 0.007784207817167044, 0.012430742383003235, -0.0038258149288594723, 0.02419228106737137, 0.025757962837815285, 0.025353915989398956, 0.012203466147184372, 0.022815998643636703, -0.03510153666138649, -0.0003513704868964851, -0.006729898974299431, -0.0015735715860500932, -0.00455183582380414, -0.03358636051416397, 0.001797691104002297, -0.016111353412270546, -0.04517744481563568, 0.018421992659568787, -0.003418611828237772, 2.5018624000949785e-05, 0.10161768645048141, 0.026717571541666985, 0.0057576620019972324, 0.004125693347305059, -0.005429374519735575, -0.008396590128540993, 0.0029182888101786375, -0.003608008613809943, -0.0055240727961063385, 0.011130217462778091, 0.03419243171811104, -0.00838396418839693, 0.014772948808968067, -0.03048025444149971, -0.027348894625902176, 0.014772948808968067, -0.016048220917582512, 0.025833720341324806, -0.00455183582380414, -0.015631547197699547, 0.036439940333366394, -0.014027988538146019, 0.017828550189733505, -0.010808242484927177, -0.016868939623236656, -0.007758954539895058, 0.012613825500011444, -0.0031929139513522387, -0.01693207211792469, -0.022449832409620285, 0.009564537554979324, -0.006938235368579626, -0.025429673492908478, -0.007948351092636585, -0.0014275782741606236, -0.014394154772162437, -0.01753814145922661, -0.0024132307153195143, -0.009836005978286266, 0.0025142421945929527, -0.008743817918002605, 0.020656876266002655, -0.028106482699513435, -0.022538216784596443, -0.005662963725626469, -0.010562026873230934, -0.014533046633005142, -0.02530341036617756, -0.011786792427301407]"
"En términos simples, las ""funciones cognitivas"" son las habilidades del individuo
para captar o tener la idea de una cosa o de algo, llegar a conocer su naturaleza,
cualidades y relaciones mediante el empleo de los órganos de los sentidos y un
complejo sistema cerebral. Las funciones cognitivas principales son la memoria, orientación, atención y concentración, lenguaje, calculo, praxia, funciones ejecutivas, funciones visuo-espaciales, funciones visuo-constructivas y cognición social. Memoria: Proceso por medio del cual la información o estímulo (la cual puede ser verbal, visual, auditiva, olfativa, de procedimientos) ingresa a una estructura específica del cerebro (hipocampo en el lóbulo temporal medial), se codifica, se almacena y luego, más tarde, se recupera. Es decir es la facultad del cerebro que permite recordar experiencias pasadas y registrar otras nuevas.
Orientación: Se refiere a la capacidad de darse cuenta y precisar la información en el espacio y en el tiempo, de tal manera que permite reconocer el lugar y alrededores de donde se encuentra así como las fechas, días, meses, estaciones y año actual.
Atención y concentración: Es la capacidad de seleccionar la información y dirigir los procesos mentales hacia dicho objetivo por un tiempo determinado. De esta manera, podemos tener noción de las actividades que se realizan, por ejemplo en dónde dejo las llaves.
Lenguaje: Podemos considerarlo como el proceso responsable de la integración y la emisión de los mensajes lingüisticos, que involucra a la capacidad de emitir las palabras, comprender, repetir, denominar, leer y escribir. Es exclusiva de la especie humana.
Cálculo: Es la capacidad del individuo de expresar algunas habilidades matemáticas.
Praxia: Es la capacidad de ejecutar una serie de actos concatenados y automáticos previamente aprendidos. Un ejemplo es el acto de encender un cigarrillo con un cerillo de fosforo, abrir el candado con una llave o el acto del cepillado de dientes con pasta dentífrica y cepillo de dientes.
Funciones ejecutivas: se refieren a un amplio conjunto de funciones de autorregulación que permiten el control, organización y coordinación de otras funciones cognitivas, respuestas emocionales y comportamientos. En resumen, hace referencia a la capacidad de hallar soluciones para un problema novedoso llevando a cabo predicciones de las consecuencias a las que nos puede llevar cada una de las soluciones imaginadas. Piense usted, en todos los procesos que lleva a cabo cuando desea programar un viaje de vacaciones: planificar las fechas; llamar a la agencia de viajes o al operador de vuelos o de transporte terrestre, decidir el hospedaje; cambiar sus planes de acuerdo a sus posibilidades económicas; cuando llega el día de partir, tomar decisiones para superar los incidentes del tráfico para llegar a tiempo; manejar sus emociones antes los inconvenientes no previstos al llegar a su destino. Todas estas actividades, involucran a las funciones ejecutivas y son el reflejo del funcionamiento de un parte de su cerebro, denominada corteza pre-frontal.
Funciones visuo-espaciales: son aquellas que nos permiten analizar, comprender y manejar el espacio en el que vivimos. Por las funciones visuoespaciales, tenemos conciencia de nuestra posición en el espacio en relación con otros objetos, así como la relación de unos objetos respecto a otros. Por ello, es que usted, puede calcular las distancias y no chocar con los objetos alrededor suyo; o puede imaginar rotando figuras de manera tridimesional.
Funciones visuo-constructivas: La habilidad constructiva, denominada también praxia constructiva o capacidad visuo-constructiva, hace referencia a la capacidad para dibujar o realizar construcciones bidimensionales o tridimensionales. Con esta habilidad usted es capaz de dibujar un rectángulo, un rombo, un círculo, rectángulos interpuestos o figuras tridimensionales como un cubo. Pero también, puede dibujar un reloj de manecillas.
Cognición Social: se refiere a cómo las personas procesan, almacenan y aplican información sobre otras personas y situaciones sociales. Se centra en el papel que desempeñan los procesos cognitivos en nuestras interacciones sociales. La forma en que pensamos sobre los demás juega un papel importante en la forma en que pensamos, sentimos e interactuamos con el mundo que nos rodea. Las personas no nos acercamos a las situaciones como observadores neutrales, sino que llevamos nuestros propios deseos y expectativas, que influyen en lo que vemos y recordamos. Por ejemplo, podemos darnos cuenta de las emociones de las demás personas, medir el grado de empatía, interpretar sus emociones y juicios morales, interpretar sus palabras mientras nos hablan y relacionarlas con sus gestos, tomar decisiones de acuerdo a ciertas circunstancias como frente a un juego de naipes o ante situaciones financieras.","[-0.03861050307750702, 0.023150969296693802, 0.05447888374328613, -0.023649252951145172, -0.03664292395114899, 0.010304225608706474, -0.0006751567707397044, 0.009582354687154293, -0.015421203337609768, -0.029590312391519547, 0.020046286284923553, 0.021988309919834137, -0.021834993734955788, 0.011307178996503353, -0.012725367210805416, 0.0072378721088171005, 0.023598145693540573, -0.02120894566178322, 0.003420900786295533, -0.01812981627881527, -0.012712591327726841, -0.004867836367338896, -0.011179414577782154, -0.017197133973240852, -0.01107720285654068, -0.009850661270320415, 0.011006931774318218, -0.01512734405696392, -0.002017085673287511, -0.04211125522851944, 0.031072383746504784, -0.00012916215928271413, -0.015740614384412766, -0.008336649276316166, -0.006100765895098448, -0.015996145084500313, -0.009141567163169384, -0.014079674147069454, -0.006142289377748966, 0.012418732047080994, 0.014833485707640648, 0.022524923086166382, -0.01520400308072567, -0.013888026587665081, 0.009167119860649109, 0.027699394151568413, -0.038048338145017624, -0.020863981917500496, -0.03258000686764717, 0.015472309663891792, 0.010387272574007511, 0.04944495111703873, -0.03855939581990242, -0.0034911714028567076, -0.001200988539494574, -0.013159767724573612, -0.02045513316988945, 0.008892425335943699, 0.026370640844106674, -0.031123489141464233, -0.010253120213747025, -0.01682661473751068, -0.021592240780591965, 0.003091906663030386, 0.016519980505108833, -0.002521756337955594, 0.019662993028759956, -0.009665402583777905, -0.01059169601649046, 0.00941626075655222, 0.003915989305824041, -0.004200265742838383, 0.0030599653255194426, -0.00013525094254873693, 0.05133587121963501, 0.007602001540362835, -0.024160310626029968, 0.003401736030355096, 0.011607426218688488, 0.01927969790995121, 0.00935237854719162, -0.0405525267124176, -0.02505466341972351, 0.026523958891630173, -0.0033027182798832655, 0.013990238308906555, 0.01230374351143837, 0.02508021704852581, 0.005608872044831514, 0.002309347502887249, -0.01685216836631298, -0.007831978611648083, 0.026268430054187775, -0.004752848297357559, -0.020812874659895897, 0.026447299867868423, -0.004193877335637808, 0.0009422649163752794, -0.01930525153875351, -0.005085036624222994, -0.02495245262980461, 0.017848733812570572, -0.04073139652609825, -0.006733201444149017, 0.00022199122759047896, -0.004586753901094198, 0.011428555473685265, 0.01145410817116499, 0.011594649404287338, -0.02515687607228756, 0.0013024017680436373, 0.003832942107692361, -0.013773038052022457, -0.024888569489121437, 0.005005183629691601, 0.014373532496392727, 0.020634004846215248, -0.009946484118700027, -0.015996145084500313, -0.03720508888363838, -0.004934913013130426, -0.004356777295470238, 0.012207920663058758, -0.011006931774318218, 0.002563280053436756, 0.0016753150848671794, 0.004270536359399557, -0.0002353665913688019, -0.02312541753053665, -0.009492919780313969, -0.037818361073732376, 0.01145410817116499, 0.008585790172219276, 0.016647744923830032, 0.00278527126647532, -0.0037786420434713364, -0.008898813277482986, 0.03585078567266464, -0.01054059062153101, -0.021834993734955788, 0.019714098423719406, -0.001825438579544425, -0.027673840522766113, -0.008681613951921463, 0.012885073199868202, 0.014105226844549179, 0.032273370772600174, 0.03533972427248955, 0.03020358271896839, 0.023061534389853477, 0.014207438565790653, -0.004781594965606928, 0.0034847832284867764, 0.0009869826026260853, 0.005212801042944193, -0.004197071306407452, 0.010949437506496906, 0.011102755554020405, -0.005398060195147991, -0.01570228673517704, 0.03148122876882553, -0.0290792528539896, 0.01174157951027155, 0.008336649276316166, 0.042724527418613434, 0.015715062618255615, 0.012782861478626728, 0.011569096706807613, 0.02690725214779377, -0.015280662104487419, 0.0005869192536920309, 0.015715062618255615, -0.02688170038163662, 0.016711628064513206, 0.016341108828783035, -0.007780872285366058, 0.02798047661781311, 0.009793167002499104, -0.037895020097494125, -0.005302236415445805, 0.0022151211742311716, 0.014935697428882122, 0.013568614609539509, -0.0028156153857707977, -0.030586877837777138, 0.002580847591161728, 0.03240113705396652, 0.01468016766011715, 0.0033091066870838404, -0.01192683819681406, -0.019995180889964104, 0.0116393668577075, 0.027724947780370712, -0.01970132254064083, -0.6198122501373291, -0.003127041971310973, 0.008445248939096928, -0.04435991495847702, 0.0030455917585641146, 0.021170616149902344, 0.025795700028538704, 0.010617249645292759, -0.005851624999195337, -0.04545869305729866, 0.0033474359661340714, 0.006854577921330929, -0.0006172633729875088, -0.01677550934255123, -0.04295450448989868, -0.03278443217277527, -0.013223649933934212, 0.0031637742649763823, 0.026102334260940552, 0.01852588728070259, -0.007103719282895327, 0.009192672558128834, -0.020672334358096123, 0.016238898038864136, -0.00335701834410429, 0.005196830723434687, 0.02442861720919609, -0.0010285060852766037, -0.0002060206315945834, 0.03735840693116188, -0.007978907786309719, -0.0046634129248559475, 0.0027948536444455385, 0.018385345116257668, 0.0464041531085968, -0.018819745630025864, -0.013811367563903332, 0.02097896859049797, -0.015766168013215065, 0.04699186980724335, 0.011153860948979855, -0.006375460419803858, 0.01041282620280981, -0.005529019050300121, 0.019139157608151436, 0.013198097236454487, 0.010035919956862926, -0.021170616149902344, -0.013210873119533062, -0.0116393668577075, 0.00196278584189713, -0.0176315326243639, -0.013325861655175686, 0.005560960154980421, -0.0014772797003388405, -0.01337696798145771, 0.014386309310793877, -0.03710287809371948, 0.013198097236454487, -0.020250709727406502, -0.013517509214580059, -0.002189568243920803, -0.028593746945261955, -0.012022661045193672, -0.02562960609793663, 0.059947215020656586, -0.027137229219079018, -0.01622612029314041, 0.016916051506996155, -0.02790381759405136, -0.012757308781147003, 0.019662993028759956, -0.0062764426693320274, -0.007716990076005459, 0.021834993734955788, -0.019995180889964104, 0.03746062144637108, -0.013000061735510826, 0.004289701115339994, 0.011626590974628925, 0.010470319539308548, -0.01588115654885769, -0.032196711748838425, -0.013849697075784206, 0.006506419274955988, -0.0202762633562088, -0.013849697075784206, 0.010949437506496906, 0.0006260472000576556, 0.0030759358778595924, 0.003832942107692361, -0.0017184356693178415, -0.001626604818738997, -0.035544149577617645, -0.010783343575894833, 0.008681613951921463, -0.017261015251278877, 0.013389743864536285, 0.023700358346104622, 0.005928283557295799, 0.0061103482730686665, -0.02565515786409378, 0.00756367202848196, 0.015485085546970367, 0.01186295598745346, 0.015868380665779114, -0.007857531309127808, 0.01800205186009407, 0.05217911675572395, -0.0352119617164135, -0.02688170038163662, 0.009135178290307522, 0.021541133522987366, 0.01285313256084919, 0.0007170795579440892, -0.023035980761051178, 0.022524923086166382, 0.02035292237997055, -0.004257759544998407, 0.0028763036243617535, -0.006771530956029892, -0.008477190509438515, 0.014437414705753326, -0.027571629732847214, 0.012603990733623505, -0.0051648891530931, -0.009748449549078941, -0.012712591327726841, 0.0016529562417417765, -0.001590670901350677, -0.004781594965606928, -0.005340565927326679, -0.004334418568760157, 0.010949437506496906, 0.01857699267566204, 0.011632978916168213, 0.011537155136466026, -0.0021943592000752687, 0.005861207377165556, -0.016545532271265984, -0.030995724722743034, -0.019420240074396133, 0.008656060323119164, -0.01336419116705656, -0.004449406638741493, -0.01747821643948555, -0.022397158667445183, -0.006011330522596836, -0.0411657989025116, -0.014667391777038574, -0.007927801460027695, -0.0292581245303154, -0.007755319122225046, 0.039223771542310715, 0.016366662457585335, -0.0032995243091136217, -0.0205828994512558, -0.00263834185898304, -0.019394686445593834, -0.012354849837720394, -0.012929790653288364, 0.025949018076062202, 0.0017487797886133194, 0.010438378900289536, -0.03756283223628998, -0.017797626554965973, -0.003273971378803253, 0.02562960609793663, -0.026242876425385475, -0.04918942227959633, 0.017018262296915054, 0.006401013117283583, -0.002485024044290185, 0.000762595736887306, 0.004947689361870289, 0.01680106297135353, -0.005845236591994762, 0.002401977078989148, 0.0292581245303154, -0.005017959978431463, -0.0007558082579635084, 0.002593624172732234, -0.01690327376127243, -0.009262943640351295, 0.00796613097190857, -0.007142048794776201, -0.0005537802935577929, -0.013645273633301258, -0.0038457184564322233, 0.012476226314902306, 0.03618297353386879, 0.015370097942650318, -0.012610379606485367, -0.0031637742649763823, -0.013479179702699184, 0.026064006611704826, -0.0037658654619008303, -0.02085120417177677, -0.025374075397849083, 0.020710663869976997, 0.025450734421610832, 0.004404689185321331, -0.0011586664477363229, -0.017363227903842926, 0.027597183361649513, 0.0006939222221262753, 0.014654614962637424, -0.006618213374167681, -0.0013303502928465605, -0.015536191873252392, 0.0006464096950367093, -0.02680504135787487, -0.01562562771141529, -0.01792539283633232, -0.0025265475269407034, 0.0411657989025116, 0.009959260933101177, 0.027188334614038467, -0.01630277931690216, -0.029411442577838898, 0.01468016766011715, 0.0037115656305104494, 0.013070331886410713, -0.0011115531669929624, -0.017388779670000076, 0.02377701736986637, -0.007633942645043135, 0.025872359052300453, -0.0078064254485070705, -0.013875249773263931, -0.01226541493088007, 0.008739108219742775, 0.01614946313202381, 0.008854095824062824, -0.013108661398291588, 0.03991370275616646, -0.002675074152648449, -0.008739108219742775, 0.024415841326117516, -0.014284097589552402, -0.015740614384412766, 0.024863017722964287, -0.0027581211179494858, -0.010668355040252209, -0.0031478037126362324, -0.00757644884288311, 0.02492689900100231, 0.013453626073896885, 0.02035292237997055, 0.01935635693371296, 0.0022039415780454874, -0.02690725214779377, -0.030765747651457787, -0.022192735224962234, -0.010170073248445988, 0.0060049425810575485, 0.020122945308685303, -0.026293981820344925, 0.008719943463802338, 0.03513530269265175, 0.01158826146274805, -0.013210873119533062, 0.018270356580615044, -0.000871994299814105, -0.00011369065032340586, -0.026370640844106674, 0.02803158201277256, -0.01520400308072567, -0.0205573458224535, -0.0009766017319634557, -0.022984875366091728, -0.007090942934155464, -0.009441813454031944, 0.012405955232679844, 0.01232929714024067, 0.021490028128027916, -0.006164648570120335, 0.0038808537647128105, 0.009544025175273418, 0.01705659180879593, -0.024888569489121437, -0.004589947871863842, 0.01680106297135353, 0.03743506595492363, 0.014935697428882122, -0.012150426395237446, -0.005848430562764406, -0.015280662104487419, -0.03235002979636192, -0.009039354510605335, -0.02677948772907257, 0.0072378721088171005, -0.02795492298901081, -0.0016290004132315516, -0.009914543479681015, 0.004254565574228764, 0.023943111300468445, 0.032043393701314926, -0.036668479442596436, -0.03487977385520935, -0.0029322006739676, -0.029820289462804794, -0.014220214448869228, -0.0025265475269407034, 0.0003988655225839466, 0.03876382112503052, -0.021490028128027916, -0.0007637935341335833, 0.006547942757606506, -0.0173760037869215, 0.01461628545075655, -0.0009047340136021376, -0.010182849131524563, -0.001803079852834344, 0.021298380568623543, 0.0006484060431830585, -0.012770085595548153, 0.005334177520126104, 0.014437414705753326, 0.0019324416061863303, 0.0006871346849948168, -0.022397158667445183, 0.01461628545075655, 0.0026990300975739956, 0.013389743864536285, 0.004500512965023518, -0.028849277645349503, 0.01046393159776926, -0.005321401171386242, -0.023572593927383423, -0.04770735278725624, -0.010425602085888386, 0.02695835940539837, 0.009390708059072495, -0.01171602588146925, 0.003788224421441555, 0.03595299646258354, 0.0013974268222227693, 0.004922136198729277, 0.016634969040751457, -0.012929790653288364, -0.017439886927604675, -0.010898332111537457, 0.013836920261383057, 0.012297355569899082, -0.011300791054964066, 0.005072259809821844, 0.013210873119533062, -0.006995119154453278, -0.0033154948614537716, 0.025949018076062202, 0.028900383040308952, 0.014411862008273602, -0.026242876425385475, 0.015178450383245945, 0.015485085546970367, -0.004139577504247427, 0.015025132335722446, 0.007614778354763985, 0.02688170038163662, 0.01570228673517704, 0.004082083236426115, 0.019739652052521706, -0.0040948595851659775, 0.02372591197490692, -0.0040182010270655155, 0.03275887668132782, -0.027188334614038467, -0.0024147534277290106, -0.010968602262437344, 0.030740195885300636, 0.004328030161559582, 0.00024275299801956862, -0.0014173900708556175, 0.006305189803242683, -0.012099320068955421, -0.022844335064291954, -0.028823724016547203, 0.014859038405120373, 0.008445248939096928, 0.04545869305729866, 0.01825758069753647, 0.003743506735190749, -0.02393033541738987, 0.004772012587636709, 0.005334177520126104, -0.02212885208427906, -0.019816311076283455, -0.00927571952342987, 0.0036732361186295748, 0.002536129904910922, 0.01337696798145771, -0.012131261639297009, -0.0067587546072900295, 0.003692400874570012, -0.01975242793560028, -0.04410438612103462, -0.00995287299156189, 0.015255109407007694, 0.018666427582502365, 0.009492919780313969, -0.018896404653787613, -0.0015204002847895026, 0.022167181596159935, 0.0032212682999670506, -0.025399629026651382, -0.029820289462804794, -0.030050264671444893, 0.019266922026872635, -0.021745556965470314, 0.004273730330169201, -0.025144100189208984, -0.007455072365701199, -0.0005917104426771402, -0.024236969649791718, -0.009901766665279865, -0.010751402005553246, 0.036770690232515335, 0.0009502501925453544, 0.007659495808184147, 0.01915193349123001, 0.016864944249391556, 0.007800037041306496, -0.042571209371089935, 0.012865908443927765, -0.023087088018655777, 0.00783836655318737, -0.03237558528780937, 0.009748449549078941, -0.002552100457251072, -0.010661967098712921, 0.01521677989512682, -0.013862473890185356, -0.024364734068512917, 0.017759298905730247, -0.023138193413615227, 0.04584198817610741, 0.011268849484622478, -0.017682639881968498, 0.007895860821008682, 0.00808750744909048, 0.021272828802466393, 0.027341652661561966, -0.021886099129915237, 0.0006068825023248792, -0.03993925452232361, 0.032171159982681274, 0.010023143142461777, -0.028798170387744904, -0.0035135301295667887, 0.021515581756830215, -0.024748029187321663, -0.01852588728070259, 0.02915591187775135, -0.011575484648346901, 0.024914123117923737, -0.007499789819121361, -0.012469838373363018, -0.004542036447674036, -0.01191406138241291, -0.017465438693761826, 0.03896824270486832, -0.0116649204865098, 0.003211685921996832, -0.013862473890185356, -0.010872778482735157, 0.0007122883689589798, -0.021285604685544968, 0.023419275879859924, -0.03273332491517067, -0.013888026587665081, 0.028721511363983154, -0.009448202326893806, 0.04423215240240097, -0.003532694885507226, 0.020467910915613174, -0.03395986557006836, -0.006017718929797411, 0.009441813454031944, -0.025310194119811058, -0.011632978916168213, -0.014514073729515076, 0.02667727693915367, 0.019343581050634384, 0.010891943238675594, 0.008841319940984249, 0.01080250833183527, 0.005455553997308016, -0.001970771001651883, -0.0010237148962914944, 0.014207438565790653, -0.007116495631635189, -0.03163454681634903, 0.008560237474739552, -0.0011610620422288775, 0.011236907914280891, 0.00642017787322402, -0.013875249773263931, -0.0011051649926230311, 0.024760805070400238, -0.013696379028260708, -0.018091486766934395, -0.00881576631218195, -0.007978907786309719, -0.009575966745615005, 0.02092786319553852, -0.004085277207195759, 0.010023143142461777, -0.011805461719632149, 0.020071839913725853, 0.002683059312403202, 0.003283553756773472, 0.014220214448869228, 0.007621166296303272, 0.017312120646238327, -0.02677948772907257, 0.015165673568844795, 0.004359971731901169, 0.0146290622651577, -0.0008887634030543268, -0.012859520502388477, -0.04177906736731529, -0.0068929074332118034, 0.022218286991119385, -0.009978425689041615, 0.002528144745156169, 0.0005222383770160377, -0.00028647249564528465, -0.004136383067816496, 0.006880131084471941, 0.011121920309960842, 0.008656060323119164, 0.007384801749140024, -0.00928849633783102, -0.016737179830670357, -0.002513771178200841, 0.008777436800301075, 0.0024738446809351444, -1.865315243776422e-05, 0.022409934550523758, -0.00152359448838979, 0.020046286284923553, -0.006995119154453278, -0.01640499196946621, 0.0015858797123655677, -0.01867920346558094, 0.06173592060804367, -0.03260555863380432, 0.030126923695206642, 0.019139157608151436, 0.005781354382634163, -0.004992406815290451, 0.011965167708694935, 0.041446879506111145, 0.010898332111537457, 0.027827158570289612, 0.026089558377861977, -0.012476226314902306, -0.018410898745059967, 0.004548424389213324, 0.01697993278503418, -0.01760598085820675, -0.04783511534333229, -0.0026495212223380804, 0.009282107464969158, -0.008937142789363861, -0.002306153532117605, 0.01745266281068325, 0.0012928193900734186, 0.011319955810904503, -0.006183813326060772, -0.011875731870532036, -0.014347979798913002, -0.018934734165668488, -0.031174594536423683, 0.028695959597826004, 0.002660700585693121, 0.00962707307189703, -0.001766347442753613, 0.01264232024550438, -0.02283155731856823, 0.009972037747502327, -0.024211417883634567, 0.017887063324451447, 0.008624119684100151, 0.02408365160226822, -0.0234320517629385, 0.0009973634732887149, 0.019637439399957657, -0.009390708059072495, 0.009460978209972382, 0.016443321481347084, 0.008042789995670319, 0.021873323246836662, 0.010891943238675594, -0.02568071149289608, 0.01395190879702568, 0.002405171049758792, 0.010304225608706474, -0.014501296915113926, 0.0042034597136080265, -0.014232991263270378, 0.009671790525317192, -0.00935237854719162, -0.0001600053656147793, 0.0034911714028567076, -0.02178388647735119, -0.017388779670000076, 0.0009574369760230184, -0.027111677452921867, -0.018244804814457893, -0.002338094636797905, 0.005583318881690502, 0.05243464559316635, 0.006720425095409155, 0.009646237827837467, 0.0024930094368755817, 0.01085361372679472, -0.011556319892406464, -0.01850033365190029, 0.02387922815978527, 0.004117218777537346, -0.027520524337887764, 0.036821797490119934, -0.03830386698246002, -0.006177424918860197, -0.021234499290585518, 0.004835895262658596, -0.006330742500722408, -0.01570228673517704, 0.02700946480035782, -0.021490028128027916, -0.034266501665115356, 0.01907527446746826, 0.008125836960971355, 0.015344544313848019, -0.004165130201727152, -0.008291930891573429, 0.01225263811647892, 0.009116013534367085, -0.0049572717398405075, -0.007780872285366058, -0.03278443217277527, -0.0027533299289643764, -0.015970591455698013, -0.007033448666334152, 0.024070875719189644, -0.027443865314126015, 0.01455240324139595, 0.02272934652864933, -0.0006639773491770029, 0.015382873825728893, -0.028670405969023705, -0.010502261109650135, -0.02500355802476406, 0.025770146399736404, 0.003676430322229862, 0.014054120518267155, 0.00018555831047706306, -0.020059064030647278, -0.02430085279047489, 0.01870475709438324, 0.008841319940984249, -0.010693908669054508, 0.0042322068475186825, 0.02105562761425972, 0.022793227806687355, 0.02785271219909191, -0.017133250832557678, -0.026012899354100227, -0.00021340703824535012, 0.010310614481568336, -0.0354163832962513, 0.027290547266602516, -0.005346954334527254, 0.029590312391519547, 0.02000795677304268, 0.012687037698924541, -0.0027293742168694735, -0.008208883926272392, -0.027699394151568413, 0.014335202984511852, -0.009441813454031944, 0.03539083153009415, 0.027776053175330162, -0.010029532015323639, 0.005209607072174549, 0.007333695888519287, 0.014475744217634201, 0.015331768430769444, -0.020697886124253273, -0.00031541919452138245, -0.013773038052022457, -0.008304707705974579, -0.013070331886410713, -0.001025311998091638, -0.018321461975574493, -0.0043887184001505375, -0.0014780783094465733, -0.040373656898736954, -0.0032148801255971193, 0.028517087921500206, -0.018589768558740616, -0.017197133973240852, -0.0032292536925524473, 0.006378654390573502, -0.014782379381358624, 0.0007665884331800044, 0.018014827743172646, 0.016136685386300087, -0.0028794975951313972, -0.01106442604213953, -0.0057909367606043816, -0.007455072365701199, 0.017861509695649147, 0.0025457122828811407, -0.02555294707417488, 0.012009885162115097, -0.01231652032583952, -0.01685216836631298, 0.00941626075655222, -0.018385345116257668, 0.02468414604663849, 0.010080637410283089, 0.014948474243283272, 0.018909180536866188, 0.022064968943595886, -0.007863919250667095, -0.03283553570508957, 0.0013750679790973663, 0.0087007787078619, 0.018091486766934395, -0.0039096008986234665, -0.025667935609817505, 0.016583861783146858, 0.007263425271958113, 0.007225095760077238, -0.05044151842594147, -0.0291303601115942, -0.0068865190260112286, 0.009320436976850033, -0.042724527418613434, -0.000864807516336441, 0.010495873168110847, -0.0024658592883497477, 0.014322427101433277, -0.011837402358651161, 0.023968664929270744, -0.009345990605652332, -0.03163454681634903, 0.003979871515184641, 0.001985144568607211, -0.003459230065345764, 0.023214852437376976, -0.0043376125395298, 0.005612066015601158, -0.0029258124995976686, 0.023317063227295876, 0.003583800746127963, 0.008349425159394741, 0.17907504737377167, -0.01995685137808323, -0.004069306887686253, 0.019215816631913185, 4.501710645854473e-05, 0.023470381274819374, 0.018666427582502365, -0.0036253242287784815, 0.005445971619337797, 0.01593226194381714, -0.008343037217855453, -0.013057556003332138, -0.031915631145238876, 0.021349487826228142, 0.017222685739398003, -0.028619300574064255, -0.025348523631691933, -0.022614357993006706, -0.0025904299691319466, -0.019790757447481155, 0.028721511363983154, -0.009096848778426647, 0.015242332592606544, -0.03048466518521309, 0.04801398888230324, -0.01230374351143837, 0.012789249420166016, -0.0009039355209097266, 0.037818361073732376, 0.014667391777038574, -0.006206172052770853, 0.03375544399023056, 0.012457061558961868, 0.015574521385133266, -0.022972099483013153, 0.0102658960968256, 0.0029353948775678873, 0.0010836046421900392, 0.001803079852834344, -0.010572532191872597, 0.01742710918188095, 0.01570228673517704, 0.0031334301456809044, -0.009569578804075718, 0.02818490006029606, 0.04895944520831108, 0.014296873472630978, -0.02688170038163662, -0.0017759298207238317, 0.01972687430679798, -0.04451323300600052, 0.003222865518182516, -0.01747821643948555, 0.024811910465359688, 0.01565117947757244, 0.026000123471021652, 0.010259508155286312, -0.0018861269345507026, -0.011984332464635372, 0.018896404653787613, -0.023470381274819374, 0.008822155185043812, -0.002339691622182727, 0.005921895615756512, 0.025489063933491707, -0.0005066670128144324, 0.0010955826146528125, -0.022742122411727905, -0.0002814816834870726, 0.005541795399039984, -0.007768095936626196, -0.018372569233179092, -0.02270379289984703, -0.0005721464403904974, -0.002778882859274745, -0.018640873953700066, 0.019190263003110886, 0.030970171093940735, 0.000557373627088964, 0.041549090296030045, 0.003999036271125078, -0.014577955938875675, -0.023713134229183197, -0.005410836543887854, 0.0010907914256677032, -0.02288266457617283, 0.019420240074396133, -0.0008376575424335897, 0.002425932791084051, -0.02082565240561962, -0.012878685258328915, -0.011096367612481117, -0.009186284616589546, -0.024569157510995865, 0.027699394151568413, 0.012706202454864979, 0.014335202984511852, 0.024313628673553467, -0.014884591102600098, 0.0009039355209097266, -0.033193279057741165, 0.047375164926052094, 0.02905370108783245, 0.0349053256213665, 0.014692944474518299, 0.0036828184965997934, -0.006956789642572403, 0.01402856782078743, 0.0010013560531660914, -0.011089978739619255, -0.010968602262437344, -0.014692944474518299, -0.014859038405120373, -0.00933960173279047, -0.009793167002499104, 0.008202495984733105, -0.0005074655637145042, -0.022090522572398186, 0.011920449323952198, -0.0040661124512553215, 0.008374977856874466, -0.020634004846215248, -0.01910082809627056, 0.007448683958500624, 0.012885073199868202, -0.004244983196258545, -0.04088471457362175, 0.01998240500688553, 0.009805942885577679, -0.0174015574157238, 0.011281626299023628, -0.013875249773263931, 0.03533972427248955, -0.0009566384251229465, -0.0005881170509383082, -0.019036944955587387, 0.006880131084471941, 0.01943301595747471, -0.008272766135632992, 0.004328030161559582, -0.027597183361649513, -0.030637983232736588, -0.013760262168943882, 0.02265268750488758, 0.0019005003850907087, -0.022409934550523758, 0.00395751278847456, -9.588593457010575e-06, -0.03247779607772827, 0.0003773052303586155, -0.02022515796124935, 0.01635388657450676, 0.021413369104266167, -0.0203784741461277, 0.014718497171998024, 0.016813838854432106, -0.0001223746658070013, -0.00039427398587577045, 0.007352860644459724, -0.024198640137910843, -0.02372591197490692, -0.01758042722940445, 0.017887063324451447, 0.013402520678937435, -0.016098355874419212, 0.008969084359705448, -0.15597519278526306, 0.009358766488730907, -0.010023143142461777, -0.03976038470864296, 0.0005342162912711501, -0.00391279486939311, 0.02165612205862999, 0.002683059312403202, -0.00243551516905427, -0.018768640235066414, 0.0017599592683836818, -0.0351608544588089, -0.025067441165447235, -0.01572783850133419, -0.023112639784812927, -0.022588804364204407, -0.008272766135632992, 0.006982342805713415, 0.027648288756608963, 0.02497800625860691, 0.02695835940539837, -0.03942819684743881, 0.01622612029314041, 0.0054363892413675785, -0.006554330699145794, -0.009167119860649109, 0.005535406991839409, -0.00756367202848196, -0.0036349066067487, -0.032094500958919525, 0.012284578755497932, -0.011984332464635372, 0.024262523278594017, 0.007946966215968132, -0.0016385826747864485, 0.01205460261553526, -0.01907527446746826, -0.018743086606264114, -0.0205573458224535, 0.004011812619864941, 0.006995119154453278, 0.03717953711748123, -0.0027325681876391172, 0.014079674147069454, 0.0030759358778595924, 0.018973063677549362, 0.01342807337641716, -0.02223106287419796, -0.0006400214624591172, -0.007787260692566633, 0.0015667150728404522, -0.01912637986242771, 0.008579402230679989, -0.0077744838781654835, 0.01998240500688553, -0.018219251185655594, -0.0009350781328976154, 0.026396194472908974, 0.004344000946730375, -0.0034624242689460516, 0.00638823676854372, -0.031046830117702484, 0.011109143495559692, 0.013836920261383057, 0.010821673087775707, 0.01690327376127243, 0.00896269641816616, -0.016519980505108833, -0.03263111412525177, 0.019036944955587387, 0.004835895262658596, -0.014731273986399174, 0.0074806250631809235, -0.020787322893738747, 0.004701742436736822, 0.0233298409730196, -0.022141627967357635, -0.011735190637409687, -0.034368712455034256, 0.025642381981015205, -0.019765203818678856, 0.011096367612481117, -0.030101371929049492, -0.041242457926273346, -0.013453626073896885, -0.007761707529425621, 0.012195143848657608, -0.010764178819954395, -0.0005661574541591108, -0.00457717152312398, 0.005241548176854849, -0.04579088091850281, -0.007627554703503847, -0.006784307304769754, -0.011160249821841717, 0.031123489141464233, 0.013479179702699184, -0.013274756260216236, 0.01910082809627056, -0.02930922992527485, -0.014322427101433277, -0.0034720066469162703, -0.0203018169850111, 0.0030408005695790052, 0.01812981627881527, 0.004599530249834061, -0.01081528514623642, 0.009467367082834244, 0.03743506595492363, -0.002936991862952709, 0.01335141435265541, 0.008604954928159714, 0.017069367691874504, 0.021285604685544968, -0.01948412135243416, 0.010042307898402214, -0.03135346621274948, 0.010840837843716145, 0.011575484648346901, -0.0024291269946843386, 0.0583118237555027, -0.0023333034478127956, -0.017465438693761826, -0.00010710278002079576, -0.000996564980596304, -0.0035518596414476633, -0.12122318148612976, -0.02115784026682377, 0.0004054534074384719, 0.04558645561337471, 0.009460978209972382, 0.0021145064383745193, -0.006912072189152241, 0.013773038052022457, -0.0006340324762277305, 0.016916051506996155, -0.03247779607772827, -0.016341108828783035, 0.0013463208451867104, -0.008036402054131031, -0.00196278584189713, 0.013274756260216236, 0.019765203818678856, -0.01390080340206623, 0.0018925151089206338, 0.023061534389853477, 0.023368170484900475, -0.0007917420589365065, -0.009505696594715118, -0.019139157608151436, -0.030867960304021835, 0.016290003433823586, -0.008081119507551193, -0.001568312058225274, 0.013773038052022457, 0.006873742677271366, -0.03127680718898773, -0.006611824966967106, 0.02795492298901081, -0.010182849131524563, 0.03398542106151581, 0.01508901547640562, 0.008656060323119164, -0.025565722957253456, 0.025642381981015205, 0.005762189626693726, 0.007991683669388294, -0.0033378535881638527, 0.015446756035089493, -0.010253120213747025, 0.004982824437320232, -0.009933708235621452, -0.017094921320676804, -0.023048758506774902, -0.022294946014881134, -0.008483578450977802, -0.017465438693761826, -0.012016273103654385, -0.003189327195286751, -0.04888278618454933, 0.020570121705532074, -0.011735190637409687, -0.004471765831112862, -0.008304707705974579, -0.015280662104487419, -0.012073767371475697, -0.0025552946608513594, -0.013274756260216236, -0.025399629026651382, 0.02680504135787487, 0.029615866020321846, -0.012246250174939632, -0.04699186980724335, -0.02698391117155552, 0.006167842540889978, -0.024173088371753693, 0.016392216086387634, 0.021247275173664093, -0.009173507802188396, 0.023674804717302322, -0.00599536020308733, 0.03881492465734482, -0.003026427235454321, -0.0029322006739676, -0.017043815925717354, -0.021949980407953262, -0.01291701477020979, -0.013012838549911976, 0.0173760037869215, -0.017184356227517128, 0.014003015123307705, 0.010285060852766037, 0.005707889329642057, -0.009799554944038391, 0.02688170038163662, -0.012789249420166016, 0.0003962703049182892, 0.00810028426349163, 0.018040381371974945, -0.009326825849711895, -0.00875188410282135, -0.01205460261553526, -0.00425137160345912, 0.015510638244450092, 0.011767132207751274, 0.04778401181101799, -0.0003287945582997054, -0.022869886830449104, -0.026396194472908974, 0.009895378723740578, -0.006119930651038885, 0.0024802328553050756, 0.00448134820908308, 0.01917748712003231, -0.0014884591801092029, -0.006841801572591066, -0.004216236062347889, 0.04581643268465996, -0.020838428288698196, -0.005794130731374025, 0.0014493311755359173, -0.0012265414698049426, -0.042698975652456284, -0.00941626075655222, 0.02683059498667717, -0.007538119331002235, 0.011058038100600243, 0.020697886124253273, -0.003772253869101405, 0.012495391070842743, 0.015957815572619438, 0.020672334358096123, -0.024326404556632042, -0.020467910915613174, -0.03143012523651123, -0.0018366180593147874, -0.010125354863703251, -0.009333213791251183, -0.006075213197618723, -0.01878141611814499, 0.01912637986242771, 0.03590188920497894, -0.0032580008264631033, -0.019522450864315033, 0.022346051409840584, 0.004181100986897945, 0.02795492298901081, 0.07481902837753296, -0.02818490006029606, -0.030919065698981285, -0.008355814032256603, -0.04078250378370285, 0.005861207377165556, -0.024313628673553467, -0.03245224058628082, -0.008777436800301075, 0.01112830825150013, -0.0008304707589559257, 0.007761707529425621, 0.006803472060710192, 0.017465438693761826, -0.024326404556632042, 0.0006871346849948168, -0.006880131084471941, 0.007633942645043135, -0.011460497044026852, 0.020199604332447052, -0.012616767548024654, 0.03367878496646881, 0.01920303888618946, 0.0054363892413675785, -0.012035437859594822, -0.002617579884827137, -0.019560780376195908, 0.0003493567055556923, 0.009218225255608559, 0.0011570693459361792, -0.01972687430679798, -0.022397158667445183, 0.022435488179326057, 0.022294946014881134, 0.00012516950664576143, 0.028925936669111252, -0.0020873562898486853, 0.022192735224962234, 0.01259121485054493, 0.010930272750556469, 0.027316100895404816, 0.022141627967357635, -0.006816248409450054, -0.012623155489563942, 0.03388320654630661, 0.026319535449147224, 0.025425182655453682, 0.009895378723740578, 0.0002860732201952487, -0.006020912900567055, -0.01627722755074501, 0.01920303888618946, -0.007059001363813877, -0.006982342805713415, -0.008713554590940475, 0.020570121705532074, 0.01745266281068325, -0.006260471884161234, 0.006375460419803858, 0.020634004846215248, 0.020097393542528152, 0.013338638469576836, -0.009122402407228947, 0.0036221302580088377, -0.008336649276316166, -0.0027868682518601418, 0.00539486575871706, 0.0004894986632280052, -0.013325861655175686, 0.006982342805713415, 0.029871394857764244, 0.008547460660338402, 0.0028954683803021908, 0.02293376997113228, -0.004503706935793161, -0.027699394151568413, 0.020442357286810875, 0.0007426324882544577, -0.003516724333167076, -0.013888026587665081, 0.0035901889204978943, 0.021962758153676987, 0.00671403668820858, 0.030612429603934288, 0.003775447839871049, 0.02087675780057907, 0.019586334004998207, 0.03613186627626419, -0.05171916261315346, 0.003839330282062292, -0.002703821286559105, 0.0005581721779890358, -0.010642802342772484, -0.01284035574644804, 0.004992406815290451, -0.021592240780591965, -0.019011393189430237, -0.007761707529425621, -0.010176461189985275, 0.014705721288919449, 0.11222854256629944, -0.00026610997156240046, -0.002954559400677681, -0.006918460130691528, -0.0002842765243258327, -0.010118966922163963, -0.0005665567587129772, 0.0005222383770160377, 0.003628518432378769, 0.0003116261796094477, 0.023393722251057625, -0.0011514796642586589, 0.013798591680824757, -0.020812874659895897, -0.025118546560406685, 0.0019468151731416583, -0.024326404556632042, 0.029615866020321846, -0.01907527446746826, -0.026345089077949524, 0.02588513493537903, -0.02505466341972351, 0.024722475558519363, 0.00539486575871706, -0.021860545501112938, -0.0001722827582852915, 0.014769603498280048, 0.001876544556580484, -0.01695438101887703, -0.033499911427497864, 0.0289770420640707, -0.003114265389740467, -0.03367878496646881, -0.009665402583777905, -0.005097812972962856, -0.006790695711970329, -0.010297837667167187, -0.012259026058018208, -0.018998615443706512, 0.025846805423498154, 0.021426144987344742, 0.006231724750250578, -0.03130235895514488, -0.043669987469911575, -0.002903453540056944, 0.01259121485054493, -0.011211355216801167, -0.026319535449147224, -0.012150426395237446]"
"Llamada también ""capacidad funcional"", se refiere a la preservación de las actividades de la vida diaria del individuo mayor que permiten una adecuada función a nivel ocupacional, social y familiar. Las actividades de la vida diaria (AVO) pueden ser básicas, instrumentales y avanzadas. Las AVO básicas incluyen la capacidad de comer, caminar, usar los servicios higiénicos y realizar el aseo personal sin ayuda o asistencia; mientras que las AVO instrumentales involucran el uso de instrumentos o utensilios domésticos, como el uso correcto del teléfono, prender o apagar el televisor, el uso del control remoto de otros electrodomésticos, usar el transporte público, colaborar en la preparación de los alimentos, poner la mesa, o recoger los deshechos y ponerlos en el tacho de basura. Finalmente, las AVO avanzadas se refieren a la capacidad de integración con la sociedad, comunidad y roles familiares. Se identifican como actividades dirigidas al cuidado de otros, actividades educativas, tareas orientadas hacia la adquisición de habilidades ejecutivas y productivas como las tareas de voluntariado, planificación y ejecución de actividades recreativas o la planificación de la jubilación. En los diversos tipos de demencia, se pierden inicialmente las AVO avanzadas, luego las instrumentales y en estadios finales el paciente llega a la dependencia total, cuando se pierden las AVO básicas (gráfico 7). Así mismo, conforme se pierden las habilidades cognitivas y funcionales, y aparecen los síntomas psicológicos y conductuales se compromete la calidad de vida del paciente y se incrementa la carga del cuidador (gráfico 8). En el caso de la enfermedad de Alzheimer, los pacientes con el problema de la pérdida de la memoria de hechos recientes, inicialmente tendrán dificultades para realizar el proceso de conseguir una cita médica o conseguir una mesa en el restaurante o planificar un viaje de vacaciones o una cita con los amigos (que involucra planificar una fecha y hora, llamar por teléfono a la recepción, anotar la fecha programada, comunicar a la familia, y luego recordar que debe acudir el día programado), conforme avanza la enfermedad se agregan otros problemas cognitivos y funcionales, entonces tendrán problemas de orientación en el espacio y dificultad para tomar decisiones ante situaciones imprevistas por lo que deben salir de casa con compañía; posteriormente empiezan a tener problemas para manejar los electrodomésticos que habitualmente usaban, como el control remoto de la televisión o el horno micro-ondas, o tal vez dejan prendidas las hornillas de la cocina, dañando las ollas y el alimento en preparación (en algunos casos se originan accidentes mayores). Luego, requieren asistencia dentro de la casa para la vestimenta y actividades recreativas; y finalmente requieren ayuda para las AVO básicas. Los síntomas de las demencias afectan la calidad de vida de la familia. Probablemente, los ""olvidos"" y los ""problemas de comunicación"" podrían ser parcialmente tolerados; pero cuando los pacientes pierden su capacidad para realizar las actividades de vida diaria, generando cambios en la conducta representan una gran carga familiar, sobre todo en el cuidador principal (recordar que en Perú, habitualmente el cuidador es de sexo femenino y deja sus proyectos personales para dedicar todo su tiempo al enfermo) generando estrés del cuidador.","[-0.010969922877848148, -0.028741464018821716, 0.0441708117723465, -0.02387182228267193, -0.02710060589015484, 0.03358463943004608, -0.010950073599815369, 0.016461500898003578, -0.035781268030405045, -0.013464290648698807, 0.007139051333069801, 0.028291551396250725, -0.0040756771340966225, 0.013338579796254635, -0.031520333141088486, -0.005193841643631458, 0.014794178307056427, -0.007092736661434174, 0.024295270442962646, -0.033161189407110214, -0.03271127864718437, 0.017083438113331795, -0.0037018528673797846, -0.02166195958852768, -0.013067308813333511, 0.0060969749465584755, 0.001024708617478609, -0.030197061598300934, 0.00615652184933424, -0.014251637272536755, 0.026346340775489807, 0.010976538993418217, -0.004621526692062616, -0.013318730518221855, 0.01157201174646616, -0.023911520838737488, -0.00881960615515709, -0.031599730253219604, 0.014860342256724834, -0.00029215359245426953, 0.010685419663786888, 0.012187332846224308, -0.009818676859140396, -0.004307249560952187, -0.0105266273021698, 0.04062444344162941, -0.03554308041930199, -0.0067089879885315895, -0.02629340998828411, 0.030567578971385956, 0.0009047870989888906, 0.020418083295226097, -0.03472265228629112, 0.00032626918982714415, 0.039539359509944916, -0.005084672011435032, -0.00930921733379364, 0.008455706760287285, 0.011029470711946487, -0.019928472116589546, -0.02432173490524292, -0.01020242553204298, -0.014622152782976627, 0.030567578971385956, -0.01355030294507742, 0.01827438361942768, 0.011975609697401524, -0.02028575725853443, 0.009692966006696224, 0.027312329038977623, 0.03146740421652794, 0.009183506481349468, -0.003104726318269968, 0.00911734253168106, 0.04462072625756264, 0.008640964515507221, -0.002638273173943162, 0.01098315604031086, 0.006808233447372913, 0.012557849287986755, 0.016805551946163177, -0.05343371629714966, -0.01748041994869709, 0.016395337879657745, 0.022667646408081055, 0.02998533844947815, 0.009262902662158012, 0.00851525366306305, 0.011108866892755032, 0.002906235633417964, -0.02470548450946808, -0.01050677802413702, 0.03265834599733353, 0.016090985387563705, -0.008521870709955692, 0.03183791786432266, 0.02200601063668728, 0.006781768053770065, -0.016196846961975098, -0.017414256930351257, -0.02781517244875431, 0.01630270853638649, -0.04753192141652107, -0.000771219318266958, -0.0237527284771204, -0.013100390322506428, 0.00043337151873856783, 0.01900218240916729, 0.0052633136510849, -0.032923001796007156, -0.03120274841785431, 0.02401738241314888, -0.00834322813898325, -0.024414364248514175, -0.002029568189755082, -0.00018050253856927156, 0.006894246209412813, 0.004876256454735994, -0.014833876863121986, -0.023276351392269135, 0.008912235498428345, 0.0008816298213787377, 0.019703516736626625, -0.0007584001286886632, -0.014979436993598938, -0.021979544311761856, 0.0018773918272927403, 0.004505740478634834, -0.021569330245256424, -0.010916992090642452, -0.030011804774403572, 0.01417224109172821, 0.00135387247428298, -0.006589893251657486, -0.014132542535662651, 0.003089839592576027, -0.011664641089737415, -0.00023219284776132554, -0.006953793112188578, -0.02424233965575695, 0.002638273173943162, 0.00427416805177927, -0.04329745098948479, -0.014635385945439339, -0.005915024783462286, 0.0112875085324049, 0.023051394149661064, 0.01908157952129841, 0.019782913848757744, 0.021159116178750992, 0.006477415561676025, -0.011353671550750732, -0.009911305271089077, -0.015826329588890076, 0.010361217893660069, -0.004757162183523178, 0.01202854048460722, 0.014225171878933907, -0.025049535557627678, -0.01200869120657444, 0.00488287303596735, -0.01429133489727974, -0.003490129252895713, 0.010043633170425892, 0.00473069678992033, 0.022627947852015495, -0.03538428619503975, 0.015244090929627419, 0.02139730378985405, -0.008488788269460201, -0.0065038809552788734, 0.04086263105273247, -0.025340653955936432, 0.02241622470319271, 0.012544616125524044, 0.0034603558015078306, 0.0057661565952003, 0.006656057201325893, -0.03983047977089882, -0.009818676859140396, -0.020418083295226097, 0.019015414640307426, 0.01713636890053749, -0.005647062323987484, -0.03895712271332741, 0.01675262115895748, 0.02884732559323311, 0.01877722702920437, -0.0057661565952003, -0.002525795018300414, -0.010037016123533249, 0.008502021431922913, 0.012094704434275627, -0.002696166280657053, -0.6254311800003052, 0.006371553521603346, 0.010599407367408276, -0.021251745522022247, 0.02010049857199192, 0.018565503880381584, 0.0180097296833992, 0.0076021961867809296, -0.022852903231978416, -0.05764171853661537, -0.004998659249395132, -0.006788384169340134, -0.02538035251200199, -0.01200869120657444, -0.007502951193600893, -0.029006117954850197, -0.012187332846224308, -0.0018410019110888243, 0.03374342992901802, 0.0203651525080204, -0.004155073314905167, 0.015058833174407482, -0.01914774253964424, 0.014728015288710594, 9.748791489982978e-05, 0.015072065405547619, 0.024374665692448616, -0.028794394806027412, -0.008382926695048809, 0.026055220514535904, -0.0039995890110731125, 0.011122099123895168, 0.003256902564316988, 0.01900218240916729, 0.060288261622190475, -0.028529739007353783, 0.002421587472781539, 0.0397510826587677, -0.006358320824801922, 0.03556954488158226, 0.01687171496450901, 0.00851525366306305, 0.010612639598548412, -0.014344265684485435, 0.02834448218345642, -0.0009006518521346152, -0.004131915979087353, -0.013179786503314972, -0.002527449047192931, -0.013788492418825626, 0.01961088739335537, -0.012339509092271328, -0.031599730253219604, 0.0203651525080204, 0.006017578300088644, -0.007006723899394274, 0.0350402370095253, -0.031070420518517494, 0.011208112351596355, -0.010725118219852448, 0.003294946625828743, -0.011294124647974968, 0.0031626196578145027, -0.008237366564571857, -0.026544831693172455, 0.051316481083631516, -0.024930439889431, -0.0019617504440248013, 0.020193127915263176, -0.02150316722691059, -0.0038904191460460424, 0.01675262115895748, -0.014344265684485435, -0.007628662046045065, 0.03411394730210304, -0.01793033257126808, 0.019055113196372986, 0.01556167658418417, -0.0072316802106797695, 0.0005160759901627898, 0.02131790854036808, 0.0006723874830640852, -0.018591968342661858, 0.004945728462189436, 0.02131790854036808, -0.009957619942724705, -0.02868853136897087, 0.014066378585994244, 0.00040876693674363196, 0.01033475250005722, 0.026875650510191917, 0.012624013237655163, 0.002790449419990182, -0.018512573093175888, -0.011658024042844772, 0.019822610542178154, -0.022098638117313385, -0.0002288846590090543, 0.016712922602891922, -0.0063020819798111916, -0.0067089879885315895, -0.010473696514964104, 0.015310254879295826, 0.03144093602895737, 0.02272057719528675, 0.011234577745199203, -0.02397768385708332, 0.023951219394803047, 0.05335431918501854, -0.023011695593595505, -0.017228998243808746, 0.010804514400660992, 0.02770931087434292, -0.01691141352057457, -0.013199635781347752, -0.022257430478930473, 0.019068347290158272, 0.02028575725853443, 0.0006182160577736795, -0.013113623484969139, -0.011935911141335964, -0.005375791806727648, 0.03432567045092583, -0.008812990039587021, -0.00591833284124732, -0.003126229625195265, 0.003433890175074339, -0.004631451331079006, -0.009964236058294773, -0.007913164794445038, -0.012299811467528343, -0.03191731497645378, -0.011512464843690395, 0.001472966861911118, 0.03496083989739418, 0.014357498846948147, 0.012147635221481323, -0.004039287101477385, 0.002505945973098278, -0.014847109094262123, -0.03234076127409935, -0.0191874410957098, 0.002682933583855629, -0.0025092540308833122, -0.000528068165294826, -0.026650693267583847, 0.011485999450087547, 0.002788795391097665, -0.030144130811095238, -0.014264869503676891, -0.001476275036111474, -0.030832232907414436, -0.007271378301084042, 0.03591359779238701, 0.017652446404099464, -0.0035265192855149508, -0.017387790605425835, 0.00396981555968523, -0.031335074454545975, 0.0034603558015078306, -0.008687279187142849, 0.004181538708508015, 0.009884839877486229, -0.001664841314777732, -0.019134510308504105, -0.01656736247241497, 0.00729784369468689, 0.021079719066619873, -0.02150316722691059, -0.03453739359974861, -0.0012620704947039485, -0.0066461325623095036, -0.021225279197096825, 0.007330925669521093, -0.006881013046950102, 0.011982225812971592, -0.007364007644355297, -0.00021875336824450642, 0.030805766582489014, 0.003053449559956789, 0.013828190043568611, 0.0015300329541787505, -0.007555881980806589, -0.002811952494084835, 0.003051795531064272, 0.009891456924378872, 0.00037030933890491724, 0.016196846961975098, -0.0070662712678313255, 0.01922713965177536, 0.031943779438734055, 0.02842387743294239, 0.008885770104825497, -0.009997318498790264, -0.012895283289253712, 5.603228783002123e-05, -0.01583956368267536, -0.0005669392412528396, -0.0038573371712118387, 0.027153536677360535, 0.04586460068821907, -0.017625980079174042, 0.02028575725853443, 0.006315314676612616, 0.030832232907414436, 0.007999178022146225, 0.020166661590337753, 0.0007447539246641099, 0.031784988939762115, 0.010632488876581192, -0.005954722873866558, -0.026915347203612328, -0.007364007644355297, 0.004429652355611324, -0.017956798896193504, 0.04213297367095947, 0.005375791806727648, 0.01721576601266861, -0.003165927715599537, -0.018975717946887016, -0.008773291483521461, 0.0019485177472233772, 0.017612747848033905, -0.010837595909833908, -0.005756232421845198, 0.016580594703555107, 0.001117337611503899, 0.023395445197820663, -0.007344158366322517, -0.009415078908205032, -0.01937269978225231, -0.00024108357320073992, 0.01400021556764841, 0.03686635196208954, -0.002891348907724023, 0.02588319592177868, 0.004555363208055496, -0.008726977743208408, 0.03469618782401085, -0.022892601788043976, 0.004039287101477385, 0.023435143753886223, 0.01652766391634941, -0.005369175225496292, -0.005379099864512682, -0.009090877138078213, 0.034484460949897766, 0.026015523821115494, -0.002568801399320364, 0.01172418799251318, -0.004244394134730101, -0.0230646263808012, -0.03527842462062836, -0.018155287951231003, -0.0066064344719052315, -0.0050449734553694725, 0.01355030294507742, -0.019465327262878418, 0.028529739007353783, 0.017268696799874306, 0.02815922349691391, -0.000170474624610506, 0.00637486157938838, 0.012829120270907879, -0.03218197077512741, -0.026690391823649406, 0.022204499691724777, -0.013020994141697884, 0.0048663318157196045, -0.0044461931101977825, -0.01823468506336212, -0.013265799731016159, -0.015151461586356163, -0.018459640443325043, 0.005392332561314106, 0.012187332846224308, -0.022641180083155632, 0.002400084165856242, 0.006616359110921621, 0.020775366574525833, -0.01877722702920437, -0.03085869736969471, 0.03863953426480293, 0.011353671550750732, 0.011664641089737415, -0.002717669354751706, -0.009474625810980797, 0.0048663318157196045, -0.009772362187504768, 0.008462322875857353, -0.03210257366299629, 0.01368262991309166, -0.02800043113529682, 0.0024712099693715572, 0.00282683945260942, 0.028714997693896294, 0.020947393029928207, 0.00854833610355854, -0.03374342992901802, -0.0046380674466490746, -0.009057795628905296, -0.019663818180561066, -0.0016491274582222104, -0.02850327454507351, 0.003291638568043709, 0.03294946625828743, -0.03607238829135895, -0.006206144578754902, -0.021794285625219345, -0.02762991562485695, -0.0014489826280623674, 0.0005342710064724088, -0.0004058722697664052, -0.014278102666139603, 0.01969028450548649, 0.003203971777111292, -0.019703516736626625, 0.010606023482978344, 0.034378599375486374, -0.002233021194115281, -0.0005756232421845198, -0.015072065405547619, 0.017996495589613914, 0.009044562466442585, 0.001966712763532996, 0.014397197403013706, -0.005666911602020264, 0.017917100340127945, 0.0041021425276994705, -0.0067354533821344376, -0.026888882741332054, -0.00592825748026371, 0.024692252278327942, 0.021000323817133904, -0.0017037123907357454, -0.004320482257753611, 0.044435467571020126, -0.0039003435522317886, 0.0019369390793144703, 0.01622331142425537, 0.009329065680503845, -0.026610994711518288, -0.002276027575135231, 0.012895283289253712, -0.02040485106408596, -0.024956906214356422, 0.011022853665053844, 0.036151785403490067, -0.005534584168344736, -0.013424592092633247, 0.005504810716956854, 0.009646651335060596, 0.02428203634917736, -0.008766675367951393, -0.00555774150416255, 0.024070313200354576, -0.012822503224015236, 0.025353888049721718, 0.023501306772232056, 0.00615652184933424, 0.02139730378985405, 0.00913719180971384, 0.023818891495466232, 0.0077543724328279495, 0.033796362578868866, -0.012743107043206692, 0.017903868108987808, -0.025552378967404366, 0.00791978184133768, -0.020193127915263176, -0.003313141642138362, 0.01642180234193802, -0.007800687104463577, 0.0007617083028890193, 0.02227066457271576, 0.0003068336518481374, -0.006801616866141558, -0.012584314681589603, 0.029350169003009796, 0.014794178307056427, 0.03723686933517456, 0.009229820221662521, -0.01083097979426384, -0.014278102666139603, -0.016593828797340393, -0.025512680411338806, 0.007436787243932486, -0.024493761360645294, -0.0042410860769450665, -0.010043633170425892, -0.007668360136449337, 0.014317800290882587, -0.015111763961613178, -0.002696166280657053, 0.017546582967042923, 0.003503361949697137, -0.03191731497645378, 0.004608293995261192, 0.011274275369942188, 0.0065171136520802975, 0.01888308860361576, -0.03496083989739418, -0.012127785943448544, 0.02649190090596676, 0.01447659358382225, 0.00137041334528476, -0.033769894391298294, -0.021423770114779472, 0.015786632895469666, 0.007992561906576157, -0.01774507388472557, -0.03408748283982277, -0.007125818636268377, 0.012643861584365368, 0.004588444717228413, 0.0017533351201564074, 0.00442634429782629, 0.029006117954850197, 0.005663603078573942, -0.009871607646346092, 0.019160974770784378, 0.02815922349691391, 0.010381067171692848, -0.03628411144018173, 0.029403099790215492, -0.02982654608786106, -0.004320482257753611, -0.04530882462859154, -0.019319767132401466, -0.01368262991309166, -0.011161797679960728, 0.0077543724328279495, -0.012193949893116951, -0.026081686839461327, 0.0062888492830097675, -0.012604163959622383, 0.013173170387744904, -0.0006963717751204967, -0.017268696799874306, 0.014582455158233643, 0.009864991530776024, 0.016276242211461067, 0.03705161064863205, 0.009368764236569405, -0.0015730393351987004, -0.02052394486963749, 0.033081796020269394, 0.019094811752438545, -0.026041988283395767, 0.02598905749619007, 0.028873790055513382, -0.025036301463842392, -0.024136478081345558, 0.007774221710860729, 0.01430456805974245, 0.028529739007353783, -0.014728015288710594, -0.01892278715968132, -0.011082401499152184, -0.01295483112335205, -0.01998140476644039, 0.012213798239827156, 0.0013480831403285265, -0.01521762553602457, -0.01050677802413702, -0.0038904191460460424, 0.006665981374680996, -0.016659991815686226, 0.03167912736535072, -0.029879476875066757, -0.013212868943810463, 0.0222309660166502, -0.004429652355611324, 0.03546368330717087, -0.01274972315877676, -0.0016987501876428723, -0.02416294254362583, -0.01050677802413702, 0.002062649931758642, -0.0018509264336898923, 0.0047902436926960945, -0.02219126746058464, 0.020815065130591393, 0.010387683287262917, 0.016593828797340393, -0.009653267450630665, -0.003291638568043709, 0.006520421709865332, -0.0015647688414901495, -0.002669700887054205, 0.0008659159648232162, -0.0061598303727805614, -0.01577339880168438, 0.015905726701021194, 0.021529631689190865, 0.01274972315877676, 0.008171203546226025, -0.018525805324316025, 0.014873574487864971, 0.020920926705002785, -0.013054076582193375, -0.02538035251200199, -0.0229190681129694, -0.02876792848110199, -0.007317692972719669, -0.00987822376191616, -0.004859715700149536, -0.002289260271936655, -0.02109295129776001, 0.011651407927274704, 0.024083547294139862, 0.020113730803132057, -0.00278383307158947, 0.007311076391488314, -0.002871499862521887, -0.01679231971502304, 0.03644290566444397, 0.01733485981822014, -0.009176889434456825, -0.009209971874952316, -0.02097385749220848, -0.04028039425611496, -0.013437825255095959, 0.006642824504524469, -0.02174135483801365, -0.010308287106454372, -0.0019203982083126903, -0.013735560700297356, 0.0011115482775494456, 0.016104217618703842, 0.0018161905463784933, 0.0038275637198239565, 0.010751583613455296, -0.025790566578507423, -0.010480312630534172, -0.03511963412165642, -0.011347055435180664, -0.013027610257267952, -0.0008998248376883566, 0.035437218844890594, -0.015429348684847355, 0.024520225822925568, -0.011757269501686096, -0.018221452832221985, -9.045803017215803e-05, -0.010586174204945564, 0.026888882741332054, -0.033002398908138275, 0.02858266979455948, 0.0012571081751957536, -0.0020824989769607782, -0.021225279197096825, 0.014079611748456955, 0.036760490387678146, 0.010864061303436756, 0.00803887564688921, 0.010744966566562653, -0.01733485981822014, -0.01717606745660305, 0.025181861594319344, 0.007443403825163841, -0.029932407662272453, -0.06235256791114807, 0.02176782116293907, -0.002335574710741639, 0.014952970668673515, 0.006010962184518576, 0.010321520268917084, 0.0048398664221167564, 0.017162835225462914, -0.006030810996890068, -0.019240371882915497, 0.01067880354821682, -0.011955760419368744, -0.004952344577759504, 0.010586174204945564, -0.00592825748026371, -0.013212868943810463, -0.015244090929627419, -0.010248740203678608, -0.014053146354854107, -0.01626300998032093, 0.011770502664148808, 0.0286091361194849, 0.009295984171330929, 0.026505133137106895, -0.025142163038253784, 0.007469869218766689, -9.443818271392956e-05, 0.005494886077940464, 0.004376721568405628, 0.008621115237474442, -0.0021867065224796534, 0.01995493844151497, 0.009329065680503845, -0.022786740213632584, 0.02416294254362583, -0.00630869809538126, 0.018605200573801994, -0.0030617201700806618, 0.00546180410310626, -0.005676835775375366, -0.02770931087434292, -0.01843317598104477, 0.009077643975615501, 0.019743215292692184, -0.01124780997633934, -0.0019501717761158943, -0.0019683667924255133, -0.026094919070601463, -0.005398948676884174, -0.01969028450548649, 0.004671149421483278, 0.060023609548807144, 0.00278383307158947, -0.007542649284005165, 0.008204285055398941, 0.02192661352455616, -0.006321930792182684, -0.008111655712127686, 0.015204392373561859, 0.006133364513516426, -0.03959229215979576, 0.03705161064863205, -0.04980795085430145, -0.0050185080617666245, -0.012339509092271328, 0.004737312905490398, -0.01599835604429245, -0.0063020819798111916, 0.021820751950144768, -0.007794070988893509, -0.0522163063287735, -0.007357391063123941, -0.00039015841321088374, 0.0107714319601655, -0.003149386728182435, -0.0034305821172893047, 0.02017989382147789, -0.011624942533671856, 0.0039036518428474665, -0.015495512634515762, -0.043112196028232574, 0.01679231971502304, -0.028476808220148087, 0.01573370210826397, 0.02393798716366291, -0.020722435787320137, 0.011882980354130268, 0.02781517244875431, 0.0004461907083168626, -0.008733593858778477, -0.021185580641031265, -0.011261043138802052, -0.01908157952129841, 0.019280070438981056, -0.0024530149530619383, -0.009911305271089077, -0.0008750134729780257, -0.018711062148213387, -0.018327314406633377, 0.017308395355939865, 0.001659878995269537, 0.003126229625195265, -0.001069369027391076, 0.00745001994073391, -0.0069008623249828815, 0.026584530249238014, -0.003190739080309868, -0.013490756042301655, 0.006312006618827581, -0.008356461301445961, -0.003572833724319935, 0.00043998786713927984, -0.010784665122628212, 0.027868103235960007, 0.015799865126609802, 0.01198884192854166, -0.00530962785705924, 0.002396776108071208, -0.020576875656843185, 0.017308395355939865, 0.002618424128741026, 0.03234076127409935, 0.002610153518617153, -0.006712296046316624, 0.008918851613998413, 0.0016226620646193624, 0.007873467169702053, 0.016580594703555107, -0.016739388927817345, -0.014555989764630795, 0.002606845460832119, -0.013576768338680267, -0.010725118219852448, -0.027947500348091125, -0.0404391847550869, -0.013047459535300732, 0.0036522301379591227, -0.01782447099685669, -0.0122931944206357, 0.028212154284119606, -0.005772773176431656, -0.03017059713602066, -0.006563427858054638, 0.02515539713203907, -0.024295270442962646, -0.001434922800399363, 0.02093415893614292, 0.00533940177410841, -0.02497013844549656, -0.012451987713575363, -0.00515745161101222, -0.002535719657316804, 0.02066950500011444, 0.008826223202049732, 0.002644889522343874, 0.008879153989255428, 0.004902721848338842, -0.026240479201078415, 0.002628348534926772, -0.02135760709643364, 0.025750868022441864, 0.020232824608683586, 0.018367012962698936, 0.01155216246843338, 0.01752011850476265, 0.012511534616351128, -0.017586281523108482, -0.002451360924169421, -0.0191874410957098, -0.002385197440162301, 0.012743107043206692, -0.03294946625828743, -0.007483101915568113, -0.005398948676884174, 0.006589893251657486, -0.03279067575931549, -0.011042702943086624, 0.0015267247799783945, -0.0039003435522317886, -0.05155466869473457, 0.003407424781471491, 0.007483101915568113, 0.0067089879885315895, 0.022522086277604103, -0.0017169450875371695, 0.009778978303074837, -0.004231161437928677, -0.03032938949763775, 0.012703409418463707, -0.011102249845862389, -0.00021399786055553705, -0.007390473037958145, -0.005078055430203676, 0.009104110300540924, 0.03249955549836159, 0.008171203546226025, 0.0019766371697187424, 0.02276027388870716, 0.20293696224689484, -0.025248026475310326, -0.020801832899451256, 0.015601374208927155, -0.024573156610131264, 0.03959229215979576, 0.025023069232702255, -0.005915024783462286, 0.0019154358888044953, 0.03146740421652794, -0.00488287303596735, -0.031705591827631, -0.00928936805576086, 0.015416116453707218, 0.0019501717761158943, -0.03681341931223869, -0.017798004671931267, -0.01565430499613285, -0.006801616866141558, -0.012021924369037151, 0.013523837551474571, -0.021860450506210327, 0.01857873611152172, -0.011955760419368744, 0.03930117189884186, -0.0029343552887439728, 0.010612639598548412, -0.005306319799274206, 0.02637280710041523, 0.009673116728663445, -0.009348914958536625, -0.01296144723892212, -0.0004958133795298636, 0.00866742990911007, 0.0021784361451864243, -0.009170273318886757, -0.01124780997633934, -0.017083438113331795, 0.006821466144174337, 0.023196954280138016, 0.03244662284851074, 0.018221452832221985, -0.00533940177410841, -0.01900218240916729, 0.002113926690071821, 0.050178464502096176, 0.01945209503173828, -0.017017275094985962, -0.00232730433344841, -0.008912235498428345, -0.03355817124247551, -0.008468938991427422, -0.025208327919244766, 0.015005902387201786, 0.021066486835479736, 0.018790459260344505, 0.015323487110435963, -0.0010586173739284277, -0.03705161064863205, 0.02416294254362583, -0.011108866892755032, -0.006355012767016888, -0.008601266890764236, 0.014013447798788548, 0.011406602337956429, 0.009104110300540924, 0.009951003827154636, -0.03742212429642677, 0.002145354403182864, -0.014264869503676891, 0.01717606745660305, -0.023686565458774567, -0.0139869824051857, 0.0033214122522622347, -0.010744966566562653, -0.028053361922502518, 0.006139981094747782, 0.03051464818418026, 0.01638210378587246, 0.034828513860702515, -0.01368262991309166, 0.00246955594047904, -0.02698151208460331, -0.0017913791816681623, -0.007992561906576157, -0.03236722946166992, 0.024903975427150726, 0.001502740546129644, -0.0042046960443258286, -0.024004150182008743, -0.014582455158233643, -0.007350774947553873, -0.006133364513516426, 0.02178105339407921, 0.016818784177303314, 0.02531418949365616, 0.01934623345732689, 0.007635278161615133, 0.0017814546590670943, -0.021185580641031265, -0.0090048648416996, 0.06113515794277191, 0.027232933789491653, 0.009759129025042057, 0.0037580919452011585, 0.01478094607591629, -0.0018707754788920283, 0.017268696799874306, 0.009209971874952316, -0.02211187221109867, -0.014714782126247883, -0.020762134343385696, -0.024136478081345558, -0.011823433451354504, -0.01274972315877676, -0.015310254879295826, -0.0020791906863451004, -0.00209903996437788, 0.008733593858778477, -0.002785487100481987, 0.022561782971024513, -0.028714997693896294, -0.003394192084670067, 0.008422625251114368, -0.0007625353755429387, -0.00488287303596735, -0.036919280886650085, 0.023765960708260536, -0.01827438361942768, -0.00040835340041667223, 0.011691106483340263, -0.026240479201078415, 0.01611744984984398, -0.010579558089375496, -0.006030810996890068, 0.0037647082936018705, -0.010103180073201656, -0.004310557618737221, -0.010136261582374573, -0.013576768338680267, -0.01233289297670126, -0.01721576601266861, 0.02956189215183258, 0.011658024042844772, 0.009454776532948017, -0.024414364248514175, 0.016355639323592186, -0.01459568738937378, -0.010857445187866688, -0.01417224109172821, -0.038136694580316544, 0.007774221710860729, 0.0075757307931780815, -0.0188433900475502, 0.002742480719462037, -0.0001862918579718098, -0.007357391063123941, -0.0044594258069992065, 0.006047352217137814, -0.005504810716956854, -0.02712707221508026, 0.0023636941332370043, 0.02420264109969139, -0.000980048207566142, -0.015191160142421722, 0.014635385945439339, -0.16599121689796448, 0.008793140761554241, -0.011512464843690395, -0.041894786059856415, 0.007787454407662153, -0.01763921231031418, 0.00647079898044467, -0.009428311139345169, -0.01740102469921112, -0.006063892971724272, 0.009964236058294773, -0.031176283955574036, -0.00048134010285139084, 0.0017053665360435843, 0.007641894742846489, -0.023395445197820663, -0.001272822031751275, 0.02310432493686676, 0.03167912736535072, 0.021860450506210327, 0.024718716740608215, -0.020087266340851784, 0.0044329604133963585, -0.012147635221481323, -0.014450128190219402, -0.03625764697790146, 0.0072449129074811935, -0.010520010255277157, -0.00018567156803328544, -0.014714782126247883, -0.0042046960443258286, -0.0072449129074811935, 0.036998677998781204, -0.0074235545471310616, 0.002767292084172368, 0.017202533781528473, -0.01638210378587246, -0.01824791729450226, -0.0070662712678313255, 0.016024820506572723, -0.012716641649603844, 0.0407303050160408, 0.003926808945834637, 0.011710954830050468, -0.0039102681912481785, 0.035622477531433105, 0.0218869149684906, -0.01626300998032093, -0.009302600286900997, -0.007059655152261257, 0.007416938431560993, -0.008945317007601261, 0.02135760709643364, 0.014489825814962387, -0.017123136669397354, -0.007529416587203741, -0.003976431675255299, 0.0259096622467041, 0.015019134618341923, -0.0005971263744868338, 0.00837631057947874, -0.01294159796088934, -0.0039235008880496025, 0.020193127915263176, 0.00852848682552576, 0.002568801399320364, -0.005074747372418642, -0.0006831390783190727, -0.022323595359921455, 0.014489825814962387, -0.0042940168641507626, -0.012418905273079872, 0.0032453241292387247, -0.003956582397222519, 0.029535425826907158, 0.010698651894927025, -0.028212154284119606, -0.0005433684564195573, -0.016805551946163177, 0.01569400355219841, -0.01975644752383232, 0.0124652199447155, -0.03924823924899101, -0.03856014087796211, -0.014132542535662651, 0.013722328469157219, -0.005392332561314106, 0.02440113201737404, 0.0009750858880579472, 0.00239346781745553, 0.013239334337413311, -0.02747112140059471, -3.592476059566252e-05, -0.0005462631233967841, -0.010414148680865765, 0.0411272868514061, 0.013464290648698807, -0.011446300894021988, -0.002987286075949669, -0.029270771890878677, -0.005898484028875828, -0.002542336005717516, -0.01892278715968132, -0.004952344577759504, 0.011300740763545036, 0.004346947651356459, -0.020007869228720665, 0.008508637547492981, 0.027338795363903046, -0.018208220601081848, 0.02048424631357193, 0.015336720272898674, 0.017070205882191658, 0.003963198978453875, -0.010824362747371197, 0.020007869228720665, -0.0031957013998180628, -0.0058521693572402, 0.008634348399937153, -0.0063781701028347015, 0.0666399672627449, 0.008753443136811256, -0.016699690371751785, 0.008601266890764236, -0.005038357339799404, 0.0037349346093833447, -0.115812748670578, -0.006738761439919472, 0.008846071548759937, 0.028397412970662117, -0.00987822376191616, 0.0035066702403128147, -0.0112875085324049, 0.012174100615084171, -0.019518258050084114, 0.010837595909833908, -0.037607382982969284, -0.04594399780035019, -0.009554021991789341, -0.019729983061552048, 0.015230857767164707, -0.00868066307157278, -0.005293087102472782, -0.02446729503571987, -0.002170165767893195, 0.03856014087796211, 0.002582034096121788, -0.00030807420262135565, 0.004396570380777121, -0.016805551946163177, -0.03294946625828743, -0.00624253461137414, -0.006245842669159174, 0.02235005982220173, 0.0021337757352739573, 0.02322342060506344, -0.011141948401927948, -0.011089017614722252, 0.014873574487864971, 0.004704231396317482, 0.012167483568191528, 0.00885268859565258, 0.0117043387144804, -0.005216998979449272, 0.02066950500011444, -0.014132542535662651, 0.0018062660237774253, 0.0203651525080204, -0.003566217375919223, -0.024149710312485695, 0.03461679071187973, -0.008568184450268745, -0.01569400355219841, -0.0022809896618127823, -0.023011695593595505, -0.007258145604282618, -0.002170165767893195, 0.008799757808446884, -0.036389973014593124, -0.03051464818418026, 0.0018807000014930964, -0.03339938074350357, 0.020298989489674568, 0.017731841653585434, -0.016236545518040657, 0.0037283182609826326, 0.003414041129872203, -0.009911305271089077, -0.006801616866141558, 0.021225279197096825, 0.02056364342570305, -0.011730804108083248, -0.02135760709643364, -0.020351920276880264, 0.003635689150542021, 0.0034438148140907288, -0.008654197677969933, 0.007377240341156721, -0.004859715700149536, -0.008065341971814632, -0.004095525946468115, 0.022813204675912857, 0.0034041167236864567, -0.0006310352473519742, -0.015746934339404106, -0.0006550195394083858, -0.01429133489727974, -0.0014886807184666395, 0.013318730518221855, -0.01478094607591629, 0.017771540209650993, -0.005097904708236456, 0.011658024042844772, 0.001552363159134984, 0.014264869503676891, -0.02336897887289524, -0.001161998021416366, 0.020471014082431793, 0.009176889434456825, -0.02010049857199192, -0.021410537883639336, 0.002170165767893195, 0.00790654867887497, -0.0033147959038615227, 0.014145775698125362, 0.02921784110367298, -0.017202533781528473, -0.015971889719367027, -0.03541075438261032, 0.014026680961251259, 0.01081113051623106, 0.009494475089013577, -0.014489825814962387, 0.002568801399320364, 9.221550135407597e-05, 0.00016613263869658113, 0.0040128217078745365, 0.019478561356663704, -0.020391618832945824, 0.002742480719462037, 0.01325918361544609, 0.00662297522649169, -0.03284360468387604, -0.015746934339404106, 0.024387899786233902, -0.009176889434456825, 0.017228998243808746, 0.013669397681951523, -0.0020312222186475992, 0.021556098014116287, 0.009011480957269669, 0.025472981855273247, -0.020047567784786224, -0.010778049007058144, -0.006192911881953478, 0.007820536382496357, 0.015508744865655899, 0.006933944299817085, -0.010235507041215897, -0.03834841772913933, 0.010361217893660069, 0.03432567045092583, -0.018221452832221985, -0.011036086827516556, 0.005011891946196556, 0.010632488876581192, 0.025777334347367287, 0.06282894313335419, -0.007972712628543377, -0.03223489969968796, 0.023157255724072456, -0.04300633445382118, -0.004257626831531525, -0.02010049857199192, -0.03202317655086517, 0.002507600001990795, 0.010189192369580269, -0.0195314921438694, 0.02416294254362583, -0.0019088195404037833, 0.01168448943644762, -0.02956189215183258, 0.002520832698792219, -0.011188263073563576, 0.007125818636268377, -0.023805659264326096, 0.021979544311761856, -0.007641894742846489, 0.02523479238152504, 0.01967705227434635, 0.0073706237599253654, -0.008409392088651657, -0.015270556323230267, -0.01930653490126133, 0.006907478906214237, 0.007119202055037022, 0.0048167090862989426, -0.019293302670121193, -0.028450343757867813, 0.02219126746058464, 0.017798004671931267, 0.00839615985751152, 0.022813204675912857, 0.0030799151863902807, 0.00572976702824235, -0.0038639535196125507, 0.008283681236207485, 0.010625872761011124, 0.025645006448030472, 0.007582347374409437, -0.023739496245980263, 0.04316512495279312, 0.03734273090958595, 0.03480204939842224, -0.03175852447748184, 0.024692252278327942, -0.005021816585212946, -0.013629699125885963, -0.016236545518040657, 0.016779085621237755, -0.014238404110074043, 0.008899002335965633, 0.009428311139345169, 0.009673116728663445, 0.008779908530414104, 0.0012670326977968216, 0.008521870709955692, 0.017996495589613914, 0.009170273318886757, 0.013801724649965763, -0.014383964240550995, -0.017798004671931267, -0.012260112911462784, 0.0047902436926960945, -0.018830157816410065, -0.01460892055183649, -0.0039003435522317886, 0.02379242703318596, 0.014489825814962387, 0.010261972434818745, 0.025049535557627678, 0.002745789010077715, -0.02265441231429577, -0.014516291208565235, -0.006745378021150827, -0.015363185666501522, -0.024639321491122246, 0.006795000750571489, 0.03069990500807762, 0.01660706102848053, 0.011995458975434303, 0.01861843466758728, 0.01248506922274828, 0.0052732378244400024, 0.022257430478930473, -0.03594006225466728, -0.0006049833027645946, -0.006616359110921621, 0.02773577719926834, -0.024215873330831528, -0.04618218541145325, 0.005455187987536192, -0.023077860474586487, -0.01900218240916729, 0.011499231681227684, 0.015402883291244507, 0.00280699017457664, 0.10088624060153961, 0.01295483112335205, -0.006027502939105034, 0.0064277928322553635, 0.0039499662816524506, -0.004234469495713711, 0.002845034236088395, 0.004439576994627714, 0.00209903996437788, 0.008766675367951393, 0.016435036435723305, -0.017758307978510857, 0.006725528743118048, -0.015297021716833115, -0.0326848141849041, 0.005293087102472782, -0.0050582061521708965, 0.009064411744475365, -0.013735560700297356, -0.0026366189122200012, 0.015945425257086754, -0.030011804774403572, 0.009487858973443508, -0.015641072764992714, -0.029932407662272453, -0.0010296708205714822, 0.02139730378985405, 0.0074235545471310616, -0.011863131076097488, -0.0326848141849041, 0.007681592833250761, -0.010916992090642452, -0.037263333797454834, -0.005322860553860664, 0.014211938716471195, -0.025671472772955894, -0.007013340480625629, -0.03252601996064186, -0.018486106768250465, 0.006814849562942982, 0.0077543724328279495, 0.012306427583098412, -0.01853903755545616, -0.015072065405547619, -0.011882980354130268, -0.009282751940190792, 0.009507707320153713, -0.030673440545797348, -0.010281821712851524]"
"Es la expresión clínica de la alteración de las funciones cognitivas, que pueden incluir alteración de la memoria, orientación, atención y concentración, lenguaje, cálculo, praxia, funciones ejecutivas, visuo-espaciales, visuo-constructivas y en la cognición social. De hecho, con el paso de los años se espera un cierto grado de deterioro de algunas funciones cognitivas, que pueden formar parte del envejecimiento cognitivo saludable; pero es patológica si suman varias funciones y comprometen la funcionalidad del adulto mayor. Es pertinente mencionar que la memoria puede ser evaluada como memoria de corto plazo y memoria de largo plazo. La memoria de largo plazo, se puede evaluar por separado como la memoria declarativa (información sobre hechos) y como la memoria de procedimientos (información sobre habilidades y hábitos); mientras que la memoria declarativa a su vez, se puede evaluar mediante memoria episódica (son todos los acontecimientos y eventos vividos durante nuestra existencia) y la memoria semántica (son los conocimientos adquiridos a lo largo de los años).","[-0.02731451205909252, 0.004754630848765373, 0.05432412028312683, -0.03234546631574631, -0.0449228435754776, 0.018230849876999855, -0.0032015149481594563, 0.007597245741635561, -0.017824307084083557, -0.022474126890301704, 0.012323291972279549, 0.029626717790961266, -0.006593596190214157, 0.027085833251476288, -0.017773490399122238, 0.011294233612716198, 0.01978078857064247, -0.016223549842834473, 0.017646444961428642, -0.011002032086253166, -0.015905939042568207, 0.006342683918774128, -0.011815114878118038, -0.008340454660356045, 0.010087313130497932, -0.0033253831788897514, -0.004983310587704182, -0.03272659704089165, 0.004373498260974884, -0.021572113037109375, 0.03717314824461937, -0.0047228699550032616, 0.0006229138234630227, -0.013936753384768963, -0.0013784300535917282, -0.009636306203901768, -0.004830857273191214, -0.01900581829249859, -0.002475774846971035, -0.0009234528406523168, 0.02378268353641033, 0.01473713293671608, -0.010366810485720634, -0.004929316695779562, 0.019298020750284195, 0.024773627519607544, -0.01173888798803091, -0.00991580355912447, -0.03056684508919716, 0.02032708004117012, 0.008893096819519997, 0.03887553885579109, -0.028127595782279968, -0.0026075830683112144, 0.02424004301428795, -0.024532243609428406, 0.0044529009610414505, 0.021114753559231758, 0.028127595782279968, -0.013581030070781708, 0.009871337562799454, -0.014965811744332314, -0.004500542301684618, 0.00039979236316867173, 0.0022804441396147013, 0.0022931485436856747, 0.023655638098716736, -0.01873902603983879, 0.007374918553978205, 0.02977917157113552, 0.024112997576594353, 0.011357755400240421, -0.0008646948845125735, 0.009420330636203289, 0.03801163658499718, 0.006669823080301285, 0.0003307120641693473, -0.013542916625738144, 0.02125450223684311, 0.013949458487331867, 0.015867825597524643, -0.036004338413476944, -0.01006825640797615, 0.030998796224594116, 0.010913101024925709, 0.012024737894535065, 0.011669013649225235, 0.005167524795979261, -0.0005224694614298642, -0.0036874592769891024, -0.020784439519047737, -0.005104002542793751, 0.019018523395061493, -0.010538320057094097, -0.012933104299008846, 0.020975004881620407, 0.013441281393170357, -0.002261387649923563, -0.01563914678990841, -0.004681580699980259, -0.026425203308463097, 0.019183680415153503, -0.04479580000042915, 6.04452689003665e-05, -0.025434257462620735, -0.0030458858236670494, 0.009102719835937023, 0.018993115052580833, 0.014216250739991665, -0.030287347733974457, -0.021838905289769173, 0.01401298027485609, -0.0034937167074531317, -0.03544534370303154, 0.009458444081246853, 0.010061903856694698, 0.012945808470249176, -0.0030442976858466864, -0.004818153101950884, -0.03709692135453224, 0.003738276893272996, 0.004170227330178022, 0.020072991028428078, -0.02127991057932377, -0.003041121643036604, -0.008060957305133343, 0.0022185102570801973, -0.0033063264563679695, -0.019602926447987556, 0.002809265861287713, -0.03440358117222786, 0.027238287031650543, 0.005065889097750187, -0.0024027242325246334, -0.0031522854696959257, -0.005815450567752123, -0.009515614248812199, 0.015067447908222675, -0.020250853151082993, -0.023465072736144066, 0.009483853355050087, 0.008594543673098087, -0.03531830012798309, -0.025434257462620735, 0.008391272276639938, 0.02326180227100849, 0.008359511382877827, 0.020123807713389397, 0.026044070720672607, 0.015372353605926037, 0.01613461971282959, -0.02188972383737564, -0.013682665303349495, 0.006094947922974825, 0.005545481573790312, 0.002185160992667079, 0.006955672521144152, 0.004062239546328783, -0.02942344732582569, -0.015385057777166367, 0.011287881061434746, -0.00024853029754012823, 0.00931234285235405, 0.004970605950802565, 0.010703478008508682, 0.02293148636817932, -0.022563058882951736, -0.007673472631722689, 0.01755751483142376, -0.00957278348505497, -0.0154104670509696, 0.0410861074924469, -0.03933290019631386, 0.014419522136449814, 0.015537511557340622, -0.007495610509067774, 0.0066825272515416145, 0.013250715099275112, -0.026907971128821373, -0.024938786402344704, -0.017824307084083557, 0.014584679156541824, 0.013314236886799335, -0.006053658202290535, -0.03801163658499718, 0.016007574275135994, 0.0308209341019392, 0.012869582511484623, 0.01182146742939949, 0.0024694225285202265, -0.0022852083202451468, 0.016376003623008728, 0.020034877583384514, -0.019869720563292503, -0.6301394701004028, -0.006069538649171591, -0.0010449389228597283, -0.02194054052233696, 0.017354244366288185, 0.021495886147022247, 0.01715097390115261, 0.00592978997156024, -0.02980457991361618, -0.03569943457841873, -0.0042940955609083176, 0.01715097390115261, -0.02141965925693512, -0.01185957994312048, -0.024722810834646225, -0.019539404660463333, -0.016058392822742462, 0.003703339723870158, 0.029880806803703308, 0.022207334637641907, -0.0037001636810600758, 0.016096506267786026, -0.005177053157240152, 0.015486693941056728, -0.007216113153845072, 0.0020660569425672293, 0.016198141500353813, -0.028686590492725372, -0.002706042490899563, 0.029652126133441925, 0.0018087924690917134, 0.005478783044964075, -0.006383973173797131, 0.010131778195500374, 0.04779404401779175, -0.03186269849538803, 0.016973111778497696, 0.012926751747727394, -0.011777001433074474, 0.033133137971162796, 0.01527071837335825, 0.005678877700120211, 0.010309640318155289, -0.008092718198895454, 0.015867825597524643, -0.005227870773524046, -0.0033444396685808897, -0.0076988814398646355, 0.0001520560763310641, -0.00018669548444449902, 0.005478783044964075, -0.01720179058611393, -0.022639283910393715, 0.003843088401481509, 0.005491487681865692, 0.007063660304993391, 0.025866208598017693, -0.01679524965584278, 0.004678404424339533, -0.005678877700120211, -0.016223549842834473, 0.010919452644884586, -0.019552109763026237, -0.006323627196252346, -0.02383350022137165, 0.04459252953529358, -0.03531830012798309, 0.00891850609332323, 0.0224614217877388, -0.028635773807764053, -0.02073362097144127, 0.03468307852745056, -0.005942494608461857, -0.005043656565248966, 0.026476019993424416, -0.008473850786685944, 0.039790257811546326, 0.008232466876506805, -0.004332209005951881, 0.0037414529360830784, 0.02662847377359867, -0.004262334667146206, -0.030643071979284286, 0.012120021507143974, 0.010106369853019714, -0.02736533060669899, -0.019653744995594025, 0.0054152607917785645, 0.0025535894092172384, -0.005005543120205402, 0.025408849120140076, 0.0011862756218761206, 0.009909451007843018, -0.032065968960523605, -0.004386202432215214, 0.0022740920539945364, -0.017278017476201057, 0.018141917884349823, 0.026005957275629044, -0.0033825531136244535, -0.01079240906983614, -0.015461284667253494, 0.019209090620279312, 0.015169083140790462, 0.010182596743106842, 0.02807677909731865, -0.012361405417323112, 0.03303150460124016, 0.04792109131813049, -0.018129214644432068, 0.0013919285265728831, 0.012609141878783703, 0.019463177770376205, -0.010563729330897331, -0.030312757939100266, -0.019577518105506897, 0.03191351518034935, 0.014571974985301495, -0.014190842397511005, -0.006422086618840694, -0.0029347219970077276, -0.0060060168616473675, 0.030109485611319542, -0.007254226598888636, 0.008562781848013401, -0.013174488209187984, 0.00121406652033329, 0.010773352347314358, 0.001219624769873917, 0.005764632485806942, 0.00045299212797544897, -0.011198950000107288, 0.006746049504727125, 0.0005347768892534077, 0.017468584701418877, 0.007025546859949827, 0.016731727868318558, 0.004456076771020889, 0.008251523599028587, -0.020339783281087875, -0.01474983710795641, -0.008168945088982582, 0.0008162593003362417, -0.0041511706076562405, -0.00990309938788414, -0.023706456646323204, -0.00991580355912447, 0.0027838570531457663, -0.034200310707092285, 0.006171174347400665, -0.010233414359390736, -0.03750346228480339, -0.013326941058039665, 0.04235655069351196, 0.002267739735543728, -0.007038251031190157, -0.02265198901295662, -0.023071235045790672, -0.037655916064977646, -0.006974729243665934, -0.010106369853019714, 0.024989603087306023, 0.002437661401927471, 0.0032904460094869137, -0.013365054503083229, -0.022829851135611534, 0.009445739910006523, 0.02509123831987381, -0.022804442793130875, -0.03859604150056839, 0.011929454281926155, 0.0006066362839192152, -0.011389516294002533, -0.007870391011238098, 0.009591840207576752, 0.026755517348647118, -0.008226115256547928, -0.0010012674611061811, 0.014305181801319122, 0.001961245434358716, 0.015194491483271122, 0.014584679156541824, -0.007864038459956646, -0.0071335346437990665, 0.014699019491672516, 0.011770649813115597, 0.010379514656960964, 0.017824307084083557, 0.01333964616060257, 0.012729833833873272, 0.026577657088637352, 0.025269100442528725, -0.02660306543111801, -0.00790215190500021, -0.007552780210971832, -0.004614882171154022, -0.017354244366288185, -0.017265312373638153, -0.00012327262083999813, 0.024583062157034874, 0.02262658067047596, -0.008340454660356045, 0.00692391162738204, 0.002250271150842309, 0.024659289047122, -0.011764297261834145, 0.021140161901712418, 0.008772404864430428, 0.007146238815039396, -0.003973308950662613, -0.0057042865082621574, -0.021241797134280205, -0.012393166311085224, 0.0008948679314926267, -0.014787950552999973, 0.03514043986797333, -0.007965674623847008, 0.016591979190707207, -0.013822413980960846, -0.015486693941056728, 0.009032845497131348, 0.008740643970668316, 0.0006483226898126304, -0.008511964231729507, -0.0021343433763831854, 0.011033792980015278, 0.021622931584715843, 0.026755517348647118, -0.004189284052699804, -0.00994121190160513, -0.0017881477251648903, -0.008372215554118156, 0.002566293813288212, 0.012304235249757767, -0.028940679505467415, 0.04761618375778198, -0.004827681463211775, -0.007851334288716316, 0.020225444808602333, 0.002100994111970067, -0.016223549842834473, 0.024811740964651108, 0.008188001811504364, 0.007635359186679125, 0.007292339578270912, -0.004992838948965073, 0.024773627519607544, 0.0206828024238348, 0.02468469738960266, 0.007393975276499987, -0.015054742805659771, -0.017684558406472206, -0.029702944681048393, -0.031811878085136414, -0.016376003623008728, 0.015334240160882473, 0.01473713293671608, -0.018116509541869164, 0.006860389374196529, 0.02497689798474312, 0.025535892695188522, 0.0007523401291109622, -0.005113530904054642, 0.0004791950050275773, 0.003230100031942129, -0.038748495280742645, 0.02326180227100849, -0.0005216754507273436, 0.00483403354883194, 0.003989189397543669, -0.03051602840423584, -0.0015213548904284835, -0.012418574653565884, 0.00046966670197434723, -0.002234390703961253, 0.018472233787178993, -0.002288384595885873, 0.01387323159724474, 0.021292615681886673, 0.0064157345332205296, -0.024278154596686363, -0.03308232128620148, 0.023897022008895874, 0.023566707968711853, 0.0081498883664608, -0.012812412343919277, -0.0024535420816391706, -0.0044529009610414505, -0.012850525788962841, 0.0009845929453149438, -0.02407488413155079, -0.008721587248146534, -0.015435876324772835, -0.01070982962846756, -0.017328836023807526, 0.015321535989642143, 0.010360457934439182, 0.019818902015686035, -0.03757968917489052, -0.029270993545651436, -0.004567240830510855, -0.01731613092124462, -0.0162997767329216, -0.0029728354420512915, -0.015169083140790462, 0.020390601828694344, -0.034886348992586136, -0.008575486950576305, -0.0012339171953499317, -0.009229764342308044, 0.005640764720737934, -0.013187192380428314, -0.008975676260888577, 0.0025440610479563475, 0.017646444961428642, 0.009687123820185661, -0.014571974985301495, 0.004884851165115833, 0.018510347232222557, 0.010538320057094097, 0.001261708210222423, -0.02260117046535015, 0.008785109966993332, -0.012469393201172352, 0.0024344853591173887, 0.006942967884242535, -0.016782544553279877, 0.011148132383823395, 0.0014633908867835999, -0.0019183681579306722, -0.025154760107398033, -0.007209761068224907, 0.042585231363773346, 0.011592787690460682, -0.02380809187889099, -0.005637588445097208, 0.029550490900874138, 0.009744293987751007, -0.005723343230783939, 0.030668480321764946, 0.008461146615445614, -0.008880392648279667, -0.002680633682757616, -0.0032062791287899017, 0.015397762879729271, -0.02002217248082161, 0.013606438413262367, 0.03122747503221035, -0.007235169876366854, -0.01999676413834095, 0.0024344853591173887, 0.0071335346437990665, 0.031125839799642563, -0.0308209341019392, 0.008632656186819077, 0.011383164674043655, -0.008816870860755444, 0.02312205359339714, 0.02468469738960266, 0.025662938132882118, 0.005386676173657179, -0.009744293987751007, 0.02980457991361618, 0.007266930770128965, 0.03557238727807999, -0.02084796130657196, 0.01923449896275997, -0.014483043923974037, 0.02473551407456398, -0.004252806305885315, 0.0193107258528471, 0.01854846067726612, -0.01698581501841545, 0.0023646110203117132, 0.016642795875668526, -0.005904381163418293, -0.02637438476085663, -0.026907971128821373, 0.028991496190428734, 0.01923449896275997, 0.04972511902451515, 0.013161784037947655, -0.005939318332821131, 0.006323627196252346, 0.0027187468949705362, -0.016388706862926483, -0.020314374938607216, -0.005256455857306719, -0.006879446096718311, -0.022613875567913055, -0.0021232268773019314, 0.01978078857064247, 0.0026377560570836067, -0.0081498883664608, 0.007254226598888636, -0.007991082966327667, -0.04626951366662979, -0.0024980073794722557, -0.003039533505216241, 0.01199932862073183, 0.01261549349874258, -0.03221841901540756, -0.0034968929830938578, 0.02777187153697014, -0.006333155557513237, -0.00887404102832079, -0.028991496190428734, -0.03394622355699539, 0.01786242052912712, -0.0059869601391255856, 0.0017595627577975392, -0.03885012865066528, -0.020606577396392822, 0.00623152032494545, -0.013568325899541378, -0.0023280857130885124, 0.008746996521949768, 0.05157996341586113, -0.019755380228161812, -0.010138130746781826, 0.013911345042288303, 0.034251127392053604, 0.0020025349222123623, -0.027441557496786118, 0.01682065799832344, -0.019628336653113365, -0.01703663356602192, -0.03691905736923218, -0.0031395808327943087, -0.014317886903882027, -0.014483043923974037, 0.012621846050024033, 0.003916138783097267, -0.014165433123707771, 0.008740643970668316, -0.023757273331284523, 0.025243692100048065, 0.01734153926372528, -0.007857686839997768, 0.02295689471065998, 0.003190398681908846, 0.005377147812396288, 0.02767023630440235, 0.0006356182275339961, 0.004942021332681179, -0.01618543639779091, 0.03577566146850586, 0.012228008359670639, -0.006688879337161779, 0.00558041874319315, 0.018891479820013046, -0.016744431108236313, -0.017760785296559334, 0.013974866829812527, -0.0031284645665436983, 0.025751868262887, -0.011262472718954086, -0.0081498883664608, -0.010938509367406368, -0.00801013968884945, -0.009750645607709885, 0.021572113037109375, 0.00042401018436066806, -0.005894852802157402, -0.021711861714720726, -0.01298392191529274, -0.015080152079463005, -0.006949320435523987, 0.03404785692691803, -0.026933379471302032, -0.024837149307131767, 0.01649034395813942, 0.0009560079779475927, 0.0323200561106205, -0.009947564452886581, 0.02257576212286949, -0.03021112084388733, 0.009356808848679066, -0.002456718124449253, -0.012005681172013283, -0.004757807124406099, -0.006885798182338476, 0.028559546917676926, -0.0019580693915486336, 0.019513996317982674, -0.006377621088176966, 0.008289637044072151, 0.016807952895760536, -0.010265175253152847, 0.004367146175354719, 0.0018373774364590645, -0.0015729665756225586, -0.02703501470386982, 0.008207058534026146, 0.006075891200453043, 0.019844310358166695, 0.003868497209623456, -0.02312205359339714, 0.01591864414513111, 0.014965811744332314, -0.0077052335254848, -0.0168460663408041, -0.006225168239325285, -0.014965811744332314, -0.023109348490834236, 0.01044938899576664, 0.006663470529019833, 0.009515614248812199, -0.004500542301684618, 0.012558323331177235, 0.004125761799514294, 0.00956007931381464, 0.01079240906983614, -0.006504665594547987, 0.01859927736222744, -0.02662847377359867, 0.02416381612420082, 0.012717128731310368, -0.005872620269656181, 0.0046021779999136925, -0.003404785878956318, -0.02210569940507412, -0.012494801543653011, 0.0022486832458525896, -0.01095756608992815, 0.002277268096804619, -0.007070012390613556, -0.001775443321093917, 0.01387323159724474, 0.006669823080301285, 0.00535491481423378, 0.009769702330231667, -0.0004188489983789623, -0.018523050472140312, -0.004059063736349344, -0.01236775703728199, -0.007006490137428045, -0.022702807560563087, 0.010023791342973709, 0.02049223706126213, -0.015359649434685707, 0.03854522481560707, -0.026145705953240395, -0.029245585203170776, -0.02227085642516613, -0.009788759052753448, 0.037655916064977646, -0.04248359426856041, 0.024494130164384842, 0.03582647815346718, -0.005932966247200966, -0.009839576669037342, 0.02174997515976429, 0.02665388211607933, -0.008734292350709438, 0.023299913853406906, 0.040501706302165985, -0.02706042490899563, -0.008473850786685944, 0.018586574122309685, 0.028178414329886436, -0.007635359186679125, -0.04062874987721443, 0.014775245450437069, -0.008734292350709438, -0.008607247844338417, -0.015346945263445377, 0.004370321985334158, -0.013225305825471878, 0.02075902931392193, -0.01840871199965477, -0.015880530700087547, -0.005859915632754564, -0.015219900757074356, -0.010106369853019714, 0.015346945263445377, -0.009325047954916954, -0.003776390105485916, 0.001804028288461268, -0.008492907509207726, -0.019107455387711525, 0.0003142360073979944, -0.01542317122220993, 0.030058668926358223, 0.015613737516105175, 0.02944885566830635, -0.045735929161310196, 0.003843088401481509, 0.001321260118857026, 0.00738127063959837, 0.01271077711135149, 0.016553865745663643, 0.0010695537785068154, 0.022969599813222885, -0.010227061808109283, -0.018675504252314568, 0.01490228995680809, -0.023985954001545906, 0.004894379526376724, -0.013987571932375431, -0.00312211224809289, -0.01969185844063759, 0.009356808848679066, -0.018446825444698334, 0.021127458661794662, 0.04139101505279541, -0.002072409261018038, -0.004249630030244589, -0.004459253046661615, -0.02739073894917965, -0.034251127392053604, -0.011503856629133224, -0.004224221222102642, 0.04804813489317894, 0.008696178905665874, 0.000478797999676317, 0.00470381323248148, 0.028254641219973564, -0.005624883808195591, -0.016248958185315132, 0.02364293485879898, 0.004211516585201025, -0.024456016719341278, 0.03707151114940643, -0.03163401782512665, -0.012253417633473873, -0.021102048456668854, 0.021673748269677162, -0.016973111778497696, -0.008537373505532742, 0.029245585203170776, -0.006536426488310099, -0.03569943457841873, 0.021076640114188194, -0.003871673485264182, 0.02172456681728363, -0.00037339096888899803, -0.011046497151255608, 0.008416681550443172, -0.008613599464297295, -0.0027965614572167397, 0.0024217809550464153, -0.0386214517056942, 0.002342378254979849, -0.04479580000042915, -0.0025599414948374033, 0.01840871199965477, -0.03620760887861252, -0.002941074315458536, 0.02035248838365078, -0.007952969521284103, -0.000248927331995219, -0.02082255110144615, -0.010798760689795017, -0.03994271159172058, 0.00919165089726448, -0.018230849876999855, 0.0022740920539945364, -0.014457635581493378, -0.028864452615380287, -0.010506559163331985, 0.016896884888410568, 0.009064607322216034, -0.014343295246362686, -0.0025694698560982943, 0.019196385517716408, 0.015613737516105175, 0.038087863475084305, -0.013606438413262367, -0.004795920103788376, 0.003284093691036105, -0.006580892018973827, -0.02629815973341465, 0.003928843419998884, -0.012590085156261921, 0.025269100442528725, 0.015626441687345505, 0.003947900142520666, -0.024112997576594353, 0.002837850945070386, -0.011306937783956528, -0.015372353605926037, 0.007305044215172529, 0.026882562786340714, 0.025434257462620735, 0.003401609603315592, -0.007349509745836258, 0.009344104677438736, 0.015791600570082664, 0.028940679505467415, -0.02150859124958515, -0.013809709809720516, -0.001729389769025147, -0.026755517348647118, -0.004383026622235775, 0.003049061866477132, -0.022347083315253258, 0.0022725039161741734, -0.0004061445652041584, -0.024633878841996193, -0.003674754872918129, 0.03359049931168556, -0.008607247844338417, -0.04106070101261139, -0.01909475028514862, 0.02011110447347164, -0.016363298520445824, -0.01654116064310074, 0.009433035738766193, 0.007438440807163715, -0.0003513567498885095, -0.0012839408591389656, -0.012253417633473873, -0.01577889546751976, 0.03127829357981682, 0.014686314389109612, -0.01132599450647831, 0.01722719892859459, -0.004643467254936695, -0.014470339752733707, 0.012685367837548256, -0.030947977676987648, 0.03234546631574631, 0.02035248838365078, 0.010614546947181225, 0.032447099685668945, 0.010214357636868954, -0.00841032899916172, -0.025751868262887, -0.005256455857306719, -0.017709968611598015, 0.011332347057759762, 0.010608194395899773, -0.022423310205340385, 0.0009520378080196679, 0.005065889097750187, -0.006110828369855881, -0.04388108104467392, -0.02977917157113552, -0.007864038459956646, -0.0033825531136244535, -0.05635682865977287, -0.007413031533360481, 0.02169915661215782, -0.009661714546382427, 0.018586574122309685, -0.02011110447347164, 0.004398907069116831, -0.0017246255883947015, -0.023846205323934555, -0.010087313130497932, -0.011135428212583065, 0.003338087582960725, 0.015219900757074356, -0.004386202432215214, 0.02073362097144127, -0.007800516672432423, 0.011548321694135666, 0.019043931737542152, 0.015169083140790462, 0.1772521287202835, -0.021927837282419205, -0.017735376954078674, 0.017544809728860855, -0.0032809176482260227, 0.025789981707930565, 0.04169592261314392, 0.0001387561351293698, -0.01173888798803091, 0.026730109006166458, 0.010087313130497932, -0.019933242350816727, -0.018307076767086983, 0.014267069287598133, 0.0213688425719738, -0.022753624245524406, -0.011694422923028469, -0.02454494871199131, 0.0004506100667640567, -0.05056361109018326, 0.01646493375301361, -0.012748890556395054, 0.028889860957860947, -0.022004064172506332, 0.04200082644820213, -0.028915271162986755, 0.006418910343199968, -0.00021537969587370753, 0.03747805207967758, 0.023731864988803864, -0.024265451356768608, 0.008753348141908646, 0.00919165089726448, -0.007190704345703125, -0.027085833251476288, 0.0031665777787566185, -0.0074003273621201515, -0.007254226598888636, 0.0038843778893351555, 0.006406206171959639, 0.019628336653113365, 0.004948373418301344, 0.001106873038224876, -0.013924049213528633, 0.017735376954078674, 0.03516584634780884, 0.0048499139957129955, -0.02495148964226246, -0.004052711650729179, 0.0001337934663752094, -0.03897717595100403, -0.0037001636810600758, -0.008416681550443172, 0.02490067295730114, 0.02155940793454647, 0.005501016043126583, 0.015575625002384186, 0.000532394798938185, -0.004938845057040453, -0.0011370460269972682, -0.028483320027589798, -0.012952161021530628, -0.015016630291938782, 0.019043931737542152, 0.014813358895480633, 0.013555620796978474, -0.007514667231589556, -0.014444930478930473, -0.009687123820185661, -0.010786056518554688, -0.0032586848828941584, -0.024112997576594353, -0.011535617522895336, -0.0004132908070459962, -0.005837683100253344, -0.026552246883511543, 0.02772105485200882, 0.0369698740541935, -0.004316328093409538, 0.02840709313750267, -0.0033571443054825068, -0.0037700380198657513, -0.024100294336676598, 0.012056498788297176, 0.0012688543647527695, -0.024887967854738235, 0.02213110774755478, -0.011935806833207607, -0.0012323291739448905, -0.01388593576848507, -0.00692391162738204, -0.014800654724240303, -0.0077052335254848, -0.010309640318155289, 0.01925990730524063, 0.023465072736144066, 0.03300609439611435, 0.03163401782512665, -0.02021273970603943, -0.01978078857064247, -0.017112860456109047, 0.04316963627934456, 0.030719298869371414, 0.022995008155703545, 0.003133228747174144, 0.0037986228708177805, -0.01333964616060257, 0.010004734620451927, -0.007838630117475986, -0.013771596364676952, -0.0026933380868285894, -0.02215651609003544, -0.00045775630860589445, -0.01687147654592991, -0.008962971158325672, 0.0004061445652041584, 0.0035858238115906715, 0.0013434928841888905, 0.008213410153985023, -0.00931234285235405, 0.007800516672432423, -0.033895403146743774, -0.003776390105485916, 0.0022455069702118635, 0.011179893277585506, -0.01826896332204342, -0.042966365814208984, 0.010951214469969273, -0.0072605786845088005, -0.02916935831308365, 0.020809847861528397, -0.032421693205833435, 0.027898916974663734, 0.009217060171067715, -0.007025546859949827, -0.01439411286264658, 0.007482905872166157, 0.0067142886109650135, -0.00893121026456356, -0.0026456965133547783, -0.010233414359390736, -0.03257414326071739, 0.005462902598083019, 0.0066825272515416145, 0.004287743475288153, 0.0016253723297268152, 0.004087648820132017, 0.0014117792015895247, -0.021356137469410896, 0.004040007013827562, -0.014635496772825718, -0.005151644349098206, 0.00017488434968981892, -0.010862283408641815, 0.01720179058611393, -0.004821328911930323, -0.017112860456109047, -0.012837820686399937, -0.00879146158695221, -0.034251127392053604, -0.022702807560563087, -0.002717158757150173, 0.015499398112297058, 0.015143673866987228, -0.004811801016330719, 0.01299662608653307, -0.1561119705438614, 0.013720778748393059, -0.027466965839266777, -0.03674119710922241, 0.009814168326556683, 0.0018564340425655246, 0.030312757939100266, -0.010303288698196411, -0.020339783281087875, -0.004135290160775185, 0.002632992109283805, -0.023604821413755417, -0.025269100442528725, -0.019933242350816727, -0.00013260243576951325, -0.02106393687427044, 0.005243751220405102, 0.001869138446636498, 0.026526838541030884, 0.019196385517716408, 0.009858633391559124, -0.03575025126338005, 0.020949596539139748, 0.012545619159936905, -0.012120021507143974, -0.017278017476201057, 0.002523416420444846, 0.013542916625738144, -0.009109072387218475, -0.030795525759458542, -0.006707936059683561, -0.014724427834153175, 0.029957033693790436, 0.006107652094215155, -0.002929957816377282, 0.004478309769183397, -0.036614153534173965, -0.018650095909833908, -0.025713754817843437, 0.021661043167114258, 0.006911206990480423, 0.03326018527150154, 0.008994732983410358, 0.010843226686120033, -0.013733482919633389, 0.03892635554075241, 0.025269100442528725, -0.03122747503221035, -0.009102719835937023, -0.0060060168616473675, 0.005980608053505421, -0.011002032086253166, 0.006428438704460859, -0.013682665303349495, 0.0010655836667865515, 0.010385867208242416, 0.0012990274699404836, 0.015740782022476196, 0.01487688161432743, 0.00547243095934391, -0.0051579964347183704, -0.028966087847948074, 0.005018247757107019, 0.00816259253770113, 0.029652126133441925, -0.015842417255043983, 0.011059201322495937, 0.004843561910092831, -0.01133869867771864, 0.01474983710795641, -0.009731588885188103, -0.018040282651782036, 0.011548321694135666, -0.00787674356251955, 0.028305457904934883, 0.012729833833873272, -0.02125450223684311, 0.0037732140626758337, -0.029728353023529053, 0.002909313188865781, -0.021927837282419205, 0.008562781848013401, -0.03608056530356407, -0.05056361109018326, -0.0128759341314435, -0.003006184473633766, 0.0001149353411165066, 0.0115737309679389, 0.014267069287598133, -0.0014562446158379316, -0.0013006154913455248, -0.043982718139886856, 0.011961216107010841, 0.001654751249589026, -0.013428577221930027, 0.03580106794834137, -0.0023058531805872917, -0.0031522854696959257, 0.002620287472382188, -0.037706732749938965, -0.0004450518754310906, 0.0004617264203261584, -0.01843412034213543, -0.00667617516592145, -0.004694284871220589, 0.006215639878064394, -0.003161813598126173, 0.0076988814398646355, 0.029194768518209457, -0.0038843778893351555, 0.007883095182478428, 0.01079240906983614, 0.008226115256547928, 0.018891479820013046, -0.013924049213528633, -0.004170227330178022, -0.02037789672613144, -0.009515614248812199, 0.01043668482452631, -0.011884989216923714, 0.07190704345703125, -0.017659150063991547, 0.00044822797644883394, 0.015880530700087547, 0.004417963791638613, -0.005697934422641993, -0.11484799534082413, -0.034149494022130966, 0.006142589263617992, 0.02279173769056797, 0.011853228323161602, 0.015359649434685707, 0.0010901984060183167, 0.027085833251476288, 0.0015944052720442414, 0.01070982962846756, -0.02947426587343216, -0.01473713293671608, 0.0032491565216332674, -0.015232604928314686, 0.02542155422270298, -0.0027965614572167397, 0.013530212454497814, -0.017303425818681717, -0.02528180554509163, 0.029652126133441925, 0.011783353984355927, -0.014838768169283867, -8.694590360391885e-05, -0.03989189490675926, -0.03831654414534569, 0.006530074402689934, -0.00591708580031991, 0.023820796981453896, 0.006657118443399668, 0.014165433123707771, -0.01824355311691761, -0.007597245741635561, 0.01720179058611393, -0.002958542900159955, 0.04291554540395737, -0.0004871352866757661, -0.0054152607917785645, -0.0032682132441550493, 0.023617524653673172, 0.0010941685177385807, 0.005126235540956259, 0.019399655982851982, 0.009852280840277672, -0.015499398112297058, 0.012018385343253613, -0.015080152079463005, -0.01758292317390442, -0.015791600570082664, -0.014953107573091984, -0.0050118956714868546, -0.023897022008895874, -0.0008702530758455396, -0.0022931485436856747, -0.038773905485868454, 0.01618543639779091, -0.004554536193609238, -0.0020914659835398197, 0.007590893656015396, -0.016591979190707207, -0.012926751747727394, -0.019958650693297386, 0.005882148630917072, -0.02065739408135414, 0.005907557439059019, 0.04672687500715256, -0.007864038459956646, -0.02328721061348915, -0.020479531958699226, 0.00630774674937129, -0.016693614423274994, -0.006387149449437857, 0.0078068687580525875, -0.003487364621832967, -0.0015499398577958345, -0.009369513019919395, 0.028559546917676926, 0.003995541483163834, -0.009896746836602688, -0.02977917157113552, -0.012634550221264362, -0.007787812501192093, -0.014444930478930473, -0.0006074302946217358, -0.014406817965209484, 0.019272612407803535, 0.01722719892859459, 0.011459390632808208, -0.01069712545722723, 0.032065968960523605, 0.008619952015578747, -0.007324100937694311, 0.011148132383823395, 0.008772404864430428, -0.008950266987085342, -0.0013323765015229583, -0.014038389548659325, -0.0004410817346069962, 0.005145291797816753, 0.021432364359498024, 0.04527856782078743, -0.005942494608461857, -0.02139425091445446, -0.03920585289597511, 0.0040114219300448895, 0.007235169876366854, 0.017544809728860855, 0.0043226806446909904, 0.0213688425719738, 0.011611844412982464, -0.005818626377731562, -0.010595490224659443, 0.025866208598017693, -0.03295527771115303, 0.0006038571591489017, 0.010220709256827831, -0.0042909192852675915, -0.04034925252199173, -0.004233749583363533, 0.016236254945397377, -0.007895800285041332, 0.041899193078279495, 0.028254641219973564, 0.008524669334292412, 0.02629815973341465, -0.008607247844338417, 0.03305691108107567, -0.015982165932655334, -0.02484985440969467, -0.029652126133441925, -0.0020485883578658104, -0.0055581857450306416, -0.0027139827143400908, -0.007984730415046215, -0.02800055220723152, 0.008194353431463242, 0.02733992226421833, 0.004078120458871126, -0.0016309304628521204, 0.01917097717523575, 0.02556130290031433, 0.03928207978606224, 0.07612491399049759, -0.023134756833314896, -0.02210569940507412, 0.008543725125491619, -0.029220176860690117, -0.0035223017912358046, -0.028711998835206032, -0.053968396037817, -0.006733344867825508, 0.01453386154025793, -0.012158134020864964, 0.03826572746038437, -0.007762403227388859, 0.01788783073425293, -0.01528342254459858, 0.009509261697530746, 0.00509447418153286, 0.001973950071260333, -0.015029334463179111, 0.007825925946235657, -0.015728076919913292, 0.022804442793130875, 0.008022843860089779, -0.00041646690806373954, -0.0026171114295721054, 0.00764171127229929, -0.031811878085136414, -0.018446825444698334, 0.01183417160063982, -0.0037096920423209667, -0.01703663356602192, -0.019488587975502014, 0.02021273970603943, 0.018446825444698334, -0.001181511441245675, 0.028305457904934883, -0.006606300827115774, -0.00012178382166894153, 0.002110522473230958, -0.008689826354384422, 0.02073362097144127, 0.03763050585985184, 0.00927423033863306, -0.01848493702709675, 0.027492374181747437, 0.024671992287039757, 0.03130370378494263, 0.0023789035622030497, 0.005380323622375727, -0.008435738272964954, -0.0112307108938694, 0.02511664666235447, -0.00877875741571188, -0.00673969741910696, 0.01384782325476408, 0.00013687032333109528, 0.00446560513228178, -0.005967903416603804, 0.003573119407519698, 0.013936753384768963, 0.02150859124958515, -0.00048435619100928307, 0.00425915839150548, -0.015651851892471313, -0.02706042490899563, -0.0040241265669465065, 0.009471148252487183, -0.013835118152201176, -0.01635059528052807, 0.014826063066720963, 0.027187468484044075, -0.0005109561025165021, 0.012132725678384304, 0.013568325899541378, 0.00599331222474575, -0.030719298869371414, 0.0026393441949039698, 0.0026091712061315775, 0.013936753384768963, -0.011796058155596256, 0.022880667820572853, 0.0064443196170032024, -0.004348089452832937, 0.01758292317390442, 0.014584679156541824, 0.02106393687427044, 0.008372215554118156, 0.03516584634780884, -0.04741291329264641, 0.003535006195306778, 0.01767185516655445, 0.005859915632754564, -0.015931349247694016, -0.0361567921936512, 0.00604730611667037, -0.015118265524506569, -0.02295689471065998, 0.006517369765788317, 0.012164486572146416, 0.013924049213528633, 0.11627089232206345, 0.022397900000214577, -0.006974729243665934, 0.00040018936851993203, -0.009477500803768635, -0.009947564452886581, -0.0052977451123297215, -0.0067015839740633965, 0.011046497151255608, 0.0026758695021271706, 0.03361590579152107, -0.01596946083009243, 0.017646444961428642, -0.028559546917676926, -0.014152728952467442, 0.006094947922974825, 0.004608530085533857, 0.022613875567913055, 0.003982837311923504, -0.007374918553978205, 0.026221932843327522, -0.03938371688127518, 0.01097027026116848, 0.01028423197567463, -0.02739073894917965, 0.01969185844063759, 0.02878822572529316, -0.008772404864430428, -0.011713479645550251, -0.0386214517056942, 0.018662799149751663, -0.006221991963684559, -0.02120368555188179, -0.00624422449618578, 0.005783689208328724, -0.03226923942565918, -0.0189041830599308, -0.017100155353546143, -0.017773490399122238, 0.007050955668091774, 0.011605491861701012, 0.008988380432128906, -0.023401550948619843, -0.026044070720672607, -0.022283561527729034, -0.02390972711145878, 0.0020311197731643915, -0.008727939799427986, -0.01821814477443695]"
"Es pertinente mencionar que la memoria puede ser evaluada como memoria de corto plazo y memoria de largo plazo. La memoria de largo plazo, se puede evaluar por separado como la memoria declarativa (información sobre hechos) y como la memoria de procedimientos (información sobre habilidades y hábitos); mientras que la memoria declarativa a su vez, se puede evaluar mediante memoria episódica (son todos los acontecimientos y eventos vividos durante nuestra existencia) y la memoria semántica (son los conocimientos adquiridos a lo largo de los años). Ejemplos de la alteración de la memoria de corto plazo: La hija del señor VAT ha notado que su padre ha empezado a tener problemas con la administración de sus medicamentos para hipertensión arterial e hipotiroidismo. En los últimos meses cuando ella ha comprado los medicamentos, su padre le dice que no compre tantas dosis debido a que aún tiene de los meses previos. La hija sospecha que su padre olvida de tomar varias dosis, lo cual explica que a fin de mes tiene pastillas sobrantes, probablemente debido al olvido de tomar algunas dosis. (ver figura 3). Ejemplos de la alteración de la memoria episódica: Al inicio de la enfermedad, se afectan la memoria de hechos recientes; pero conforme pasan los años, además se presentan los problema de memoria de hechos pasados o remotos. El señor JRD recuerda con dificultad los detalles de su matrimonio religioso, celebrado hace 50 años y responde de manera general y panorámica. ""Fue la ceremonia más celebrada y comentada por mucho tiempo. Mi esposa, vestida de blanco, por supuesto estaba muy bonita, fue en una iglesia cerca al domicilio de ella, y luego celebramos una gran fiesta"". No recuerda la fecha exacta, el nombre de la iglesia, el nombre de los padrinos, el lugar de la recepción, el color de su traje y el auto que fue usado para el paseo y traslado de la iglesia al lugar de recepción. (ver figura 4). Ejemplos de la alteración de la memoria semántica: El Sr. ORG, un cantante criollo, no puede continuar con la letra de la canción popular: ""Pero regresa, para llenar el vacío ............ "" Otro ejemplo es: La Srta. NNJ, embajadora recientemente jubilada, no puede responder las siguientes interrogantes: ¿Cómo se llama el presidente del anterior gobierno?, ¿Cuál es el octavo mes del año?, ¿Qué estación del año empieza en Abril, después del verano?, ¿Cuántos días tiene un año que no sea bisiesto?. Ella justifica estos ""pequeños olvidos"" diciendo que todos los días son iguales y en los días de jubilación sólo necesita descansar y ya no requiere conocer estos datos innecesarios.","[-0.024136437103152275, 0.010762518271803856, 0.05164487659931183, -0.030779028311371803, -0.03797939419746399, 0.0034512316342443228, 0.005232308059930801, -0.0006389849004335701, -0.03331436961889267, -0.021195443347096443, 0.014489468187093735, 0.03668636828660965, 0.004972435534000397, 0.01471764873713255, -0.012277384288609028, 0.002381635131314397, 0.021258825436234474, -0.0030677614267915487, 0.028826816007494926, -0.012410488910973072, 0.00350510748103261, -0.01687268726527691, -0.00473474757745862, 0.014907799661159515, 0.004164296202361584, 0.0012605394003912807, 0.0038727319333702326, -0.01906575635075569, 0.0021138398442417383, -0.023096946999430656, 0.028725402429699898, -0.0023340974003076553, 0.0035431375727057457, -0.008696216158568859, 0.004975604824721813, -0.022006751969456673, -0.016150115057826042, -0.015617694705724716, 0.0062939818017184734, 0.0008913304773159325, 0.021258825436234474, 0.020650343969464302, 0.00026304152561351657, -0.013880986720323563, 0.016276882961392403, 0.014451437629759312, -0.007434884551912546, -0.021410945802927017, -0.0334157831966877, 0.026266122236847878, 0.0072700874879956245, 0.031843870878219604, -0.021994074806571007, 0.009570908732712269, -0.0009246068075299263, -0.01595996506512165, -0.006164045538753271, 0.01232175249606371, 0.022539172321558, -0.020967261865735054, 0.007206704001873732, 0.0037047655787318945, -0.0009047994390130043, 0.005238646175712347, 0.0023594507947564125, 0.002779366448521614, -0.0030630077235400677, -0.02389558032155037, 0.010388555936515331, 0.025492843240499496, 0.012847835198044777, 0.025847790762782097, -0.006103830877691507, 0.0019902419298887253, 0.03153963014483452, -0.006940493360161781, 0.024681534618139267, -0.007827862165868282, 0.008315915241837502, 0.017633289098739624, -0.003413201542571187, -0.044723398983478546, -0.014159874059259892, 0.028091566637158394, 0.0012454857351258397, 0.017798086628317833, 0.0016479709884151816, -0.020586960017681122, 0.004785454366356134, -0.004145280923694372, -0.006794711109250784, 0.01303164754062891, 0.020548930391669273, 0.005821774713695049, -0.008613817393779755, 0.025721024721860886, -0.0007063298835419118, 0.012949248775839806, -0.00018846687453333288, -0.005764729343354702, -0.040489379316568375, 0.0018254448659718037, -0.04228947311639786, -0.002426003571599722, -0.016657184809446335, 0.007434884551912546, 0.016340266913175583, 0.003584336955100298, 0.010971684008836746, -0.037446971982717514, -0.022868767380714417, 0.038385048508644104, 0.0038125175051391125, -0.03481021896004677, -0.001567157101817429, 0.01731637306511402, 0.0033910172060132027, -0.04502763971686363, -0.009697675704956055, -0.03797939419746399, -0.00785321556031704, 0.014337347820401192, 0.01222033891826868, -0.034074969589710236, 0.0123534444719553, -0.012904880568385124, -0.005073849111795425, -0.0031802670564502478, -0.01303164754062891, 0.013411948457360268, -0.013107707723975182, 0.026671776548027992, -0.02056160755455494, 0.011016052216291428, 0.0019522118382155895, 0.0047791157849133015, -0.01338659506291151, 0.029536711052060127, -0.01437537744641304, -0.015871228650212288, 0.015237393788993359, -0.014248610474169254, -0.023122301325201988, -0.02331245131790638, 0.018900960683822632, 0.025987235829234123, 0.0018175218719989061, 0.031007207930088043, 0.012923895381391048, 0.01754455268383026, 0.03387214243412018, -0.019255908206105232, -0.008880028501152992, 0.011795669794082642, 0.010623075067996979, -0.019078433513641357, 0.007384177763015032, -0.0123344287276268, -0.03075367398560047, -0.0012843081494793296, 0.02651965618133545, 0.0012803466524928808, 0.02014327608048916, 0.023781489580869675, 0.0008707308443263173, 0.030779028311371803, -0.00440198415890336, -0.009691337123513222, 0.005172093398869038, -0.009818104095757008, -0.009976563043892384, 0.023819519206881523, -0.03861322999000549, 0.02700137160718441, 0.01822909526526928, -0.006794711109250784, 0.02085317112505436, 0.0010513737797737122, -0.0297902449965477, -0.03164104372262955, -0.005368582438677549, 0.002362620085477829, 0.010629412718117237, 0.004278386477380991, -0.033010125160217285, 0.00445902906358242, 0.013627452775835991, 0.010211082175374031, 0.005340059753507376, 0.008138441480696201, 0.0006793919019401073, 0.010559691116213799, 0.01570643112063408, -0.02318568527698517, -0.6316038966178894, 0.008227177895605564, -0.0004935989854857326, -0.008968764916062355, 0.002568616298958659, 0.023071594536304474, -0.001036320230923593, 0.00943780317902565, -0.031007207930088043, -0.0530393123626709, -7.640683179488406e-05, -0.003647720441222191, 0.000510633341036737, -0.015199363231658936, -0.031260743737220764, -0.005374921020120382, -0.013399272225797176, 0.011605518870055676, 0.015402190387248993, 0.006769357714802027, -0.0017668150831013918, 0.014007753692567348, 0.0006698843790218234, 0.028446514159440994, -0.006934154778718948, 0.006946831475943327, 0.005831282120198011, -0.03379608318209648, 0.011605518870055676, 0.04490087181329727, -0.007048245053738356, -0.015326130203902721, 0.004728408996015787, 0.0053210449405014515, 0.045762889087200165, -0.02224760875105858, 0.011149157769978046, 0.01793752983212471, -0.003733288263902068, 0.018305154517292976, 0.00042308485717512667, 0.0023943118285387754, -0.0015045658219605684, 0.008981442078948021, 0.029308531433343887, 0.009241314604878426, -0.011504105292260647, 0.005837620235979557, -0.010287142358720303, 0.022805383428931236, 0.010965345427393913, -0.008182809688150883, -0.03422709181904793, -0.0011551643256098032, 0.005137232597917318, 0.03564688190817833, 0.0250618364661932, -0.014096490107476711, -0.010851255618035793, -0.009146238677203655, -0.005523872096091509, 0.008328592404723167, -0.02508718892931938, -0.002991701243445277, -0.03389749675989151, 0.04218805953860283, -0.019255908206105232, 0.015693753957748413, 0.013513362035155296, -0.024288557469844818, -0.01479370892047882, 0.02651965618133545, -0.011713271029293537, -0.0044114915654063225, 0.009843457490205765, -0.015757137909531593, 0.03536799177527428, 0.016619153320789337, 0.0028094735462218523, 0.001458612852729857, 0.011782992631196976, -0.007878568954765797, -0.033238306641578674, -0.00894975010305643, 0.010331510566174984, -0.025112543255090714, -0.01735440269112587, 0.020637666806578636, 0.0020298566669225693, 0.008227177895605564, 0.0005506441812030971, 0.005565071478486061, 0.0028887030202895403, -0.014552852138876915, -0.02593652904033661, 0.008258869871497154, -0.02842116169631481, 0.009608938358724117, 0.019953126087784767, -0.018343184143304825, 0.011992158368229866, -0.018799547106027603, 0.011992158368229866, 0.007504606619477272, 0.011060420423746109, 0.0004527958808466792, -0.0008014051127247512, 0.022741999477148056, 0.040033020079135895, -0.00709895184263587, 0.009875149466097355, -0.007238395512104034, 0.023363158106803894, 0.005444642622023821, -0.010077976621687412, -0.020130598917603493, 0.02224760875105858, 0.022298315539956093, -0.00565697718411684, -0.0071750120259821415, 0.008810306899249554, -0.006712312810122967, 0.02839580737054348, -0.010508984327316284, 0.008379299193620682, 0.0018793208291754127, -0.01602334901690483, 0.012378797866404057, 0.015579664148390293, -0.011954127810895443, -0.008721569553017616, -0.020472871139645576, 0.012125263921916485, -0.0028364115860313177, 0.006496808957308531, -0.0077010951936244965, 0.02321103774011135, -0.007713771890848875, 0.024491384625434875, -0.031032562255859375, 0.0019110125722363591, 0.0076377117075026035, -0.006858094595372677, -0.020219337195158005, -0.00874058436602354, -0.03701596334576607, -0.022944826632738113, 0.0033815097995102406, -0.03075367398560047, 0.009786412119865417, -0.00015618090401403606, -0.029612772166728973, -0.0055523947812616825, 0.02224760875105858, 0.011472413316369057, 0.001182894571684301, -0.03876534849405289, -0.020992616191506386, -0.038385048508644104, -0.01402042992413044, 0.002795212436467409, 0.024263203144073486, -0.004012175370007753, 0.008512403815984726, -0.005647469777613878, -0.012315413914620876, 0.02839580737054348, 0.021841954439878464, -0.03222417086362839, -0.0378272719681263, 0.014007753692567348, 0.0065982225351035595, 0.003324464662000537, 0.004478044342249632, 0.007688418496400118, 0.0384611077606678, -0.018533335998654366, -0.003059838432818651, 0.0185206588357687, -0.004538258537650108, 0.009387096390128136, 0.01968691498041153, 0.0006865225150249898, 3.9986076444620267e-05, 0.012689377181231976, 0.013741542585194111, -0.014350024051964283, 0.009139901027083397, -0.01003360841423273, 0.01696142554283142, 0.03169174864888191, 0.021296856924891472, -0.019661562517285347, -0.02314765378832817, -0.012587963603436947, 0.007669403683394194, -0.0008588464115746319, -0.02560693398118019, 0.0021740540396422148, 0.028928229585289955, 0.024922393262386322, -0.008347607217729092, 0.00012240938667673618, -0.002406988525763154, -0.008487050421535969, -0.03039872646331787, 0.02806621417403221, 0.009146238677203655, 0.013475332409143448, 0.010331510566174984, 0.0005740168271586299, -0.012537256814539433, -0.011681579053401947, -0.0210433229804039, -0.017113545909523964, 0.040362611413002014, 0.00046626487164758146, 0.01904040388762951, -0.022095488384366035, -6.234361353563145e-05, 0.014464114792644978, 0.009120885282754898, 0.003619197756052017, -0.008138441480696201, -0.00170818530023098, 0.007992659695446491, 0.026722483336925507, 0.030677614733576775, -0.01644168049097061, -0.03818222135305405, -0.005428796634078026, -0.01147875189781189, 0.009425126947462559, 0.0232490673661232, -0.014071136713027954, 0.04520511254668236, 0.00946949515491724, -0.02195604518055916, 0.012150617316365242, 0.014844415709376335, -0.017848793417215347, 0.023882903158664703, -0.003394186496734619, 0.004871021956205368, 0.0004872606659773737, 0.0038980853278189898, 0.015009213238954544, 0.009494848549365997, 0.01348800864070654, 0.006496808957308531, -0.008322253823280334, -0.013018971309065819, -0.017278341576457024, -0.02179124765098095, -0.008702554740011692, -0.010356863960623741, 0.011104789562523365, 0.001536257565021515, 0.010401232168078423, 0.024782948195934296, 0.017202282324433327, 0.0146796191111207, -0.003324464662000537, -0.005070679821074009, 0.015947287902235985, -0.019091110676527023, 0.01589658111333847, -0.005967556498944759, 0.001418998115696013, 0.008068719878792763, -0.021284179762005806, -0.013411948457360268, -0.01355139259248972, 0.0029536711517721415, -0.0035558142699301243, 0.007510944735258818, 0.009786412119865417, 0.005714022554457188, 0.015795167535543442, 0.006794711109250784, -0.029181763529777527, -0.020320750772953033, 0.023756135255098343, 0.01975029893219471, 0.0022913136053830385, -0.014996536076068878, -0.020713727921247482, -0.0063668726943433285, -0.017848793417215347, 0.02166447974741459, -0.010623075067996979, -0.010204743593931198, -0.010610397905111313, 0.00046983020729385316, -0.008499727584421635, 0.008575787767767906, 0.008607479743659496, 0.015858551487326622, -0.020181305706501007, -0.019179847091436386, -0.01099069882184267, -0.009177930653095245, -0.02842116169631481, -0.006845417898148298, 0.00995754823088646, 0.012841497547924519, -0.024212496355175972, -0.0015893413219600916, -0.004167465027421713, -0.005460488609969616, 0.006674282718449831, -0.028674695640802383, -0.002755597699433565, -0.0011654641712084413, 0.029486004263162613, 0.011840038001537323, -0.01513598021119833, 0.021322209388017654, 0.01303164754062891, 0.01893899030983448, 0.00692147808149457, -0.01218864694237709, -0.01285417377948761, -0.005628454964607954, 0.007232057396322489, 0.020903877913951874, -0.022323668003082275, 0.017050161957740784, -0.0010188897140324116, -0.017848793417215347, -0.023996993899345398, -0.007935614325106144, 0.060848161578178406, 0.00021273086895234883, -0.02130953222513199, 0.014806386083364487, 0.031007207930088043, 0.01461623515933752, -0.004497059155255556, 0.011776654049754143, 0.0019427043152973056, -0.007086275145411491, 0.007244734093546867, -0.010889285244047642, 0.0027017216198146343, -0.02149968408048153, 0.009165254421532154, 0.034074969589710236, -0.022577201947569847, -0.021474329754710197, 0.03316224738955498, 0.004649179521948099, 0.03382143750786781, -0.024757595732808113, 0.013171091675758362, 0.0027191522531211376, 0.020663021132349968, 0.020903877913951874, 0.012587963603436947, 0.022184224799275398, 0.008689877577126026, -0.015288100577890873, 0.023426542058587074, 0.0006984069477766752, 0.0009848211193457246, -0.022818060591816902, 0.013880986720323563, 0.00256227795034647, 0.02168983407318592, -0.0022469451650977135, 0.016745921224355698, 0.030677614733576775, -0.011548473499715328, 0.002470372011885047, 0.014692295342683792, -0.012378797866404057, -0.024618150666356087, -0.026823896914720535, 0.020827818661928177, 0.0033910172060132027, 0.03808080777525902, 0.0015972641995176673, -0.02370542846620083, 0.023489926010370255, -0.002706475555896759, 0.006034109275788069, -0.017075514420866966, -0.0003010716172866523, 0.004753762390464544, -0.0062654591165483, -0.004205495119094849, 0.04069220647215843, -0.024491384625434875, -0.010629412718117237, -0.013107707723975182, -0.01344997901469469, -0.08686074614524841, 0.0031691750045865774, 0.00010785098857013509, 0.005286184139549732, 0.0016780782025307417, -0.012030187994241714, -0.010477292351424694, 0.015402190387248993, -0.01906575635075569, -0.016530416905879974, -0.02629147656261921, -0.033010125160217285, 0.013893662951886654, 0.006100662052631378, -0.00721938069909811, -0.03552011400461197, -0.02768591232597828, 0.0035875060129910707, -0.005691838450729847, -0.014806386083364487, 0.016860011965036392, 0.042111996561288834, -0.014210580848157406, 0.009526540525257587, 0.02483365498483181, 0.038866762071847916, 0.01644168049097061, -0.03166639804840088, 0.009342728182673454, -0.0185206588357687, -0.0202953964471817, -0.02172786369919777, 0.00395829975605011, -0.009887825697660446, -0.009444141760468483, 0.000343657418852672, 0.011770316399633884, 0.00806238129734993, 0.0163529422134161, -0.026798544451594353, 0.009000456891953945, 0.021525036543607712, 0.005853466223925352, 0.022615233436226845, -0.00922863744199276, 0.0013041155179962516, 0.032300230115652084, -0.009602600708603859, 0.0031042068731039762, -0.02956206537783146, 0.049134887754917145, 0.011928774416446686, -0.019471410661935806, 0.00470305560156703, 0.019496764987707138, -0.029486004263162613, 0.005596762988716364, 0.006877109874039888, -0.0066552674397826195, 0.03298477455973625, -0.01883757673203945, 0.0059041730128228664, -0.02172786369919777, -0.004877360537648201, -0.008227177895605564, 0.02318568527698517, 0.012828820385038853, 0.02425052784383297, -0.010559691116213799, -0.0228941198438406, 0.0010188897140324116, 0.004024852067232132, 0.00887368991971016, -0.028192980214953423, -0.045636121183633804, 0.031615689396858215, 0.004753762390464544, 0.026012588292360306, -0.0019379504956305027, 0.008296900428831577, -0.020929232239723206, 0.0034639083314687014, 0.00929202139377594, -0.010939992032945156, -0.012150617316365242, -0.016302235424518585, 0.026823896914720535, 0.001968057593330741, 0.020346103236079216, -0.019965803250670433, -0.004576288629323244, 0.004474875051528215, 0.002175638685002923, 0.010020931251347065, -0.008246193639934063, -0.004807638470083475, -0.02166447974741459, 0.018305154517292976, 0.012049203738570213, 0.008607479743659496, -0.008892704732716084, -0.0052576614543795586, 0.013678159564733505, 0.0377512127161026, -0.008708893321454525, -0.009742043912410736, -0.012492887675762177, -0.01712622120976448, -0.016213499009609222, 0.021068675443530083, 0.015161333605647087, 0.004018513951450586, 0.0029679324943572283, -0.0015790414763614535, -0.00019648885063361377, -0.013969723135232925, 0.019369997084140778, -0.010344186797738075, 0.018495304509997368, -0.018824899569153786, 0.016340266913175583, 0.0012851004721596837, 0.001841290737502277, -0.007878568954765797, -0.0023356820456683636, -0.03818222135305405, 0.0069024632684886456, -0.0026636915281414986, -0.012423166073858738, -0.012664023786783218, 0.0046365028247237206, 0.005701345857232809, 0.002784120151773095, -0.007523621432483196, -0.009621615521609783, -0.005498518701642752, 0.00035078806104138494, -0.006477793678641319, -0.009551893919706345, -0.015744460746645927, -0.015351483598351479, -0.007536298129707575, 0.005739375948905945, 0.030804380774497986, -0.010724488645792007, 0.03052549436688423, -0.03295942023396492, -0.03432850539684296, -0.012961925938725471, -0.02425052784383297, 0.05608171969652176, -0.020865848287940025, 0.023109624162316322, 0.024909716099500656, 0.0020108416210860014, -0.00877227634191513, 0.019927771762013435, 0.03800474852323532, -0.005368582438677549, 0.020308073610067368, 0.0327058844268322, -0.013196445070207119, -0.0028047198429703712, 0.02968883141875267, 0.012511903420090675, -0.001281138975173235, -0.03661030903458595, 0.007567990105599165, -0.0163529422134161, 0.004221341107040644, -0.010204743593931198, 0.004256201907992363, -0.019078433513641357, 0.01683465763926506, -0.010623075067996979, 0.004091404844075441, 0.007377839647233486, -0.010965345427393913, -0.017569907009601593, 0.017557229846715927, -0.006629914045333862, -0.002709644613787532, -0.012416827492415905, -0.01916716992855072, -0.019674237817525864, -0.0004282347799744457, -0.027407025918364525, 0.023908255621790886, 0.001665401505306363, 0.028345100581645966, -0.02700137160718441, 0.00012716314813587815, -0.0025749546475708485, 0.009076517075300217, -0.009894164279103279, 0.02558158151805401, 0.0020599637646228075, 0.012049203738570213, -0.004573119338601828, -0.013538715429604053, 0.02068837359547615, -0.0037649800069630146, -0.0053368909284472466, -0.02862398885190487, -0.018571365624666214, -0.033111538738012314, 0.009089194238185883, -0.005438304506242275, 0.007441223133355379, 0.031032562255859375, 0.013792249374091625, -0.0294352974742651, 0.003920269664376974, -0.03683849051594734, -0.02412375994026661, 0.010413909330964088, -0.0026161540299654007, 0.05506758391857147, -0.003261081175878644, -0.001448313007131219, 0.01229006052017212, 0.007656726986169815, -0.010686458088457584, -0.007567990105599165, 0.0185206588357687, -0.0013587838038802147, -0.03306083381175995, 0.01956014893949032, -0.022970180958509445, -0.013475332409143448, -0.03382143750786781, 0.0014237519353628159, -0.012226677499711514, 0.004725240170955658, 0.03648354113101959, -0.0025797083508223295, -0.026849251240491867, 0.011763977818191051, 0.02508718892931938, 0.029257824644446373, -0.019408028572797775, -0.017785409465432167, 0.008468035608530045, -0.013931693509221077, 0.00359384436160326, 0.007941952906548977, -0.03468345105648041, 0.0071813506074249744, -0.0384611077606678, -0.005736206658184528, 0.010540676303207874, -0.042390886694192886, 0.004909052047878504, 0.015097949653863907, -0.021410945802927017, 0.0005387597484514117, -0.03425244241952896, 0.002337266691029072, -0.02512522041797638, 0.010756179690361023, -0.01489512249827385, 0.002459279727190733, -0.010375878773629665, -0.017988236621022224, -0.007625035010278225, 0.020536253228783607, -0.0015528957592323422, -0.011928774416446686, 3.451429802225903e-05, 0.02596188150346279, 0.024098407477140427, 0.020282719284296036, 0.00350510748103261, 0.011535797268152237, 0.009881488047540188, -0.002259621862322092, -0.026570362970232964, 0.007612358313053846, -0.02385754883289337, 0.028192980214953423, 0.0007241565035656095, -0.0038283634930849075, -0.01956014893949032, 0.0034036939032375813, -0.018609395250678062, -0.00565697718411684, 0.010483630932867527, 0.007707433775067329, 0.029739538207650185, -0.007555313408374786, 0.004896375350654125, 0.01939535140991211, 0.0067503429017961025, 0.022285638377070427, -0.019953126087784767, -0.027381671592593193, -0.00556824030354619, -0.012968264520168304, 0.016492387279868126, 0.003397355554625392, -0.013576745986938477, -0.004940744023770094, -0.00788490753620863, -0.029663478955626488, 0.004021683242172003, 0.02910570427775383, -0.018964342772960663, -0.029739538207650185, -0.01628956012427807, 0.021905338391661644, -0.02606329508125782, -0.001958550186827779, 0.01116817258298397, -0.01189708337187767, -0.0032991112675517797, -0.015909258276224136, -0.01770935021340847, -0.054053448140621185, 0.012638670392334461, 0.016454355791211128, 0.0009562985505908728, 0.031108621507883072, 0.0029837782494723797, -0.01754455268383026, 0.00362553633749485, -0.04710661619901657, 0.010997037403285503, 0.010331510566174984, 0.011294939555227757, 0.021182766184210777, -0.0022279301192611456, -0.006404902786016464, -0.02849722094833851, -0.006414410192519426, -0.018191063776612282, 0.021829277276992798, -0.006756681017577648, -0.00978007446974516, -0.009273005649447441, -0.008068719878792763, 0.011307616718113422, -0.05096033588051796, -0.017012132331728935, -0.009387096390128136, 0.002303990302607417, -0.046472784131765366, -0.0011599180288612843, 0.011428045108914375, -0.005175262689590454, 0.012524579651653767, -0.013285181485116482, 0.00985613465309143, 0.0003056273271795362, -0.047030556946992874, -0.003609690349549055, 0.004753762390464544, 0.0025020637549459934, 0.005961218383163214, -0.010096991434693336, 0.015161333605647087, -0.009342728182673454, 0.00838563684374094, -0.0007693172083236277, 0.014033107087016106, 0.16996920108795166, -0.017024807631969452, -0.014628912322223186, 0.02771126665174961, 0.0012446935288608074, 0.02697601728141308, 0.03762444481253624, 0.014134520664811134, -0.0076440502889454365, 0.014210580848157406, -0.004620657302439213, -0.013919016346335411, -0.01722763478755951, 0.008620155975222588, 0.03425244241952896, -0.03858787566423416, -0.02149968408048153, -0.030348019674420357, 0.012866850942373276, -0.03939918428659439, 0.009444141760468483, -0.0021138398442417383, 0.01031249575316906, -0.0009776904480531812, 0.03790333494544029, -0.027305612340569496, 0.00593269569799304, 0.0009531293762847781, 0.030829735100269318, 0.009684998542070389, -0.02674783766269684, 1.797516415535938e-05, 0.004433675669133663, 0.001831783214583993, -0.04325290024280548, 0.00950118713080883, 0.010090652853250504, 0.012030187994241714, 0.020485546439886093, -0.006122846156358719, 0.013627452775835991, -0.0014316748129203916, -0.010084315203130245, -0.01147875189781189, 0.021778570488095284, 0.04981943219900131, -0.0013825525529682636, -0.016695214435458183, 0.0019379504956305027, 0.0016131100710481405, -0.005650639068335295, -0.006243275012820959, -0.0047379168681800365, 0.002156623639166355, 0.0294352974742651, -0.002795212436467409, 0.010597721673548222, 0.0028110581915825605, -0.00874058436602354, 0.011827360838651657, -0.021410945802927017, -0.0046365028247237206, -0.011212540790438652, 0.01810232736170292, 0.009704014286398888, 0.003397355554625392, -0.009253990836441517, -0.01835586130619049, 9.006151913126814e-07, -0.02114473655819893, -0.00848071277141571, -0.009570908732712269, -0.02654501050710678, 0.0062305983155965805, -0.01303164754062891, -0.023287098854780197, 0.02224760875105858, 0.036534249782562256, 0.002563862595707178, 0.012283721938729286, -0.008468035608530045, 0.0022849752567708492, -0.04109786078333855, 0.006430256180465221, 0.008797629736363888, -0.020599637180566788, 0.0312860943377018, -0.014413408003747463, -0.009995577856898308, -0.012169632129371166, -0.0001905466488096863, -0.008334930054843426, -0.008829321712255478, 0.0015631956048309803, 0.01419790368527174, 0.0077010951936244965, 0.0228941198438406, 0.028700048103928566, -0.03146357089281082, -0.018799547106027603, -0.02499845251441002, 0.0494137778878212, 0.03435385599732399, 0.014641588553786278, -0.007910260930657387, 0.012480211444199085, -0.009266667999327183, 0.012404151260852814, 0.0021233472507447004, 0.0016828319057822227, 0.02214619517326355, -0.016657184809446335, -0.0001502387021901086, -0.019991155713796616, -0.016631830483675003, -0.01048996951431036, 0.005501687992364168, -0.024326587095856667, 0.013766895979642868, 0.010388555936515331, 0.0027239059563726187, -0.013766895979642868, 0.0055523947812616825, 0.003264250233769417, 0.007282764185220003, -0.029257824644446373, -0.026468949392437935, 0.02454209141433239, -0.024466030299663544, -0.01133297011256218, 0.030094485729932785, -0.02887752279639244, 0.04152886942028999, 0.02014327608048916, -0.01003994606435299, -5.080583650851622e-05, 0.018989697098731995, 0.01151044387370348, -0.022120840847492218, -0.0027001372072845697, -0.0009452064405195415, -0.02101796865463257, 0.0007827862282283604, 0.020193982869386673, 0.001846044440753758, -0.004183311015367508, -0.0017715687863528728, -0.004462198354303837, -0.01670789159834385, 0.0026399227790534496, -0.0011028728913515806, 0.016821980476379395, 0.004446352366358042, -0.011814684607088566, 0.01751920022070408, -0.0022516988683491945, -0.025049159303307533, -0.004668194800615311, -0.019864389672875404, -0.015148656442761421, -0.02826904132962227, -0.02133488655090332, 0.007713771890848875, 0.008525080978870392, -0.008968764916062355, -0.0028126428369432688, -0.15506139397621155, 0.01348800864070654, -0.0036413820926100016, -0.028471868485212326, 0.00029889281722716987, 0.011180849745869637, 0.03402426466345787, -0.004176972899585962, -0.019889742136001587, -0.007954629138112068, -0.0006849379278719425, -0.006202075630426407, -0.022830737754702568, -0.04122462868690491, -0.015719108283519745, -0.02354063279926777, 0.003603352000936866, 0.008290561847388744, 0.03473415970802307, 0.020346103236079216, 0.0031295602675527334, -0.043075427412986755, 0.024275880306959152, 0.011992158368229866, 0.008436343632638454, -0.016657184809446335, 0.013500685803592205, 0.025226633995771408, -0.022057458758354187, -0.026697130873799324, 0.003663566429167986, 0.004253033082932234, 0.019382674247026443, 0.005641131661832333, 0.007263749372214079, 0.006490470375865698, -0.03062690794467926, 0.00641124090179801, -0.02214619517326355, 0.021157411858439445, 0.0008683539344929159, 0.019724944606423378, -0.008170133456587791, 0.016695214435458183, -0.001035527908243239, 0.03344113379716873, -0.005565071478486061, -0.031032562255859375, -0.0006667152047157288, -0.014831739477813244, -0.0145021453499794, -0.019243231043219566, 0.0016527248080819845, -0.010870270431041718, 0.005317875649780035, 0.008442682214081287, -0.007472914643585682, 0.014134520664811134, 0.006401733495295048, -0.0005783744272775948, -0.0019522118382155895, -0.021512359380722046, 0.004500228445976973, 0.01337391883134842, 0.02087852545082569, -0.005387597717344761, 0.019953126087784767, -0.0071750120259821415, -0.026950664818286896, 0.0071116285398602486, -0.0032341431360691786, -0.02677319012582302, 0.010508984327316284, -0.008246193639934063, 0.01975029893219471, 0.008233516477048397, -0.019129140302538872, -0.018824899569153786, -0.021537713706493378, 0.00875960011035204, -0.013716189190745354, 0.00491222133859992, -0.02081514149904251, -0.0501236729323864, -0.021410945802927017, 0.008683539927005768, 0.005343229044228792, 0.008189148269593716, 0.017696673050522804, -0.002323005348443985, 0.015047242864966393, -0.04426703602075577, 0.005758391227573156, 0.0050896950997412205, -0.000623931351583451, 0.010160375386476517, -0.010496308095753193, -0.011821023188531399, 0.003156498307362199, -0.02580976113677025, -0.004731578286737204, 0.017975561320781708, -0.004604811314493418, 0.0043481080792844296, -0.0026050619781017303, 0.004940744023770094, 0.003178682643920183, 0.0026731991674751043, 0.022970180958509445, -0.003330803010612726, 0.01628956012427807, 0.00967866089195013, -0.0009499602019786835, 0.012657685205340385, 0.003799840807914734, -0.0013841371983289719, -0.012968264520168304, -0.015719108283519745, 0.019433381035923958, -0.006782034412026405, 0.06860630214214325, -0.022703969851136208, 0.01764596626162529, 0.0009626368992030621, 0.004972435534000397, -0.012765437364578247, -0.11449595540761948, -0.03176781162619591, 0.010464616119861603, 0.03448062390089035, 0.020016510039567947, -0.0017493845662102103, -0.002286559669300914, 0.02677319012582302, 0.004335431382060051, 0.009349066764116287, -0.04206129163503647, -0.012080894783139229, 0.01123789418488741, -0.030474787577986717, 0.04188381880521774, -0.013310534879565239, 0.02075175754725933, -0.017924854531884193, -0.03237629309296608, 0.0333397202193737, -0.010058961808681488, -0.0022944826632738113, -0.01576981507241726, -0.021715186536312103, -0.00995754823088646, 0.009754721075296402, -0.005986571777611971, 0.013919016346335411, 0.023160330951213837, -0.00026541840634308755, -0.01891363598406315, -0.012099910527467728, 0.016365619376301765, -0.00838563684374094, 0.022387051954865456, 0.0026145693846046925, -0.023718105629086494, 0.00929202139377594, 0.011561150662600994, 0.012214000336825848, 0.011605518870055676, 0.022932151332497597, 0.02081514149904251, -0.023743459954857826, 0.009570908732712269, -0.01437537744641304, -0.029283177107572556, -0.010984360240399837, -0.00884199794381857, -0.019724944606423378, -0.022843413054943085, -0.011009713634848595, -0.003438554937019944, -0.02094190940260887, 0.01770935021340847, 0.0021819770336151123, -0.0019141817465424538, 0.00848071277141571, -0.016365619376301765, -0.010445601306855679, -0.025264663621783257, -0.00028463153284974396, -0.0035970136523246765, 0.011066759005188942, 0.05420557036995888, -0.005096033215522766, -0.03564688190817833, -0.01637829653918743, 0.0017636459087952971, -0.0009610523120500147, -0.001876151654869318, 0.012359782122075558, -0.007079937029629946, 0.012511903420090675, -0.01760793663561344, 0.028370454907417297, -0.0010640504769980907, -0.005958049092441797, -0.019255908206105232, -0.019598178565502167, 0.0018191065173596144, -0.016821980476379395, -0.017138898372650146, -0.013944369740784168, 0.025759054347872734, 0.02085317112505436, 0.013221798464655876, 0.006351026706397533, 0.035114459693431854, 0.012683038599789143, -0.002386388834565878, 0.023173008114099503, 0.005954879801720381, -0.009482171386480331, 0.002151869935914874, 0.007618696894496679, -0.0013635375071316957, 0.017734702676534653, 0.03027196042239666, 0.03075367398560047, -0.015541634522378445, -0.01806429773569107, -0.035621527582407, 0.012511903420090675, -0.007593343500047922, 0.022463113069534302, 0.005327383056282997, 0.02537875436246395, 0.005701345857232809, -0.005263999570161104, -0.010819563642144203, 0.02318568527698517, -0.03610324114561081, -0.010591383092105389, 0.001281138975173235, -0.003441723994910717, -0.04822216555476189, 0.00817647110670805, 0.0026573531795293093, -0.006541177164763212, 0.039323125034570694, 0.011415368877351284, 0.005362244322896004, 0.021588420495390892, -0.028674695640802383, 0.03328901529312134, -0.027964800596237183, -0.02589849755167961, -0.04383602738380432, -0.009545555338263512, -0.00623376714065671, -0.00602143257856369, 0.0017588920891284943, -0.035241227596998215, 0.007948290556669235, 0.021322209388017654, -0.012511903420090675, 0.008170133456587791, 0.0052481540478765965, 0.008290561847388744, 0.043633200228214264, 0.07955896854400635, -0.03166639804840088, -0.011738624423742294, -0.002086901804432273, -0.03648354113101959, -0.013957046903669834, -0.023692753165960312, -0.03861322999000549, 0.009304697625339031, 0.003048746380954981, -0.019965803250670433, 0.04743621125817299, -0.0038125175051391125, 0.012657685205340385, -0.013348565436899662, 0.008816644549369812, 0.009989239275455475, -0.0048583452589809895, -0.004883698653429747, 0.01602334901690483, -0.013716189190745354, 0.03508910536766052, -0.0031358986161649227, 0.007510944735258818, -0.0022168378345668316, 0.0007178181549534202, -0.026494303718209267, -0.012182308360934258, 0.009811765514314175, 0.00107038882561028, -0.020054539665579796, -0.009570908732712269, 0.017075514420866966, 0.018305154517292976, 0.014945829287171364, 0.01589658111333847, 0.0031152991577982903, 0.02247578836977482, 0.001801676000468433, -0.0006583961076103151, 0.00858212634921074, 0.027609853073954582, 0.018431922420859337, -0.018431922420859337, 0.025746377184987068, 0.03481021896004677, 0.021639127284288406, 0.012911219149827957, -0.009374420158565044, -0.023388512432575226, -0.011871729977428913, 0.02570834755897522, -0.005514364689588547, -0.01660647802054882, 0.007282764185220003, -0.007758140563964844, 0.004649179521948099, -0.004991450812667608, 0.0010711811482906342, 0.013792249374091625, 0.015503603965044022, 0.0016368789365515113, 0.00964696891605854, 0.01021741982549429, -0.01622617617249489, -0.008721569553017616, 0.015909258276224136, -0.02204478159546852, -0.014400730840861797, 0.027077430859208107, 0.0031913593411445618, -0.017088191583752632, 0.006889786571264267, 0.004455860238522291, -0.0001860899938037619, -0.028598634526133537, 0.0013508608099073172, -0.005707684438675642, -0.012315413914620876, -0.01641632616519928, 0.02712813764810562, 0.009811765514314175, -0.030297312885522842, 0.033846788108348846, 0.012809805572032928, 0.027838032692670822, 0.011174511164426804, 0.03141286224126816, -0.031057914718985558, 0.004509735852479935, 0.020536253228783607, -0.002105916850268841, -0.01628956012427807, -0.023870225995779037, -0.004652348812669516, -0.0013540299842134118, -0.023223714902997017, -0.006858094595372677, 0.025632288306951523, 0.017012132331728935, 0.10547014325857162, 0.021740540862083435, -0.018495304509997368, 0.009418788366019726, -0.014540174975991249, 0.01232175249606371, 0.007358824368566275, 0.0011274339631199837, 0.008182809688150883, -0.0009642214863561094, 0.04170634225010872, -0.01007163804024458, 0.02641824260354042, -0.043886736035346985, -0.013044324703514576, 0.006680620834231377, -0.004709394183009863, 0.020650343969464302, -0.01011600624769926, -0.006338350009173155, 0.026798544451594353, -0.025467490777373314, 0.019027726724743843, 0.01760793663561344, -0.025682995095849037, 0.02137291617691517, 0.02923247031867504, -0.0024291726294904947, 0.000667903630528599, -0.024681534618139267, 0.00455727381631732, 0.006763019599020481, -0.01608673296868801, -0.0011813100427389145, -0.0039709764532744884, -0.01419790368527174, -0.017430461943149567, -0.02849722094833851, 0.008391975425183773, -0.005181601271033287, -0.0017652304377406836, 0.0012922311434522271, -0.013310534879565239, -0.02768591232597828, -0.003031315980479121, -0.013399272225797176, 0.009558231569826603, -0.0027967968489974737, -0.023299774155020714]"
"Se expresan como confusiones en el reconocimiento espacial de los lugares habituales y de las rutas que han recorrido por varios años. Se inicia con problemas para reconocer lugares fuera y lejanos en distancia de su casa, como por ejemplo el retorno del mercado o dificultades para reconocer los lugares próximos a la casa de uno de los hijos; posteriormente la confusión es además dentro de las habitaciones de la casa o dentro del edificio, cuando habitan departamentos. En las fases finales de la demencia, además no reconoce su propia habitación. Ejemplos de la alteración de la orientación en el espacio: La Sra. RZH habitualmente visita a sus nietos los miércoles por la tarde, y suele viajar en bus desde San Miguel hasta San Borja. En los último seis meses, en tres oportunidades ha debido tomar un taxi estando muy cerca a su domicilio, por dificultad para reconocer los lugares adyacentes al domicilio y no reconocer ni recordar las calles bajar en el paradero próximo a su casa, cuando el bus tuvo que variar su ruta debido a desvios imprevistos de la ruta habitual del bus debido a trabajos de parchado de pistas. (ver figura 7)","[0.010609786957502365, -0.003943747840821743, 0.03235562518239021, -0.020296983420848846, -0.023324638605117798, 0.03466859832406044, -0.0077445595525205135, 0.01044086180627346, -0.020322971045970917, -0.014150713570415974, -0.00326479971408844, 0.006198246497660875, -0.020167041569948196, 0.027703693136572838, -0.011395937763154507, 0.019647272303700447, 0.0218952726572752, 0.02181730791926384, 0.019296428188681602, -0.014137719757854939, -0.03534429892897606, 0.014111731201410294, 0.0006598631152883172, -0.027417819947004318, -0.0167885422706604, -0.0005957041285000741, 0.01800999976694584, -0.01788005605340004, 0.00470391009002924, 0.0028100016061216593, 0.02533874288201332, -0.0026686894707381725, 0.013981788419187069, -0.011987174861133099, 0.0074911718256771564, -0.013799869455397129, -0.0005802734522148967, -0.04173745959997177, -0.01328010018914938, -0.012454967014491558, -0.0006432142690755427, 0.02077776938676834, -0.020634833723306656, -0.024403158575296402, 0.008023935370147228, 0.036695696413517, -0.02106364257633686, -0.009537762962281704, -0.05028766021132469, 0.019530324265360832, 0.013786875642836094, 0.040775883942842484, -0.039424486458301544, -4.4566138967638835e-05, 0.000755695509724319, -0.015099291689693928, 0.004580465145409107, 0.023727459833025932, -0.0016234662616625428, -0.02697601541876793, -0.009661207906901836, -0.009700190275907516, -0.010986619628965855, 0.01299422699958086, -0.007731565274298191, -0.007192304823547602, 0.01738627627491951, -0.028535323217511177, 0.013299591839313507, -0.0011905960272997618, 0.03373301401734352, 0.014241673052310944, -0.00678298668935895, -0.0043465690687298775, 0.03412283957004547, 0.0034986957907676697, 0.0128512904047966, -0.00894002802670002, -0.007211796008050442, 0.004229621030390263, 0.009895103983581066, -0.056290991604328156, -0.03687761723995209, 0.03726744279265404, 0.024039320647716522, 0.017841074615716934, -0.005499806720763445, 0.02663816511631012, -0.0033849962055683136, 0.002686556428670883, -0.005948107689619064, 0.0009502028697170317, 0.013955799862742424, 0.016021883115172386, 0.0012571915285661817, -0.0020904464181512594, 0.029237011447548866, 0.003488949965685606, -0.009401323273777962, -0.011714295484125614, -0.0271319467574358, 0.015787987038493156, -0.037917155772447586, -0.00044911299482919276, -0.020206023007631302, -0.00678298668935895, 0.017399270087480545, -0.0005851463065482676, 0.0012003417359665036, -0.03440871462225914, -0.006552339065819979, 0.02700200490653515, 0.0062859575264155865, 0.004031458869576454, -0.004583713598549366, -0.006679032929241657, 0.015917928889393806, 0.003605898004025221, -0.005857147742062807, -0.016697581857442856, 0.002769394777715206, 0.010798202827572823, 0.014904378913342953, -0.01221457403153181, -0.0019832439720630646, -0.01754220761358738, 0.0020254752598702908, -0.0001819191820686683, -0.038670819252729416, -0.008316305465996265, -0.015385164879262447, 0.019764220342040062, 0.01626877300441265, -0.01660662330687046, -0.01331908255815506, 0.0010963879758492112, -0.006860951893031597, -0.0016908738762140274, -0.004473262932151556, -0.02702799253165722, 0.007101345341652632, 0.0029496895149350166, -0.037683259695768356, -0.0035376783926039934, 0.020504890009760857, 0.01663261093199253, 0.014956356026232243, 0.014644494280219078, 0.012474458664655685, 0.0021278047934174538, 0.025741564109921455, -0.018776658922433853, -0.015658043324947357, -0.007842016406357288, 0.02080375701189041, -0.00028424873016774654, 0.019400380551815033, 0.013358065858483315, -0.03342115134000778, -0.02329864911735058, 0.00676349550485611, -0.004223123658448458, 0.009908098727464676, 0.014501557685434818, 0.013578967191278934, 0.023233678191900253, -0.02622235007584095, 0.009375334717333317, 0.000681790872476995, -0.001989741111174226, -0.01128548663109541, 0.00838127639144659, -0.02077776938676834, 0.016203802078962326, 0.05031364783644676, -0.0056005120277404785, 0.005642743315547705, 0.02689805068075657, -0.04267304390668869, -0.03264150023460388, -0.03160196170210838, 0.01276033092290163, 0.024065308272838593, 0.024260222911834717, -0.022609954699873924, -0.012610897421836853, 0.028925150632858276, 0.024442141875624657, 0.012584908865392208, 0.007855010218918324, 8.370109571842477e-05, 0.012377001345157623, 0.015398159623146057, -0.0002655695134308189, -0.6353657245635986, 0.005152211058884859, 0.004632442258298397, -0.01081769447773695, 0.01754220761358738, 0.03625389561057091, 0.010934642516076565, 0.014696471393108368, -0.024195251986384392, -0.040438033640384674, 0.0002505449519958347, -0.010512329638004303, -0.02656020037829876, 0.005223679356276989, -0.03373301401734352, -0.014150713570415974, -0.00035713822580873966, 0.004794870037585497, 0.040671929717063904, 0.02062183804810047, -0.001144304173067212, 0.008114894852042198, 0.001913400017656386, 0.011493394151329994, 0.0021879030391573906, 0.008082409389317036, 0.015645049512386322, -0.048546433448791504, 0.008933531120419502, 0.022064197808504105, -0.039008669555187225, -0.012649880722165108, 0.010323913767933846, 0.01780209131538868, 0.0545237772166729, -0.020348960533738136, -0.003729343181475997, 0.040152162313461304, -0.008647657930850983, 0.029990676790475845, 0.02090771123766899, 0.0017590934876352549, 0.005844153929501772, -0.011584353633224964, 0.012467960827052593, -9.32944894884713e-05, 0.008043427020311356, -0.015138274990022182, -0.008231842890381813, -0.0014106858288869262, 0.019504334777593613, -0.005285401828587055, -0.03479854017496109, 0.003953493665903807, 0.021960243582725525, 0.004427782725542784, 0.02249300666153431, -0.01788005605340004, 0.008049923926591873, -0.010226456448435783, -0.002373070688918233, 0.0053958529606461525, -0.006744003854691982, -0.006311946082860231, -0.011519382707774639, 0.04462217539548874, -0.040282104164361954, -0.006298951804637909, 0.025585632771253586, -0.005632997490465641, -0.011870226822793484, 0.017633166164159775, -0.02264893800020218, -0.003726094728335738, 0.022713908925652504, -0.0011434920597821474, 0.03563017025589943, 0.016489675268530846, -0.002967556705698371, -0.006480870768427849, 0.0048955753445625305, 0.004249112214893103, -0.049585971981287, 0.002967556705698371, 0.011896215379238129, -0.02150544710457325, -0.013306088745594025, 0.01076571736484766, -0.014176702126860619, 0.014449580572545528, -0.0002720666234381497, -0.010453855618834496, -0.006237229332327843, -0.029756780713796616, 0.0009112202096730471, 0.0135659733787179, -0.010323913767933846, 0.02497490495443344, 0.03323923423886299, -0.003269672393798828, 0.002056336496025324, -0.030276549980044365, -0.0007719382992945611, 0.02580653503537178, 0.023337632417678833, 0.016099847853183746, -0.01999811641871929, 0.02192126214504242, 0.04194536432623863, -0.019543318077921867, -0.0073352414183318615, -0.010408376343548298, 0.009492282755672932, -0.007192304823547602, -0.02669014222919941, -0.028431368991732597, 0.01751621812582016, 0.02342859096825123, -4.048006303492002e-05, -0.01858174428343773, 0.0024282962549477816, 0.0013042956124991179, 0.011655821464955807, -0.01684051938354969, 0.027885612100362778, -0.010317416861653328, 0.009524768218398094, -0.001563368015922606, 0.009069970808923244, 0.0062599689699709415, -0.01746424101293087, -0.024013331159949303, 0.008920537307858467, -0.008712629787623882, 0.010395381599664688, 0.0004170334723312408, 0.011688307859003544, -0.0053763617761433125, -0.003160845721140504, -0.023636499419808388, -0.028067531064152718, 0.00016567639249842614, 0.012675868347287178, 0.0008600554428994656, 0.006679032929241657, -0.029107069596648216, -0.015943916514515877, 0.008946525864303112, -0.028821196407079697, -0.007231287658214569, -0.0041614011861383915, -0.05083341896533966, -0.019686253741383553, 0.03251155838370323, 0.0009217779734171927, -0.0017054923810064793, -0.006971403025090694, -0.011915706098079681, -0.038930706679821014, -0.018048981204628944, 0.013143660500645638, 0.023805424571037292, -0.01033690758049488, 0.0176981370896101, -0.007718570996075869, -0.027469797059893608, 0.020582856610417366, 0.022298093885183334, -0.02733985334634781, -0.03563017025589943, -0.009661207906901836, -0.00226099556311965, -0.0068999347276985645, -0.005571275018155575, 0.011532376520335674, 0.011610342189669609, -0.023077746853232384, 0.0038852740544825792, 0.006523102056235075, 0.0011329342378303409, 0.011928700841963291, 0.0069649056531488895, -0.008179865777492523, -0.0125914067029953, 0.012649880722165108, 0.00046535575529560447, 0.01697046123445034, 0.007530154660344124, -0.009797647595405579, 0.02565060555934906, 0.0212455615401268, 0.019101513549685478, 0.002579354215413332, -0.007621114142239094, -0.0034629616420716047, -0.0061007896438241005, 0.009310363791882992, -0.025637609884142876, -0.010733231902122498, 0.030848296359181404, 0.028977127745747566, -0.01621679589152336, 0.016021883115172386, 0.018308866769075394, 0.03365504741668701, -0.012208076193928719, 0.010512329638004303, 0.0009412693325430155, 0.031887833029031754, 0.014020771719515324, -0.010876168496906757, -0.04415438324213028, -0.007075356785207987, -0.016567640006542206, -0.005892882123589516, 0.02671613171696663, 0.00265569519251585, 0.02487095072865486, 0.0034109847620129585, 0.01676255278289318, -0.029262999072670937, 0.012506944127380848, 0.018776658922433853, 0.003391493344679475, -0.019491340965032578, 0.010590295307338238, 0.02702799253165722, -0.0017249836819246411, 0.011227012611925602, -0.01826988346874714, -0.004151655826717615, 0.01015498861670494, -0.003141354536637664, 0.03633185848593712, -0.0035896552726626396, 0.025585632771253586, 0.0042523606680333614, 0.010720237158238888, 0.01243547536432743, -0.022908823564648628, 0.01024594809859991, 0.022765886038541794, 0.015203245915472507, 0.007101345341652632, 0.007575634401291609, 0.010401878505945206, 0.021570418030023575, 0.037423375993967056, 0.012753834016621113, 0.031420040875673294, -0.011454411782324314, -0.017217351123690605, -0.02270091511309147, -0.019764220342040062, -0.00545432697981596, 0.005883136298507452, 0.009284375235438347, -0.002819747431203723, 0.020063087344169617, 0.02202521450817585, 0.019556311890482903, -0.009784652851521969, 0.012032654136419296, 0.007958964444696903, 0.007543148938566446, -0.025741564109921455, 0.017373282462358475, -0.016567640006542206, -0.004047701600939035, 0.011097069829702377, -0.007764050737023354, -0.006324940361082554, -0.030016664415597916, -0.001487026922404766, 0.006074801087379456, 0.0005603760364465415, -0.008368282578885555, -0.009037485346198082, 0.0273918304592371, 0.016515662893652916, -0.012838296592235565, -0.004928060807287693, 0.031420040875673294, 0.02707996964454651, 0.005470569711178541, -0.013643939048051834, -0.006932420190423727, 0.007081853691488504, -0.006951911840587854, 0.008550201542675495, -0.019920149818062782, -0.013799869455397129, -0.011155543848872185, -0.00461295060813427, -0.011896215379238129, 0.007029877044260502, 0.017841074615716934, 0.0010793330147862434, -0.013890828937292099, -0.004369308706372976, -0.006958408746868372, -0.0167885422706604, -0.011298480443656445, -0.008836074732244015, 0.02225911058485508, 0.029964687302708626, -0.011278989724814892, -0.026157379150390625, -0.012104122899472713, -0.013163152150809765, -0.02736584283411503, -0.013851846568286419, -0.005642743315547705, 0.02726188860833645, 0.015359176322817802, 0.0014959604013711214, -0.013039707206189632, -0.010551312938332558, 0.03438272699713707, 0.004947551991790533, 0.006042315624654293, -0.014488563872873783, 0.008894548751413822, 0.01243547536432743, 0.015489119105041027, 0.003352510742843151, -0.014111731201410294, -0.0004190638428553939, 0.023922372609376907, -0.0010760844452306628, -0.02030997723340988, -0.01904953643679619, 0.019114509224891663, 0.015917928889393806, -0.03388894349336624, -0.021960243582725525, 0.030458468943834305, 0.006435391027480364, 0.020842740312218666, 0.03339516371488571, 0.003401238936930895, -0.027287878096103668, 0.0027742674574255943, 0.03355109319090843, -0.008946525864303112, -0.023792430758476257, -0.007861507125198841, 0.010375890880823135, -0.010739728808403015, -0.01611284166574478, 0.02166137658059597, 0.009264884516596794, 0.040645942091941833, -0.04428432509303093, -0.0007613805355504155, 0.01047984417527914, -0.000712652166839689, 0.03193981200456619, 0.01593092270195484, -0.005860396660864353, 0.007692582439631224, 0.0023470823653042316, 0.013864840380847454, -0.018308866769075394, 0.024221239611506462, 0.0048013669438660145, 0.012714851647615433, -0.02474100887775421, 0.001023295451886952, 0.006519853603094816, -0.0006440263823606074, 0.023987343534827232, -0.013877835124731064, -0.01606086455285549, 0.0004868774558417499, -0.013020215556025505, 0.011447913944721222, -0.008738617412745953, 0.014670482836663723, 0.012312030419707298, 0.03550022840499878, -0.0049410550855100155, -0.030900273472070694, 0.00922590121626854, 0.010057532228529453, -0.024156268686056137, -0.0013481511268764734, -0.0064711254090070724, 0.0009388329344801605, -0.015476124361157417, -0.013247614726424217, 0.009817138314247131, -0.03716348856687546, 0.004154904279857874, 0.0037066033110022545, -0.009687196463346481, -0.04082786291837692, -0.0038592854980379343, 0.01253942959010601, 0.02046590857207775, 0.0013952552108094096, -0.04184141010046005, 0.0037780716083943844, 0.011447913944721222, -0.005135968327522278, 0.0029139553662389517, -0.02069980464875698, -0.021440474316477776, -0.0022122671362012625, 0.005379610229283571, 0.02119358442723751, -0.02671613171696663, -0.016385721042752266, 0.00638666283339262, -0.0008503097342327237, -0.0163987148553133, 0.01621679589152336, 0.0351363904774189, -0.0003004915197379887, -0.0024802731350064278, 0.015891939401626587, 0.019270438700914383, 0.008738617412745953, -0.011681810021400452, 0.014566528610885143, -0.021882278844714165, -0.017139386385679245, -0.016541650518774986, 0.01697046123445034, -0.02095968835055828, -0.001534943119622767, -0.003680614987388253, 0.0026573194190859795, -0.005671980325132608, 0.006042315624654293, -0.02762572653591633, 0.010330410674214363, 0.002896088408306241, 0.005857147742062807, 0.006435391027480364, -0.0073807211592793465, 0.014046759344637394, 0.030640387907624245, 0.011330965906381607, -0.015034320764243603, -0.00336550478823483, 0.0450899675488472, 0.012831799685955048, -0.012623892165720463, 0.014449580572545528, 0.014111731201410294, -0.0183478482067585, -0.03477255254983902, -0.014397603459656239, -0.0038495399057865143, 0.03401888534426689, -0.003295660950243473, -0.020608844235539436, -0.028171485289931297, 0.004892326425760984, -0.007276767399162054, -0.0019864924252033234, -0.0024234233424067497, -0.0036188922822475433, -0.012084631249308586, -0.00033419529790990055, -0.012695359997451305, -0.02101166546344757, 0.009362340904772282, -0.028041543439030647, -0.02731386572122574, 0.01725633442401886, -0.00861517246812582, 0.028977127745747566, 0.019374392926692963, 0.011798758059740067, -0.03235562518239021, -0.015125280246138573, -0.004275100771337748, 0.0034727072343230247, -0.0029496895149350166, -0.0009721306269057095, -0.0023974350187927485, 0.001785081927664578, 0.007751056458801031, -0.007738062180578709, 0.019777214154601097, 0.007452189456671476, -0.015151268802583218, 0.0013952552108094096, -0.017399270087480545, -0.01660662330687046, -0.05280853807926178, 0.02557263895869255, 0.014566528610885143, 0.023870395496487617, 0.003969736397266388, -0.01886761747300625, 0.02142748050391674, 0.029912712052464485, -0.011922203935682774, -0.004245863761752844, 0.007517160382121801, -0.05124923214316368, -0.006584824528545141, 0.009264884516596794, -0.000712652166839689, 0.005262662190943956, -0.01225355640053749, -0.0030406492296606302, 0.026573194190859795, 0.015813974663615227, -0.0027141692116856575, -0.017633166164159775, 0.030510446056723595, -0.007575634401291609, 0.037553317844867706, 0.023610511794686317, -0.0163987148553133, -0.0102979252114892, -0.013247614726424217, -0.038332968950271606, -0.029574861750006676, -0.004599956329911947, -0.021024659276008606, -0.004109424538910389, 0.007608119864016771, 0.003943747840821743, 0.00038718737778253853, 0.025832524523139, 0.006165761034935713, -0.003279418218880892, -0.005119725596159697, -0.02101166546344757, -0.006653044372797012, -0.028691254556179047, 0.0008787346305325627, -0.014657488092780113, -0.01086967159062624, 0.011798758059740067, -0.023610511794686317, 0.02676810882985592, -0.02251899614930153, -0.029522884637117386, -0.025377726182341576, 0.007088351063430309, 0.029522884637117386, -0.017243338748812675, 0.019127503037452698, 0.014098736457526684, -0.025403713807463646, -0.020842740312218666, 0.019023548811674118, 0.029444919899106026, -0.004229621030390263, 0.019322415813803673, 0.0216353889554739, -0.019010554999113083, -0.014878390356898308, 0.015034320764243603, 0.011155543848872185, -0.0271319467574358, -0.05174301192164421, 0.019855178892612457, 0.0361759290099144, 0.011253001168370247, -0.017581189051270485, 0.0106227807700634, -0.005824662279337645, 0.029029102995991707, -0.024312200024724007, -0.007328744046390057, -0.018412820994853973, -0.014891384169459343, -0.030146608129143715, 0.01826988346874714, -0.016229789704084396, 0.02541670948266983, -0.015398159623146057, -0.006308697164058685, -0.018204912543296814, -0.00233246386051178, -0.0009989312384277582, 0.03204376623034477, 0.011915706098079681, 0.02316870726644993, -0.03440871462225914, 0.01369591522961855, -0.0010712116491049528, 0.02202521450817585, -0.009680699557065964, -0.007465183734893799, -0.005899379029870033, 0.020712798461318016, -0.008946525864303112, -0.027599738910794258, 0.0017460993258282542, -0.009628722444176674, 0.010174480266869068, 0.013760887086391449, -0.003397990483790636, -0.010759220458567142, 0.008153877221047878, -0.00559726357460022, 0.006516605149954557, 0.024221239611506462, 0.0016478304751217365, -0.009017993696033955, -0.0022983539383858442, -0.0325375460088253, -0.021934255957603455, 0.0005855523631908, 0.00853720773011446, 0.06268415600061417, -0.01658063381910324, -0.0029496895149350166, 0.013052701018750668, 0.022765886038541794, -0.022791875526309013, -0.012519937939941883, 0.0054153441451489925, 0.008777600713074207, -0.04542781785130501, 0.03297935053706169, -0.018282877281308174, 0.002111561829224229, -0.008647657930850983, 0.01352699100971222, -0.005467321258038282, -0.008933531120419502, 0.03318725526332855, -0.015333187766373158, -0.027599738910794258, 0.008589183911681175, 0.006614061538130045, 0.005431586876511574, 0.004372557625174522, 0.0018143189372494817, 0.006360674276947975, -0.01629476062953472, -0.010271936655044556, -0.022973794490098953, -0.06211240589618683, 0.0009388329344801605, -0.025403713807463646, 0.015047315508127213, -0.003505192929878831, -0.029496895149350166, 0.019621282815933228, 0.01085667684674263, -0.02669014222919941, 0.01759418286383152, -0.02218114584684372, -0.0018126947106793523, -0.011253001168370247, 0.012383498251438141, -0.011889717541635036, -0.017425259575247765, -0.008257831446826458, -0.007523657754063606, -0.00428809504956007, 0.013397048227488995, 0.00416464963927865, 0.00024749941076152027, 0.006058558356016874, 0.012039151974022388, 0.0011426798300817609, 0.03365504741668701, 0.011350457556545734, -0.01268236618489027, 0.009401323273777962, -0.0028765969909727573, -0.021232567727565765, -0.0032761695329099894, -0.030614400282502174, 0.038878727704286575, 0.019075525924563408, -0.0135659733787179, 0.014865395613014698, -0.002870099851861596, -0.007978455163538456, 0.014124725013971329, 0.0271319467574358, -0.002972429385408759, 0.019738230854272842, -0.006097541190683842, -0.01749023050069809, 0.016645604744553566, 0.0225449837744236, 0.04155553877353668, -0.013890828937292099, -0.00848523061722517, 0.008673646487295628, -0.01764615997672081, -0.01647667959332466, -0.008062917739152908, -0.03534429892897606, -0.001979995286092162, -0.008374779485166073, -0.0011808504350483418, 0.011746781878173351, 0.02702799253165722, -0.012000168673694134, -0.031394053250551224, 0.004385551903396845, 0.008582687005400658, -0.024442141875624657, -0.0069454144686460495, 0.019166484475135803, 0.0027304119430482388, -0.004609702154994011, -0.011019105091691017, -0.004716904368251562, -0.024987898766994476, 0.005574523471295834, 0.013397048227488995, 0.0005940798437222838, 0.019985120743513107, 0.0020888219587504864, -0.008166871964931488, 0.002384440740570426, -0.04407642036676407, 0.009563751518726349, 0.012188585475087166, 0.005714211612939835, 0.028899161145091057, 0.013254111632704735, 0.019543318077921867, -0.006451633758842945, -0.005181448068469763, -0.022557979449629784, 0.007029877044260502, -0.02554665133357048, -0.02012805826961994, -0.00540234986692667, -0.0093688378110528, 0.029211023822426796, -0.03661773353815079, 0.0008982259896583855, -0.01650266908109188, -0.0012352637713775039, -0.029652826488018036, 0.018542762845754623, -6.959017628105357e-05, -0.013981788419187069, 0.02197323925793171, -0.02168736606836319, -0.002338960999622941, 0.0015999142779037356, -0.024390164762735367, 0.011629833839833736, -0.012260053306818008, -0.006204743403941393, 0.0021245561074465513, -0.00421662675216794, 0.007608119864016771, 0.003521435661241412, -0.009537762962281704, 0.02012805826961994, 0.018880613148212433, 0.17661753296852112, -0.01603487692773342, -0.013851846568286419, 0.001677879597991705, 0.006646547466516495, 0.03388894349336624, 0.04306286945939064, 0.012935752980411053, 0.0010476595489308238, 0.01793203316628933, -0.004944303538650274, -0.02069980464875698, -0.01383885182440281, 0.01136345136910677, 0.019127503037452698, -0.026339298114180565, -0.03370702639222145, -0.03448667749762535, 0.0029967937152832747, -0.030536433681845665, 0.024325193837285042, -0.029626838862895966, -0.0003922632313333452, -0.021648382768034935, 0.05358819290995598, -0.012104122899472713, 0.007393715437501669, -0.013221626169979572, 0.026079414412379265, 0.02005009353160858, -0.019296428188681602, -0.007231287658214569, 0.005477066617459059, 0.007003888487815857, -0.020219016820192337, 0.009485785849392414, -0.0047363960184156895, 0.006133275106549263, 0.001168668270111084, 0.031004225835204124, 0.0005713399150408804, -0.012039151974022388, 0.00823833979666233, 0.003774822922423482, 6.410823698388413e-05, 0.05317237973213196, 0.009121947921812534, -0.010882665403187275, 0.01798401027917862, -0.014228679239749908, -0.02731386572122574, -0.019400380551815033, -0.021856291219592094, 0.022012220695614815, 0.010590295307338238, 0.00561675475910306, 0.015320193953812122, 0.007419703993946314, -0.0016762553714215755, -0.005080742761492729, -0.02233707718551159, 0.002194400178268552, -0.002779140369966626, 0.005642743315547705, 0.0003967299999203533, 0.014696471393108368, 0.004700661636888981, -0.015580078586935997, 0.009986063465476036, -0.0019881168846040964, 0.028431368991732597, -0.013591961935162544, -0.008972514420747757, -0.02116759680211544, -0.002681683748960495, -0.022116174921393394, 0.02637828141450882, -0.0024851460475474596, 0.017477234825491905, 0.02121957391500473, -0.006834963336586952, 0.017685143277049065, -0.005015771836042404, -0.005119725596159697, -0.007861507125198841, -0.048312537372112274, 0.010447358712553978, -0.008030432276427746, -0.0040022218599915504, -0.016827523708343506, -0.0064646280370652676, -0.006542593240737915, -0.0037520830519497395, 0.017451247200369835, 0.010544815100729465, 0.02233707718551159, 0.020348960533738136, 0.013968794606626034, -0.031238121911883354, -0.019725237041711807, -0.018529769033193588, 0.03653976693749428, 0.03240760415792465, 0.0064256452023983, -0.011772769503295422, 0.003217695513740182, 0.020387941971421242, 0.00669202720746398, 0.010369393043220043, 0.0007337677525356412, -0.0011288735549896955, -0.02197323925793171, 0.003882025368511677, -0.009284375235438347, -0.0029967937152832747, 0.01608685404062271, 0.004577216692268848, -0.00014567747712135315, 0.013091684319078922, -0.013890828937292099, 0.011136053130030632, -0.012571915052831173, -0.005697968881577253, 0.018152935430407524, -0.012422481551766396, 0.0054413327015936375, -0.04410240799188614, 0.01024594809859991, 0.0038917711935937405, -0.01881564036011696, 0.010232954286038876, -0.031134169548749924, 0.03581209108233452, 0.024260222911834717, -0.003878776915371418, 0.0004070847644470632, -0.006750501226633787, 0.010414873249828815, -0.01754220761358738, -0.013286597095429897, 0.005775934085249901, -0.007328744046390057, 0.012325024232268333, 0.014579523354768753, -0.005613506305962801, -0.00940782018005848, -0.006000084336847067, -0.0045967078767716885, -0.02671613171696663, 0.0061462693847715855, -0.013786875642836094, 0.006321691442281008, 0.005766188260167837, -0.014241673052310944, 0.01282530277967453, -0.0170484259724617, -0.01304620411247015, -0.028535323217511177, -0.008355287835001945, -0.013903823681175709, -0.038514889776706696, 0.0032940367236733437, 0.02259696088731289, 0.00884906854480505, -0.010505832731723785, 0.01702243834733963, -0.16216795146465302, 0.007712074089795351, -0.01089565921574831, -0.04896225035190582, 0.0004042422806378454, 7.47168087400496e-05, 0.011928700841963291, 0.005574523471295834, -0.02095968835055828, 0.0022593713365495205, 0.012461463920772076, -0.01616481877863407, -0.031186144798994064, -0.007101345341652632, -0.001496772514656186, -0.018750669434666634, -0.021362509578466415, -0.006016327068209648, 0.04610351845622063, 0.013942806050181389, 0.022506002336740494, -0.0537441223859787, 0.023454580456018448, -0.014514551497995853, -0.009524768218398094, -0.020089074969291687, -0.0022626197896897793, 0.013234620913863182, -0.018256889656186104, -0.02186928503215313, -0.003055267734453082, -0.004681170452386141, 0.04126966744661331, -0.023974349722266197, 0.011441417038440704, 0.029704803600907326, -0.014683476649224758, 0.005671980325132608, -0.030016664415597916, 0.018282877281308174, -0.017321305349469185, 0.028951138257980347, 0.0010346653871238232, 0.02627432718873024, -0.029834745451807976, 0.04386851191520691, 0.011077579110860825, -0.007952467538416386, -0.014358621090650558, 0.005577771924436092, -0.02601444348692894, -0.010668260976672173, 0.011668816208839417, 0.004785124212503433, 0.004437528550624847, 0.029418930411338806, -0.013033210299909115, 0.01598289981484413, 0.023467574268579483, -0.02129753865301609, -0.01333207730203867, -0.019439363852143288, 0.014176702126860619, -0.0027775161433964968, 0.0066010672599077225, -0.000759350135922432, 0.02679409645497799, -0.003946996759623289, -0.011610342189669609, 0.015437141992151737, 0.0077705481089651585, -0.0128512904047966, 0.00507749430835247, -0.0030877531971782446, 0.027573751285672188, 0.03217370808124542, -0.004632442258298397, -0.005080742761492729, -0.015398159623146057, -0.004135412629693747, -0.03147201985120773, 0.022454025223851204, -0.02702799253165722, -0.030250560492277145, -0.021492451429367065, 0.015372171066701412, -0.005321136210113764, 0.009245392866432667, 0.006630304269492626, -0.009355843998491764, 0.014410598203539848, -0.03365504741668701, 0.002922076964750886, -0.005457575432956219, -0.0031689670868217945, 0.02723590098321438, -0.0038592854980379343, -0.009674202650785446, 0.0029123311396688223, -0.045817647129297256, -0.00678298668935895, 0.009446803480386734, -0.01681452989578247, 0.015086297877132893, 0.03136806562542915, -0.0009104080381803215, -0.002129429019987583, -0.003060140646994114, 0.01673656515777111, -0.031134169548749924, 0.025325749069452286, -0.01365693286061287, 0.01328010018914938, 0.014670482836663723, -0.02643025852739811, 0.0027385333087295294, -0.00014709871902596205, 0.00265569519251585, 0.03209574148058891, -0.0060098301619291306, 0.04087983816862106, -0.009661207906901836, 0.0036546264309436083, -0.007166316267102957, 0.005158708430826664, -0.008699635043740273, -0.10883964598178864, -0.011168538592755795, 0.008530709892511368, 0.004996280185878277, -0.01119452714920044, 0.00932985544204712, 0.003521435661241412, 0.01829587295651436, -0.009544259868562222, 0.0012888648780062795, -0.028535323217511177, -0.030510446056723595, 0.0032193197403103113, -0.0183478482067585, 0.02082974649965763, -0.01290326751768589, 0.03726744279265404, -0.019270438700914383, -0.01751621812582016, 0.017503224313259125, -0.010083520784974098, 0.0014050008030608296, -0.0023665735498070717, -0.020556867122650146, -0.03552621603012085, -0.00457396823912859, -0.013851846568286419, 0.008426756598055363, 0.001401752233505249, -0.001918272813782096, -0.015021326951682568, -0.012422481551766396, 0.009492282755672932, -0.010544815100729465, 0.03578610345721245, 0.023324638605117798, -0.0012563792988657951, 0.01331908255815506, 0.030198583379387856, -0.016749558970332146, 0.002805128926411271, 0.015398159623146057, -0.00640615401789546, -0.008654155768454075, 0.011330965906381607, -0.02585851214826107, -0.01234451588243246, 0.0010167983127757907, -0.014501557685434818, -0.01629476062953472, -0.015359176322817802, -0.01759418286383152, 0.0006464627804234624, -0.04392048716545105, 0.02624833956360817, 0.0004198759561404586, 0.0033947417978197336, 0.008049923926591873, -0.023571528494358063, -0.0024136777501553297, -0.02067381516098976, -0.023987343534827232, 0.0008421883685514331, 0.017685143277049065, 0.03222568333148956, 0.012078134343028069, -0.05179499089717865, -0.013033210299909115, 0.0083942711353302, -0.002257747109979391, -0.013669926673173904, -0.0006456506671383977, -0.004034707788378, 0.011006110347807407, -0.029782768338918686, 0.02635229378938675, 0.015216239728033543, -0.006653044372797012, 0.003391493344679475, -0.02689805068075657, -0.004528488032519817, -0.009869115427136421, 0.0045967078767716885, -0.02233707718551159, 0.039528440684080124, 0.028769219294190407, 0.02489694021642208, -0.005762939807027578, 0.017477234825491905, -0.004466765560209751, 0.008589183911681175, 0.009667704813182354, -0.01621679589152336, -0.01803598739206791, -0.0029789265245199203, -0.005769436713308096, 0.007107842247933149, -0.012052145786583424, 0.019751224666833878, 0.0338369682431221, -0.03492848202586174, -0.023883389309048653, -0.038696810603141785, 0.012571915052831173, -0.00046901038149371743, 0.005951356142759323, 0.006588073447346687, 0.005811668001115322, 0.008933531120419502, -0.0019458855967968702, -0.014306643977761269, 0.009524768218398094, -0.014137719757854939, 0.002379567828029394, -5.999678251100704e-05, -0.004021713510155678, -0.0257025808095932, -0.0014910876052454114, 0.02513083629310131, 0.004187389742583036, 0.014579523354768753, 0.010051034390926361, -0.0011483648559078574, 0.016619617119431496, -0.006448385305702686, 0.030250560492277145, -0.008602178655564785, -0.010798202827572823, -0.03308330103754997, 0.01676255278289318, 0.009849624708294868, 0.00568822305649519, 0.01096063107252121, -0.032017774879932404, -0.006068304181098938, 0.03563017025589943, -0.0027109207585453987, -3.756143996724859e-05, 0.003810557071119547, 0.00875810906291008, 0.01360495574772358, 0.07916083186864853, -0.018841629847884178, -0.02500089257955551, 0.02679409645497799, -0.03550022840499878, -0.0022983539383858442, -0.023584522306919098, -0.022454025223851204, 0.002886342816054821, 0.015060309320688248, -0.025819528847932816, 0.016359731554985046, 0.009765162132680416, 0.009914595633745193, -0.013052701018750668, 0.0019458855967968702, -0.015216239728033543, 0.006016327068209648, -0.013760887086391449, 0.01858174428343773, -0.025689586997032166, 0.03347313031554222, 0.012299036607146263, 0.005824662279337645, 0.0032355627045035362, 0.007640605792403221, -0.011805255897343159, -0.014813419431447983, 0.022921817377209663, 0.001596665708348155, -0.015203245915472507, -0.012805811129510403, 0.023207690566778183, 0.013877835124731064, 0.008738617412745953, 0.01780209131538868, -0.008088906295597553, 0.0031186146661639214, -0.002762897638604045, -0.0017834577010944486, -0.0023210938088595867, 0.022350070998072624, 0.0167885422706604, -0.019881168380379677, 0.02171335369348526, 0.020400937646627426, 0.030016664415597916, -0.002272365614771843, -0.014527546241879463, -0.009635219350457191, -0.005837656557559967, 0.00810839794576168, -0.002782388823106885, -0.01006402913480997, -0.0012035903055220842, -0.0007764050969853997, 0.01775011420249939, 0.015606067143380642, 0.019868172705173492, 0.0032306897919625044, 0.03417481854557991, 0.011987174861133099, 0.0045512281358242035, -0.012662874534726143, -0.019595295190811157, -0.013955799862742424, 0.029964687302708626, -0.01845180243253708, -0.004674673080444336, 0.016281766816973686, 0.019907156005501747, 0.0007122461101971567, 0.018711687996983528, 0.023818418383598328, 0.0022171400487422943, -0.03206975385546684, -0.005684974603354931, 0.005532292183488607, -0.006617310456931591, -0.02244103141129017, 0.010070526041090488, 0.022090187296271324, 0.009661207906901836, -0.007536652032285929, 0.022376058623194695, 0.014215684495866299, 0.018022993579506874, 0.048390503972768784, -0.02176533080637455, -0.001432613586075604, -0.014475569128990173, 0.0010915150633081794, -0.01663261093199253, -0.024533100426197052, 0.010083520784974098, -0.029444919899106026, -0.023519551381468773, 0.005308141931891441, -0.010044537484645844, 0.0021278047934174538, 0.1022905558347702, 0.011175035499036312, -0.020115064457058907, -1.9262926798546687e-05, -0.014865395613014698, -0.0061917491257190704, 0.012201579287648201, -0.005347124766558409, -0.01355297863483429, 0.004889077972620726, 0.001785081927664578, -0.013591961935162544, 0.029990676790475845, -0.006139772478491068, -0.014007776975631714, 0.010180977173149586, -0.010103011503815651, 0.009303866885602474, 0.007153321988880634, 0.013890828937292099, 0.0374753512442112, -0.022194139659404755, 0.027807647362351418, 0.0038592854980379343, -0.02606642059981823, 0.006120281293988228, 0.004590210970491171, 0.006357425823807716, -0.026599183678627014, -0.01868569850921631, -0.006636801641434431, -0.0012961741304025054, -0.03440871462225914, -0.012156100012362003, 0.01150638796389103, -0.02687206119298935, -0.0018175675068050623, -0.01248745247721672, 0.012909764423966408, -0.01795802265405655, 0.01263038907200098, 0.009258386678993702, -0.015268216840922832, -0.030432479456067085, 0.0038755282294005156, -0.024026326835155487, 0.0016567639540880919, -0.009622225537896156, -0.012208076193928719]"
"Son todos los problemas que tienen algunos individuos de la tercera edad para dar cuenta de las fechas actuales y pasadas, como los días festivos religiosos y cívicos, los días de la semana, el mes, la estación del año, y el año actual. Ejemplos de la alteración de la orientación en el tiempo: 1. La Sra. LBG, jubilada del magisterio, no puede registrar la fecha, el día de la semana y la estación del año. Se justifica diciendo: ""desde mi jubilación, todos mis días son iguales, y ya no tengo que ir a la escuela a dictar clases, así es que no me interesa saber en qué día estamos hoy"". 2. La Sra. MMR, enfermera jubilada del hospital naval, es llevada a la consulta por su hija, a pesar de no tener ""problemas en su memoria"", cuando exploro sobre las fechas de las principales festividades religiosas (celebración de la festividad de Santa Rosa de Lima, de San Martin de Parres, o del Señor de los Milagros), fechas cívicas (celebración del día de la independencia nacional, o del combate de Angamos), y fecha actual se molesta y me dice: ""Yo no estoy para chiquilladas, esas preguntas se las puede realizar a mi nieta que está cursando la primaria""","[-0.012877894565463066, -0.010185904800891876, 0.024644598364830017, -0.011991588398814201, -0.01568893902003765, -0.010516616515815258, -0.023348210379481316, 0.004249638877809048, -0.03968534618616104, -0.01558311190456152, 0.02484302595257759, 0.02453877218067646, -0.004461294040083885, 0.028017854318022728, -0.0060354797169566154, 0.012137101031839848, 0.028176594525575638, 0.002617579186335206, 0.02554413303732872, 0.0019197785295546055, -0.0008772114524617791, 0.011912217363715172, -0.0038990851026028395, -0.008532349020242691, -0.008816760964691639, 0.0026043506804853678, -9.856744327407796e-06, -0.013373960740864277, 0.023718608543276787, -0.007341788616031408, 0.015292086638510227, -0.002179386792704463, -0.011555049568414688, -0.012328913435339928, -0.007110291160643101, -0.02762099914252758, 0.00019170915766153485, -0.03317694738507271, -0.006048707757145166, 0.00842652190476656, 0.006706823129206896, 0.017659978941082954, 6.102655243012123e-05, -0.009068101644515991, -0.020199840888381004, 0.04502963647246361, 0.003776721889153123, -0.030425431206822395, -0.03947369009256363, 0.026602409780025482, 0.01722344011068344, 0.018281714990735054, -0.032356783747673035, -0.012930808588862419, 0.010681971907615662, -0.02169465459883213, 0.0040280623361468315, 0.017633521929383278, -0.0045274365693330765, -0.026668552309274673, -0.013731129467487335, 0.0074013168923556805, -0.012646396644413471, 0.011197881773114204, -0.008605105802416801, -0.017898090183734894, -0.0066869803704321384, -0.019273849204182625, -0.002777974121272564, 0.00899534486234188, 0.012242929078638554, 0.005264922510832548, 0.006091700401157141, -0.018638882786035538, 0.021284572780132294, -0.0070970626547932625, -0.014842319302260876, 0.004094204865396023, 0.007355017121881247, 0.006220677867531776, 0.01691918447613716, -0.04214583709836006, -0.02092740498483181, 0.016403276473283768, -0.001013629836961627, 0.017951004207134247, -0.00899534486234188, 0.0014294992433860898, 0.0053509073331952095, -0.0029251405503600836, -0.01127725187689066, -0.007017691619694233, 0.03259489685297012, 0.0343145951628685, 0.0027167925145477057, 0.02439325861632824, 0.008902745321393013, 0.007553443778306246, 0.006786194164305925, -0.02300427109003067, -0.021125832572579384, 0.011237566359341145, -0.022329621016979218, -0.0014179243007674813, 0.0004902793443761766, -0.0008689436945132911, 0.027435801923274994, 0.0011583160376176238, -0.01568893902003765, -0.036431144922971725, -0.027753284201025963, 0.028070766478776932, 0.016495874151587486, -0.015133344568312168, 0.012884508818387985, -0.01435286644846201, 0.006812650710344315, 0.006111543159931898, -0.0062272921204566956, -0.03301820531487465, 0.005949494428932667, 0.019564874470233917, -0.008829989470541477, -0.026708237826824188, 0.007745256647467613, -0.02846761979162693, -0.0026638787239789963, 0.003262466052547097, -0.06153874099254608, -0.0006498474976979196, -0.01677367277443409, 0.003680815687403083, -0.016019651666283607, 0.020821576938033104, 0.017911318689584732, 0.005886659491807222, -0.028864474967122078, 0.022408992052078247, -0.020490866154432297, -0.01899605244398117, 0.009048258885741234, 0.0027978168800473213, -0.02809722349047661, -0.0104967737570405, 0.020186612382531166, 0.02777974121272564, 0.01058275904506445, 0.016178391873836517, 0.015503741800785065, -0.0021330872550606728, 0.03317694738507271, 0.014048611745238304, -0.011184653267264366, -0.006296741310507059, 0.02407577633857727, 0.015424370765686035, 0.010086691938340664, 0.009286371059715748, 0.000507228309288621, -0.03201284632086754, 0.020292440429329872, -0.012818366289138794, 0.03275363892316818, 0.009405426681041718, -0.001228592125698924, 0.020517323166131973, -0.02770037017762661, -0.013982470147311687, 0.0049937390722334385, -0.001868518302217126, -0.011892374604940414, 0.00873077567666769, -0.008095810189843178, 0.01824202947318554, 0.03132496401667595, 0.007579900790005922, -0.0012583561474457383, 0.019115107133984566, -0.037595249712467194, -0.027356430888175964, -0.04717264696955681, -0.007474073208868504, 0.03140433505177498, 0.00957739632576704, -0.034817274659872055, 0.019485503435134888, 0.017673207446932793, 0.02176079712808132, 0.016826586797833443, 0.0009565821383148432, 0.0011831193696707487, 0.0005489806062541902, 0.02038503810763359, -0.011707176454365253, -0.6447016596794128, -0.008175181224942207, -0.0028126987162977457, -0.017210211604833603, 0.0200940128415823, 0.030134405940771103, 0.01161457784473896, 0.014141211286187172, -0.03362671658396721, -0.04770178347826004, 0.0014807594707235694, 0.017289582639932632, -0.010794414207339287, -0.005182244814932346, -0.023811206221580505, -0.025253107771277428, -0.009412040933966637, 0.004586964379996061, 0.012223086319863796, 0.02668178081512451, -0.003823021659627557, 0.006544774863868952, -0.004246331751346588, 0.03177473321557045, -0.000982212251983583, 0.014657121151685715, -0.0007035880698822439, -0.033362146466970444, 0.0032459304202347994, 0.017911318689584732, -0.03254198282957077, -0.007864312268793583, 0.0176070649176836, 0.004345545079559088, 0.05407789722084999, -0.016945641487836838, -0.012203243561089039, 0.02822950854897499, 0.007355017121881247, 0.030663542449474335, 0.010873784311115742, 0.0015700514195486903, 0.00394207751378417, -0.0019611173775047064, 0.02054378017783165, 0.0016188313020393252, 0.016667844727635384, -0.0019511961145326495, -0.002419152529910207, 0.00600240845233202, 0.03008149191737175, -0.002959865378215909, -0.030901655554771423, 0.00573122501373291, 0.005691539961844683, 0.008320693857967854, 0.0057973675429821014, -0.013850185088813305, -0.0010954808676615357, -0.003737036604434252, -0.018122974783182144, 0.011488907039165497, -0.01754092238843441, 0.009484797716140747, -0.024657826870679855, 0.02424774505198002, -0.009610467590391636, 0.016032880172133446, 0.01077457144856453, -0.02307041361927986, 0.01645619049668312, 0.011383079923689365, -0.03024023212492466, 6.412697257474065e-05, 0.01878439635038376, -0.017210211604833603, 0.03471144661307335, 0.007361631374806166, -0.014934917911887169, 0.004358773585408926, 0.010013935156166553, -0.005473270546644926, -0.039288491010665894, 0.01212387252599001, 0.030425431206822395, -0.00842652190476656, -0.008221480995416641, 0.012930808588862419, -0.007540215738117695, 0.005992487072944641, -0.008638177067041397, 0.008287622593343258, -0.0007366592180915177, -0.00796352606266737, -0.0019594638142734766, 0.013400417752563953, -0.014961374923586845, 0.003885856596753001, 0.019657474011182785, -0.016019651666283607, 0.007202890235930681, -0.00992133654654026, 0.019273849204182625, 0.022991042584180832, 0.006081779021769762, 0.02878510393202305, -0.016575245186686516, 0.02555736154317856, 0.03910329192876816, -0.038124386221170425, 0.004160346928983927, -0.007950297556817532, 0.008757232688367367, 0.0038164074067026377, -0.02608649991452694, -0.022647103294730186, 0.027171233668923378, 0.024208059534430504, 0.004368694964796305, 0.005767603404819965, -0.006663830950856209, 0.003912313375622034, 0.014683577232062817, -0.02939361147582531, 0.02677437849342823, 0.012600096873939037, 0.007321946322917938, 0.0006159496260806918, 0.016654616221785545, -0.009755980223417282, 0.0006072684773243964, -0.02107291854918003, 0.007447616197168827, -0.009127628989517689, 0.043891992419958115, 0.0033236476592719555, 0.01676044426858425, 0.007394702639430761, 0.014061840251088142, -0.012686082161962986, -0.025173736736178398, -0.003756879363209009, -0.00194788898807019, -0.013195376843214035, 0.01845368556678295, -0.03817730024456978, 0.004183496814221144, -0.003968534525483847, 0.0028623053804039955, -0.002776320558041334, -0.000682505255099386, -0.01968393102288246, -0.010245433077216148, 0.0334150604903698, 0.0012939076405018568, 0.01219662930816412, -0.030055034905672073, -0.030637085437774658, -0.023480495437979698, -0.00912101473659277, -0.007447616197168827, 0.025292793288826942, -0.012163558043539524, -0.019604559987783432, 0.0032740409951657057, 0.001531192916445434, 0.0024075775872915983, 0.015609568916261196, -0.01985590159893036, -0.04114047437906265, 0.004491058178246021, 0.008512506261467934, -0.007447616197168827, -0.002195922425016761, 0.002721753204241395, 0.026139413937926292, -0.034341052174568176, -0.0025349014904350042, 0.007818012498319149, 0.003505538683384657, -0.0008639830048196018, -0.005390592850744724, -0.013459946028888226, -0.016654616221785545, 0.0049937390722334385, 0.005572483874857426, -0.023559866473078728, -0.0009574089199304581, -0.004851533565670252, 0.032515525817871094, 0.025213422253727913, 0.005509648937731981, -0.0038726283237338066, -0.01924739219248295, -0.0012335528153926134, -0.006171070970594883, 0.00016948948905337602, -0.014141211286187172, 0.014855547808110714, 0.029790464788675308, 0.044050734490156174, -0.02799139730632305, 0.023943491280078888, -0.004388537723571062, 0.007341788616031408, -0.027197688817977905, 0.024803340435028076, -0.008829989470541477, 0.012216472066938877, 0.022422220557928085, -0.0020735592115670443, -0.01814943179488182, -0.0288380179554224, -0.020914176478981972, -0.0004053279117215425, 0.030742913484573364, -0.0004357120196800679, 0.022567732259631157, 0.01062244363129139, 0.021906310692429543, -0.03068999946117401, 0.02262064628303051, 0.024115461856126785, -0.009815508499741554, -0.021588828414678574, 0.018585970625281334, 0.01508043147623539, 0.011389694176614285, 0.004530743695795536, -0.02062315121293068, -0.010569530539214611, -0.004067747853696346, -0.00984196551144123, 0.04106110334396362, -0.003485696157440543, 0.03426168113946915, 0.0025878152810037136, -0.005218622740358114, 0.027726827189326286, -0.02185339666903019, 0.0030656929593533278, 0.025967443361878395, 0.01762029342353344, 0.009068101644515991, -0.01599319465458393, -0.0012947344221174717, 0.032647810876369476, 0.018480142578482628, 0.012335527688264847, 0.005086338147521019, -0.0012839862611144781, -0.03299174830317497, -0.025120822712779045, -0.024141918867826462, 0.013069706968963146, -0.009901493787765503, 0.007315332069993019, -0.01081425603479147, -0.004067747853696346, 0.011012683622539043, 0.02785911224782467, -0.00469609908759594, -0.007050762884318829, -0.008287622593343258, 0.01923416368663311, 0.007976754568517208, 0.0127257676795125, -0.01714406907558441, 0.007831241004168987, -0.0006002408335916698, -0.020120469853281975, -0.018956366926431656, -0.024737197905778885, 0.00029929363518022, -0.0001941894879564643, -0.014855547808110714, 0.005803981795907021, -0.0023232463281601667, 0.020213069394230843, 0.02485625445842743, -0.0026539573445916176, -0.016495874151587486, 0.015411142259836197, 0.02815013751387596, 0.01473649125546217, -0.014048611745238304, -7.415165600832552e-05, 0.003479081904515624, -0.01500106044113636, 0.000698214047588408, -0.02822950854897499, -0.01023220457136631, -0.013850185088813305, -0.003875935450196266, 0.012560411356389523, 0.018361086025834084, 0.011846075765788555, -0.005122716538608074, -0.010920084081590176, -0.02230316400527954, -0.015530197881162167, -0.002258757594972849, -0.009028416126966476, -0.016575245186686516, 0.004252946004271507, 0.02862636186182499, -0.018347857519984245, -0.0275416299700737, -0.02124488726258278, 0.010834098793566227, 0.0015121769392862916, -0.009167314507067204, -0.013354118913412094, 0.016681073233485222, 0.024737197905778885, 0.009570782072842121, -0.004173575434833765, -0.002538208616897464, 0.02262064628303051, -0.014564521610736847, 0.00037101664929650724, -0.0006109889363870025, -0.0066208383068442345, 0.0029549046885222197, 0.04161669686436653, -0.009041644632816315, -0.0005981738795526326, 0.011363237164914608, 0.017263125628232956, -0.0040512122213840485, -0.01715729758143425, -0.0037238080985844135, 0.015596340410411358, 0.012831594794988632, -0.025980671867728233, 0.0026374219451099634, 0.016733987256884575, 0.0010946540860459208, 0.007824626751244068, 0.01832140050828457, 0.012183400802314281, -0.0193003062158823, 0.018956366926431656, 0.0483102947473526, -0.009894879534840584, -0.0305312592536211, -0.003694044193252921, 0.017210211604833603, -0.01623130589723587, -0.029975663870573044, 0.02078189142048359, 0.008644791319966316, 0.018876995891332626, -0.033494431525468826, -0.008724161423742771, 0.018215572461485863, 0.0001703162706689909, 0.01381049957126379, 0.009617081843316555, 0.00684572197496891, 0.004219875205308199, 0.002672146540135145, 0.0245520006865263, -0.024909168481826782, -0.0011674105189740658, -0.0005518743419088423, -0.0002577480336185545, -0.023361438885331154, 0.007421159651130438, -0.015093659050762653, -0.012633168138563633, 0.024102233350276947, -0.007804784458130598, -0.013367347419261932, 0.011019297875463963, -0.025742560625076294, -0.016204848885536194, -0.031959932297468185, 0.023811206221580505, 0.022871987894177437, 0.03862706944346428, 0.005479884799569845, -0.016363590955734253, 0.008340536616742611, -0.01023220457136631, -0.017064698040485382, 0.014749719761312008, 0.001107882591895759, 0.003472467651590705, 0.004332317039370537, -0.013545931316912174, 0.021099375560879707, -0.027885569259524345, -0.0007668366306461394, -0.025517676025629044, -0.003207898698747158, -0.02508113719522953, 0.02230316400527954, 0.017501236870884895, 0.007652657106518745, 0.007070605643093586, -0.018427228555083275, -0.0012500883312895894, 0.011257409118115902, -0.010344646871089935, -0.0007755177794024348, -0.024194831028580666, -0.02230316400527954, 0.0008499277755618095, 0.007665885612368584, 0.00827439408749342, -0.01277868077158928, -0.01776580512523651, 0.01792454719543457, -0.004203339572995901, -0.007798170205205679, 0.010820870287716389, 0.012368598952889442, 0.003231048583984375, 0.018652111291885376, 0.03076937049627304, 0.0067167445085942745, 0.004282710142433643, -0.0035716809798032045, 0.00498381769284606, -0.006528239231556654, -0.01530531421303749, -0.037727534770965576, -0.01127063762396574, 0.009451726451516151, -0.008975502103567123, 0.009299599565565586, -0.00958401057869196, 0.005393899977207184, 0.01508043147623539, -0.033864825963974, 0.006958163809031248, 0.006614224053919315, -0.01173363346606493, 0.023361438885331154, 0.011654263362288475, 0.014590978622436523, 0.03867998346686363, -0.009511254727840424, -0.017368951812386513, 0.001868518302217126, 0.04275434464216232, 0.010781185701489449, -0.00309545686468482, -0.005519569851458073, 0.00164528819732368, -0.01853305660188198, -0.003598137991502881, -0.009431883692741394, 0.01068858616054058, 0.025134051218628883, -0.005466656293720007, -0.020173383876681328, -0.0347643606364727, -0.007745256647467613, -0.0026539573445916176, 0.022871987894177437, -0.0035551455803215504, -0.0001941894879564643, -0.006167763844132423, -0.0030127791687846184, -0.0022124580573290586, -0.024141918867826462, 0.014987831935286522, -0.02424774505198002, -0.02777974121272564, -0.004517515189945698, 0.004954054020345211, 0.011250794865190983, -0.019048964604735374, -0.001588240615092218, -0.008281008340418339, 0.005747760646045208, 0.021641740575432777, 0.00040284759597852826, -0.012937422841787338, -0.023824434727430344, 0.018175888806581497, 0.021893082186579704, 0.026377525180578232, -0.014313180930912495, 0.02108614705502987, 0.0005216969293542206, -0.012871280312538147, 0.012064345180988312, -0.01677367277443409, -0.008109038695693016, -0.029658181592822075, 0.019101878628134727, 0.004920982755720615, 0.0036642802879214287, 0.003875935450196266, -0.029287785291671753, -0.003465853398665786, 0.014101525768637657, 0.0008846524870023131, -0.022819073870778084, -0.024512315168976784, -0.048283837735652924, 0.014220582321286201, 0.017792262136936188, -0.014868776313960552, 0.007983368821442127, -0.004699406214058399, -0.005995794199407101, 0.011898988857865334, 0.012236314825713634, -0.0003360852715559304, -0.028282422572374344, 0.018585970625281334, -0.018334629014134407, 0.03460562229156494, -0.0011054022470489144, -0.003978455904871225, 0.000826364615932107, -0.017884861677885056, -0.040505509823560715, -0.017488008365035057, 0.012236314825713634, -0.0082677798345685, 0.004157039802521467, -0.019511960446834564, -0.008400064893066883, -0.00842652190476656, 0.020676065236330032, 0.001891668071039021, 0.016892729327082634, 0.00892258808016777, -0.018982823938131332, 0.012937422841787338, -0.010390945710241795, -0.010787799954414368, -0.001301348558627069, -0.0012806791346520185, 0.022117964923381805, -0.025848388671875, 0.01968393102288246, 0.0012484347680583596, -0.03222449868917465, -0.011204496026039124, -0.023374667391180992, 0.03762170672416687, -0.014974603429436684, 0.02968463860452175, 0.01739540882408619, -0.02476365491747856, -0.013327661901712418, 0.012395055964589119, 0.044050734490156174, 0.008717547170817852, 0.0021099376026540995, 0.005476577673107386, -0.005261615384370089, -0.008095810189843178, 0.024260973557829857, 0.019498731940984726, -0.026562724262475967, -0.031801190227270126, 0.028070766478776932, 0.025279564782977104, 0.021509457379579544, -0.0006692768074572086, -0.0127257676795125, 0.019578102976083755, 0.014471922069787979, -0.016178391873836517, 0.016270991414785385, -0.014604207128286362, -0.004782083909958601, -0.012567025609314442, 0.01931353472173214, -0.02677437849342823, 0.030187318101525307, 0.004610114265233278, -0.024181602522730827, -0.013413646258413792, -0.01396924164146185, 0.006167763844132423, 0.023202698677778244, -0.0051888590678572655, 0.011482292786240578, -0.026747921481728554, 0.010172676295042038, -0.005205394234508276, 0.022329621016979218, -0.0011922138510271907, -0.008896131068468094, -0.007017691619694233, 0.023639237508177757, -0.010946541093289852, -0.012540568597614765, 0.0014799326891079545, 0.004567121621221304, 0.011217724531888962, 0.007903997786343098, -0.022819073870778084, -0.007447616197168827, -0.0020057635847479105, -0.005370750091969967, 0.008902745321393013, 0.030055034905672073, 0.005506341811269522, -0.027647456154227257, -0.010000706650316715, -0.032277412712574005, -0.023718608543276787, -0.009154086001217365, 0.005172323435544968, 0.0703224316239357, -0.0148158622905612, -0.012699310667812824, 0.011171424761414528, 0.016958869993686676, -0.0144190089777112, -0.011237566359341145, 0.004011527169495821, -0.005294686648994684, -0.039738260209560394, 0.018506599590182304, -0.026337839663028717, 0.003918927628546953, -0.007593129295855761, -0.009279756806790829, -0.022435449063777924, -0.009378969669342041, 0.028679275885224342, -0.00823470950126648, -0.02785911224782467, -0.00515578780323267, 0.02539862133562565, 0.014683577232062817, -2.0023529941681772e-05, -0.0022405683994293213, 0.001404695794917643, -0.007831241004168987, -0.007328560575842857, -0.01707792654633522, -0.062279533594846725, 0.01646941900253296, -0.019961727783083916, -0.0010789453517645597, -0.01349963154643774, -0.023678923025727272, 0.02701249159872532, 0.001906550140120089, -0.022805845364928246, 0.0028226200956851244, -0.016178391873836517, 0.003922234755009413, -0.02060992270708084, 0.025848388671875, -0.02785911224782467, 0.004286017268896103, -0.011191267520189285, -0.015516969375312328, -0.01878439635038376, 0.03370608761906624, -0.01762029342353344, -0.00861833430826664, 0.01730281114578247, 0.022713245823979378, 0.021562371402978897, 0.03193347528576851, 0.022673560306429863, -0.011416151188313961, 0.00479200528934598, -0.011065596714615822, -0.014577750116586685, 0.009617081843316555, -0.02300427109003067, 0.037039656192064285, 0.02247513271868229, 0.015292086638510227, 0.0073087178170681, -0.011237566359341145, -0.0036444375291466713, 0.0060784718953073025, 0.029340697452425957, 0.006475325208157301, 0.044500499963760376, -0.012692696414887905, 0.017435094341635704, -0.006958163809031248, 0.006071857642382383, 0.03399711102247238, -0.033573802560567856, -0.007070605643093586, -0.0028424628544598818, -0.004259560257196426, 0.007646043319255114, -0.00515578780323267, -0.023797977715730667, 0.01953841745853424, 0.001140953623689711, -0.012547182850539684, 0.0026126184966415167, 0.023665694519877434, -0.008638177067041397, -0.02223702147603035, 0.003869321197271347, -0.0003205831744708121, -0.024948853999376297, -0.010933312587440014, 0.03164244815707207, -0.019366448745131493, -0.011356622911989689, -0.0026986035518348217, -0.002647343324497342, -0.030875198543071747, -0.0019214320927858353, -0.00814872421324253, 0.0002438995143165812, 0.01892990991473198, 0.005281458143144846, -0.026747921481728554, -0.006309969816356897, -0.0386006124317646, 0.011058982461690903, 0.011713790707290173, 0.008909359574317932, 0.01714406907558441, 0.013367347419261932, 0.0035584524739533663, -0.0026440361980348825, 0.004329009912908077, -0.008307465352118015, 0.006534853484481573, -0.0038362499326467514, -0.01976330205798149, 0.0066208383068442345, -0.02746225893497467, 0.023797977715730667, -0.02947298251092434, -0.004365387838333845, -0.0076394290663301945, -0.01568893902003765, -0.057199809700250626, -0.013863413594663143, 0.00017620706057641655, -0.01661493070423603, 0.019908813759684563, -0.013704672455787659, 0.00020896813657600433, 0.0020801734644919634, -0.03870644047856331, 0.010027163662016392, -0.005215315613895655, -0.013664986938238144, 0.013063092716038227, -0.009306213818490505, 0.007857698015868664, 0.01004700642079115, 0.028917387127876282, -0.005665082950145006, 0.014432237483561039, 0.18742065131664276, -0.01607256382703781, -0.012170172296464443, 0.010437245480716228, -0.012223086319863796, 0.028970301151275635, 0.021191973239183426, -0.0034625462722033262, -0.013440103270113468, 0.029208414256572723, -0.018863767385482788, -0.004560507368296385, -0.01285143755376339, 0.014035383239388466, 0.017831947654485703, -0.02145654335618019, -0.020953861996531487, -0.025755789130926132, -0.021046461537480354, -0.02777974121272564, 0.02608649991452694, 0.012977107428014278, -0.0037006584461778402, -0.017435094341635704, 0.05100889503955841, -0.017726121470332146, 0.013479788787662983, -0.012831594794988632, 0.03693382814526558, -0.006147921551018953, -0.01277206651866436, -0.007903997786343098, 0.008605105802416801, 0.00505988160148263, -0.0196971595287323, -0.004193418193608522, -0.006372804753482342, -0.010053620673716068, 0.009716295637190342, 0.01607256382703781, 0.0027482102159410715, -0.017329268157482147, 0.00946495495736599, -0.024803340435028076, 0.023493723943829536, 0.04677579179406166, 0.00823470950126648, -0.008744004182517529, -0.008757232688367367, -0.005780831910669804, -0.02292490005493164, -0.027065405622124672, -0.00684572197496891, -0.002172772539779544, 0.030901655554771423, -0.001030165352858603, 0.028943844139575958, 0.003333569038659334, -0.03283300995826721, -0.0042893243953585625, 0.01134339440613985, -0.0008739043842069805, -0.010761342942714691, -0.010629057884216309, 0.014432237483561039, 0.010000706650316715, -0.03116622380912304, 0.005651854444295168, 0.007831241004168987, -0.005658468697220087, 0.018480142578482628, -0.00573122501373291, -0.01108543947339058, 0.01246119849383831, 0.0017544229049235582, -0.017514465376734734, 0.02223702147603035, 0.03664280101656914, 0.018493371084332466, 0.03508184477686882, -0.021191973239183426, 0.0027796276845037937, -0.006468711420893669, -0.01081425603479147, 0.001812297385185957, -0.04016156867146492, 0.0326213538646698, 0.004603500012308359, -0.006964778061956167, -0.02562350407242775, -0.01011976320296526, -0.00694493530318141, -0.007295489311218262, 0.0020454488694667816, 0.004491058178246021, 0.012666239403188229, 0.02899675816297531, 0.01832140050828457, -0.007441001944243908, -0.011502135545015335, -0.015450827777385712, 0.029578810557723045, 0.011746861971914768, 0.011435993947088718, -0.008036281913518906, 0.008201638236641884, -0.003201284445822239, 0.006118157412856817, 0.0015675710747018456, -0.016363590955734253, -0.002817659405991435, -0.013188762590289116, 0.0045009795576334, -0.013327661901712418, 0.0069250925444066525, -0.001420404645614326, -0.0027267138939350843, -0.03452625125646591, 0.016284219920635223, -0.005909809377044439, 0.028943844139575958, -0.009008573368191719, 0.0011723712086677551, 0.01963101699948311, 0.008214866742491722, -0.03330923244357109, -0.03124559484422207, 0.0017792262369766831, -0.001883400371298194, -0.01654878817498684, 0.007083834148943424, -0.03402356803417206, 0.03193347528576851, -0.007169818971306086, -0.010701814666390419, -0.009127628989517689, 0.0040082200430333614, -0.00750053022056818, -0.012891123071312904, 0.0021099376026540995, -0.010635672137141228, 0.00420995382592082, -0.015649253502488136, -0.007427773904055357, 0.010867170058190823, -0.02177402563393116, 0.016495874151587486, -0.027409344911575317, -0.0305312592536211, -0.0025117516051977873, -0.011945288628339767, 0.008915973827242851, 0.009868422523140907, -0.02370538003742695, 0.024882711470127106, -0.0035551455803215504, -0.038045018911361694, -0.014868776313960552, 0.01993527077138424, 0.019022509455680847, -0.015397913753986359, -0.023678923025727272, 0.03367963060736656, 0.004071054980158806, -0.007460844703018665, 0.01592705212533474, -0.16699592769145966, 0.008816760964691639, -0.004639878403395414, -0.018824081867933273, 0.012686082161962986, -0.004871375858783722, 0.05410435423254967, -0.01004039216786623, -0.01265962515026331, -0.010344646871089935, 0.0016585167031735182, -0.0042231823317706585, -0.030293146148324013, -0.005575791001319885, -0.0069250925444066525, 0.011991588398814201, -0.02546476200222969, 0.011416151188313961, 0.03944723308086395, 0.02361278049647808, 0.004676256328821182, -0.019353220239281654, 0.020411495119333267, -0.010781185701489449, -0.011793161742389202, 0.01057614479213953, 0.01769966445863247, 0.003034275257959962, 0.0007734508253633976, -0.009537710808217525, -0.0063827261328697205, 0.002849077107384801, 0.02725060284137726, -0.0016188313020393252, -0.006134693045169115, 0.019644245505332947, -0.027753284201025963, -3.0358254662132822e-05, -0.011965131387114525, 0.021046461537480354, -0.01931353472173214, 0.001117803854867816, -0.009306213818490505, 0.01685304380953312, -0.016218077391386032, 0.05947510525584221, 0.013995698653161526, -0.012150329537689686, -0.015186258591711521, -0.014286723919212818, -0.010318189859390259, -0.025570590049028397, 0.001030992134474218, -0.0004911061259917915, 0.003009472042322159, 0.01976330205798149, -0.02369215153157711, -0.0017908011795952916, 0.022422220557928085, -0.01939290575683117, 0.0010789453517645597, -0.022197335958480835, 0.020583465695381165, -0.0028871088288724422, -0.013248290866613388, 0.014961374923586845, 0.015067202970385551, 0.010721657425165176, -0.025054680183529854, 0.014379323460161686, -0.010860555805265903, -0.01258025411516428, 0.0020173382945358753, -0.012606711126863956, 0.03709257021546364, 0.008360379375517368, -0.03624594956636429, -0.02862636186182499, 0.00525169400498271, 0.012613325379788876, -0.013526088558137417, 0.02054378017783165, -0.018876995891332626, -0.025358935818076134, -0.022422220557928085, 0.009789051488041878, 0.02078189142048359, 0.0030772676691412926, -0.0064356401562690735, 0.009154086001217365, 0.024194831028580666, -0.038812268525362015, 0.0004584483976941556, -0.013526088558137417, -0.016509102657437325, 0.011793161742389202, 0.0031235674396157265, -0.01030496135354042, 0.00992133654654026, -0.033044662326574326, 0.011125124990940094, 0.010675357654690742, 0.005331064574420452, 0.02361278049647808, 0.0028771874494850636, 0.001716391183435917, -0.008175181224942207, 0.0001308376231463626, 0.03201284632086754, -0.010589373297989368, 0.004973896779119968, -0.0012864666059613228, -0.012520725838840008, 0.019207706674933434, 0.00022385014744941145, 0.018903452903032303, 0.004563814494758844, 0.017739349976181984, 0.028255965560674667, -0.012011431157588959, 0.044897355139255524, -0.0073087178170681, 0.026417210698127747, 0.01993527077138424, 0.0015047360211610794, -0.012137101031839848, -0.10910823941230774, -0.027118319645524025, 0.004676256328821182, 0.022184107452630997, -0.013023407198488712, 0.018876995891332626, 0.0006816784734837711, 0.007950297556817532, -0.008572034537792206, 0.006313276942819357, -0.03317694738507271, -0.03116622380912304, -0.005301300436258316, -0.002696949988603592, 0.04460632801055908, 0.0013997352216392756, 0.003351758001372218, -0.03100748360157013, -0.013731129467487335, 0.0030045113526284695, -0.016482645645737648, -0.010516616515815258, -0.021271344274282455, -0.007976754568517208, -0.04693453386425972, -0.009154086001217365, -0.01311600673943758, 0.018056832253932953, 0.015979966148734093, -0.012699310667812824, -0.04225166514515877, 0.0009226842666976154, -0.002721753204241395, -0.023877348750829697, 0.004487751051783562, 0.0018420614069327712, -0.028361793607473373, -0.0029416761826723814, -0.003862706944346428, -0.03500247374176979, 0.027329973876476288, 0.010139605961740017, 0.01330781914293766, -0.011502135545015335, 0.0288380179554224, -0.02592775784432888, -0.01231568492949009, -0.0038428641855716705, -0.003270733868703246, -0.006885407492518425, -0.033864825963974, -0.014141211286187172, -0.0011219377629458904, -0.05156449228525162, 0.012223086319863796, 0.004871375858783722, -0.002290175063535571, 0.02423451654613018, -0.01677367277443409, -0.03362671658396721, 0.0012996949953958392, -0.016204848885536194, -0.006971392314881086, 0.02423451654613018, 0.02107291854918003, 0.00244395574554801, -0.025980671867728233, 0.009160700254142284, -0.0009210307034663856, 0.013459946028888226, -0.012765452265739441, 0.005694847088307142, -0.01599319465458393, 0.009590624831616879, -0.016522331163287163, 0.03084874153137207, 0.0059594158083200455, -0.008400064893066883, -0.007526987232267857, -0.006085086148232222, -0.009226842783391476, -0.011978359892964363, -0.0009135897271335125, 0.0012674507452175021, 0.012130486778914928, 0.02554413303732872, 0.016218077391386032, 0.00655800336971879, 0.021681426092982292, 0.024036090821027756, 0.0013674908550456166, 0.021879853680729866, 0.005476577673107386, -0.0031020711176097393, -0.010053620673716068, 0.009167314507067204, -0.003971841651946306, -0.0034129396080970764, 0.033203404396772385, 0.02677437849342823, -0.026020357385277748, -0.014445465058088303, -0.04426238685846329, 0.024115461856126785, -0.0035088458098471165, 0.018903452903032303, -0.014948146417737007, 0.01877116784453392, 0.006323198322206736, -0.011303708888590336, 0.014485150575637817, 0.012481041252613068, -0.022567732259631157, 0.00807596743106842, -0.004322395659983158, -0.008380222134292126, -0.03293883800506592, -0.0036510517820715904, 0.042807258665561676, 0.022647103294730186, 0.010285118594765663, -0.0012781987898051739, 0.00796352606266737, -0.005400514230132103, -0.011297094635665417, 0.044421128928661346, -0.023983176797628403, -0.0038891637232154608, -0.029208414256572723, 0.0010070155840367079, -0.0034427037462592125, -0.0008747311658225954, 0.016323905438184738, -0.030716456472873688, -0.004977203439921141, 0.006951549556106329, -0.0025729332119226456, -0.0003447664203122258, -0.0015055628027766943, 0.026126185432076454, 0.02030566893517971, 0.08233386278152466, -0.0148158622905612, -0.019048964604735374, 0.02431388758122921, -0.010562916286289692, -0.001699855551123619, -0.014207353815436363, -0.0026556109078228474, 0.01830817200243473, 0.014180896803736687, -0.02770037017762661, 0.019485503435134888, 0.011760090477764606, -0.0018552899127826095, 0.011779933236539364, 0.009319441393017769, -0.03508184477686882, -0.010523230768740177, -0.013334276154637337, 0.014405780471861362, -0.014022154733538628, 0.0402938537299633, 0.03362671658396721, -0.009028416126966476, -0.023520180955529213, 0.003710579825565219, -0.016601702198386192, -0.006425718776881695, 0.004481136798858643, 0.013982470147311687, -0.011396308429539204, -0.01924739219248295, 0.013717900961637497, 0.006729973014444113, 0.029949206858873367, 0.01661493070423603, 0.0007333520916290581, -0.010754728689789772, -0.0015741853276267648, 0.015173030085861683, -0.00029805346275679767, 0.03439396619796753, 0.013863413594663143, -0.022408992052078247, 0.016138706356287003, 0.022501589730381966, 0.026575952768325806, -0.004603500012308359, -0.019273849204182625, -0.01057614479213953, -0.016588473692536354, 0.005853588227182627, 0.001309616374783218, -0.005546026863157749, -0.011019297875463963, -0.004772162530571222, 0.010715043172240257, 0.007368245627731085, 0.017646750435233116, -0.009207000024616718, 0.0423310361802578, 0.0041041262447834015, -0.0033021513372659683, -0.007427773904055357, -0.006571231875568628, -0.013916327618062496, 0.029340697452425957, -0.008631562814116478, -0.027409344911575317, 0.020265983417630196, 0.0167075302451849, -0.011515364050865173, -0.0034030182287096977, 0.018585970625281334, 0.0027663991786539555, -0.018268486484885216, -0.005873430985957384, 0.0005737839383073151, -0.01095976959913969, -0.010218976065516472, 0.011958517134189606, 0.015807995572686195, -0.013797271996736526, 0.008935816586017609, 0.0034129396080970764, 0.00938558392226696, -0.010278504341840744, 0.04862777516245842, -0.03616657853126526, -0.014114754274487495, -0.006088393274694681, 0.004256253130733967, -0.0026456897612661123, -0.002313324948772788, 0.0005634492263197899, -0.017289582639932632, -0.015014288946986198, -0.004183496814221144, 0.03016086295247078, -0.015318542718887329, 0.08053479343652725, 0.020252754911780357, -0.009703067131340504, 0.012639782391488552, -0.015358228236436844, -0.0006758910021744668, -0.0010756382253021002, 0.0025514368899166584, -0.03008149191737175, 0.010258661583065987, 0.01916802115738392, -0.017726121470332146, -0.0032029380090534687, -0.02293812856078148, -0.010483545251190662, -0.004295938648283482, -0.010867170058190823, 0.024062547832727432, -0.012520725838840008, 0.011951902881264687, 0.036880914121866226, -0.009742751717567444, 0.026284927502274513, 0.0012707577552646399, -0.03436750918626785, -0.013850185088813305, 0.002665532287210226, -0.0022256863303482533, -0.023374667391180992, -0.0230836421251297, -0.007183047477155924, 0.006690287496894598, -0.009570782072842121, -0.005741146393120289, 0.01277206651866436, -0.023586323484778404, -0.02260741777718067, -0.01023220457136631, 0.02270001731812954, 0.016178391873836517, -0.0005787446280010045, 0.008062738925218582, -0.018202343955636024, -0.00996763538569212, -0.014326409436762333, -0.019485503435134888, 0.013109392486512661, -0.012533954344689846, -0.02407577633857727]"
"Es la perdida de la capacidad para seleccionar la información y dirigir los procesos mentales hacia dicho objetivo por un tiempo determinado y se expresa clínicamente por la facilidad de distracción durante las tareas de la vida diaria, o cuando no ha terminado de realizar una tarea recién iniciada y ya desea iniciar otra actividad. Ejemplos de la alteración de la atención y concentración: Esta es probablemente la preocupación mas frecuente de los hijos o de los propios adultos mayores. En general, se califican como olvidos benignos sí es que no progresan y no se asocian a otros problemas cognitivos. Por ejemplo, La Sra. RZH de 62 años de edad, al retornar a su domicilio, preocupada por la enfermedad respiratoria de su nieto y por la preparación retrasada del almuerzo, abre la puerta del refrigerador para retirar las piernas de pollo; en ese momento recuerda que debe pagar el recibo de teléfono, pues es el último día, y no toma atención que está dejando las llaves de la casa dentro del refrigerador. Después del almuerzo, cuando decide salir a pagar el recibo de teléfono, acusa con sus hijos, la perdida de las llaves. La hija que llega del trabajo decide tomar un refresco helado y encuentra las llaves dentro del refrigerador. (ver figura 8). Estos problemas de atención, usualmente se asocian a problemas secundarios a estrés doméstico y/o problemas de ansiedad y depresión; pero también puede reflejar problemas de deficiencia de atención no diagnosticados en la niñez. Debe preocupar, sí luego empieza con problemas de memoria de hechos recientes o de la denominación de objetos comunes.","[-0.03745255991816521, 0.009862421080470085, 0.05773504078388214, -0.03135744109749794, -0.030086545273661613, 0.019828589633107185, -0.006788924802094698, -0.003368525765836239, -0.018868932500481606, -0.015912150964140892, 0.021994302049279213, 0.03965717926621437, -0.00403963727876544, 0.03423641249537468, 0.003647345118224621, 0.01565278321504593, 0.021981332451105118, 0.0013786964118480682, 0.021358853206038475, -0.020930897444486618, -0.04079839214682579, 0.004282793495804071, -0.004318456631153822, -0.011425105854868889, -0.009427981451153755, -0.00556017505005002, 0.013007243163883686, -0.023511597886681557, -0.00603351928293705, -0.018181610852479935, 0.028374724090099335, 0.0022808064240962267, 0.013240673579275608, -0.018804090097546577, 0.014070646837353706, -0.008688786067068577, 0.00300217024050653, -0.03592229634523392, 0.0011655293637886643, -0.007100164890289307, 0.012118912301957607, 0.030112480744719505, -0.004350877366960049, 0.006918608210980892, 0.01222914271056652, 0.026105264201760292, -0.016573535278439522, -0.011204644106328487, -0.018700342625379562, 0.02497701905667782, 0.009090805426239967, 0.031435251235961914, -0.015082176774740219, 0.00604000361636281, 0.030060607939958572, -0.011360264383256435, 0.003725155023857951, 0.007800455205142498, 0.014654221944510937, -0.027051953598856926, 0.008902763947844505, -0.01356488186866045, -0.010128271766006947, 0.015471227467060089, 0.0021430179476737976, 0.021021675318479538, 0.0034139149356633425, -0.020256543532013893, 0.013720502145588398, -0.0023407849948853254, 0.030890582129359245, 0.010270923376083374, 0.002250006655231118, -0.014498601667582989, 0.03003467060625553, 0.012203206308186054, -0.004204983823001385, -0.008623944595456123, -0.0007185270078480244, 0.01757209748029709, 0.008487776853144169, -0.03810097649693489, -0.01579543575644493, 0.04295113682746887, 0.014265172183513641, 0.014420791529119015, 0.005851962603628635, 0.01202164962887764, -0.012371794320642948, -0.0077810026705265045, -0.03475514426827431, 0.003068632911890745, 0.023135514929890633, 0.012838655151426792, 0.008565586991608143, 0.02511967159807682, -0.007917170412838459, 0.017131173983216286, -0.019776714965701103, -0.018090831115841866, -0.04629696533083916, 0.013273093849420547, -0.028608154505491257, 0.0027363193221390247, -0.0149913989007473, -0.01654759980738163, 0.011956808157265186, -0.01005694642663002, -0.0005329176201485097, -0.03558512032032013, -0.02379690110683441, 0.021384788677096367, 0.006672210060060024, -0.023602375760674477, -0.006257222965359688, 0.01981562003493309, 0.008967605419456959, 0.0014159803977236152, -0.020152797922492027, -0.06722786277532578, 0.001223076367750764, 0.0012814338551834226, 0.0069704819470644, -0.018661439418792725, -0.013221221044659615, -0.014161425642669201, 0.008747143670916557, -0.001679399749264121, -0.024562032893300056, -0.007113133557140827, -0.02416001446545124, 0.025858866050839424, -0.01197626069188118, 0.002387795364484191, -0.0020133345387876034, 0.0005231914110481739, 0.0007712108781561255, -0.009739222005009651, -0.029204698279500008, -0.03270614892244339, 0.012358826585114002, 0.027570687234401703, -0.027389129623770714, -0.03174649178981781, -0.0007582425023429096, 0.044922322034835815, -0.004960389342159033, 0.02194242738187313, 0.009408528916537762, 0.00806630589067936, 0.007203911896795034, -0.016871808096766472, -0.01672915555536747, -0.014018773101270199, 0.01777959242463112, 0.022175857797265053, 0.004688054323196411, -0.006944545079022646, -0.01414845697581768, -0.021890554577112198, 0.031668681651353836, -0.007755066268146038, 0.01643088459968567, 0.0016567051643505692, 0.010394123382866383, 0.03690788894891739, -0.021242137998342514, -0.0018804090796038508, 0.016404947265982628, -0.014537506736814976, -0.014070646837353706, 0.03732287883758545, -0.041239313781261444, 0.011139802634716034, 0.016962585970759392, -0.014083615504205227, 0.0042600990273058414, 0.016871808096766472, -0.019919367507100105, -0.03343237563967705, -0.026636965572834015, 0.006318822968751192, 0.015626847743988037, 0.018116768449544907, -0.030709024518728256, 0.007197427563369274, 0.026896333321928978, 0.013182315975427628, -0.0027719822246581316, 0.010167176835238934, -0.011561273597180843, 0.02020467072725296, 0.007417889311909676, -0.025443879887461662, -0.6220652461051941, 0.021306980401277542, -0.011224096640944481, -0.009265877306461334, -0.00840996764600277, 0.027648497372865677, 0.019141266122460365, 0.003686250187456608, -0.02011389285326004, -0.042069289833307266, 0.008234894834458828, -0.0037057027220726013, -0.009440950118005276, -0.003640861017629504, -0.03854190185666084, -0.01849284954369068, -0.027026016265153885, 0.01197626069188118, 0.024185949936509132, 0.02454906329512596, -0.013590818271040916, 0.014472665265202522, -0.004584307316690683, 0.024380475282669067, 0.01355191320180893, -0.0006763798883184791, 0.004166078753769398, -0.0299827978014946, 0.012235626578330994, 0.013902058824896812, 0.00114850839599967, -0.019530316814780235, 0.012540383264422417, 0.01867440715432167, 0.05617884173989296, -0.029723430052399635, 0.015471227467060089, 0.040461216121912, -0.010919340886175632, 0.028322851285338402, 0.011243549175560474, 0.010141240432858467, 0.02137182094156742, -0.021890554577112198, 0.0172349214553833, -0.010420059785246849, -0.01624932698905468, -0.004811253398656845, 0.00020972234779037535, -0.0016388737130910158, 0.022279605269432068, -0.01510811410844326, -0.03371768072247505, 0.00046118651516735554, 0.0054953331127762794, 0.01163259893655777, 0.02569027803838253, -0.021540408954024315, 0.022655686363577843, -0.018363166600465775, -0.024471253156661987, 0.018428009003400803, -0.010860983282327652, -0.009927262552082539, -0.0278819277882576, 0.024380475282669067, -0.020917929708957672, 0.014005805365741253, 0.036648523062467575, -0.03172055631875992, -0.011489947326481342, 0.022979894652962685, -0.008384030312299728, 0.004684811923652887, 0.03610385209321976, -0.013065600767731667, 0.019413601607084274, 0.028919393196702003, -0.0013827490620315075, 0.011198160238564014, 0.004188773222267628, -0.0004636180819943547, -0.019737809896469116, 0.005206787958741188, 0.011736346408724785, -0.012015164829790592, -0.008111695758998394, 0.005563416983932257, -0.020930897444486618, -0.003786754794418812, 0.008844406343996525, -0.010666457936167717, 0.0020571027416735888, -0.01777959242463112, -0.009758674539625645, 0.004256857093423605, -0.026636965572834015, 0.027544749900698662, 0.03151306137442589, 0.008682302199304104, -0.0028724868316203356, -0.014381887391209602, -0.008824953809380531, 0.007372500374913216, 0.022889116778969765, 0.022188827395439148, -0.009304782375693321, 0.0233819130808115, 0.05752754956483841, -0.025936676189303398, 0.012832170352339745, 0.002261353889480233, 0.013850185088813305, 0.005796846933662891, -0.013182315975427628, -0.011464010924100876, 0.017792560160160065, 0.01106199249625206, -0.011723377741873264, 0.008649881929159164, -0.0016591367311775684, -0.014770937152206898, 0.01624932698905468, -0.012118912301957607, 0.0025709730107337236, -0.005304050166159868, 0.008228410966694355, 0.0051938192918896675, -0.0063447593711316586, -0.009829999879002571, 0.0007363584591075778, -0.01993233524262905, 0.002105733845382929, -0.004026669077575207, 0.020995739847421646, 0.00608539255335927, -0.006143750157207251, -0.015432322397828102, 0.0070418077521026134, -0.018804090097546577, -0.013409261591732502, 0.011444558389484882, 0.015367480926215649, -0.003906711935997009, -0.0012295605847612023, -0.03789348527789116, 0.007366016041487455, 0.006892671808600426, -0.032991454005241394, -0.020904960110783577, 0.0008028211886994541, -0.04116150364279747, -0.0065230741165578365, 0.03389923647046089, -0.0007558109355159104, -0.006322064902633429, -0.028374724090099335, -0.01008936669677496, -0.045700423419475555, -0.02104761265218258, 0.022590845823287964, 0.02676665037870407, 0.0010504353558644652, -0.0050706202164292336, -0.02347269281744957, -0.012598740868270397, -0.0007262269500643015, 0.04559667780995369, -0.03695976361632347, -0.02904907800257206, 0.013629723340272903, -0.000763105635996908, -0.01615854911506176, 0.008740659803152084, -0.00547912297770381, 0.008675818331539631, -0.01509514544159174, 0.008416451513767242, -0.005913562141358852, 0.014433760195970535, 0.0035954718478024006, 0.008831438608467579, -0.008987057954072952, -0.004769106395542622, 0.02050294168293476, -0.005281355697661638, 0.00451946584507823, 0.003945617005228996, 0.004619970452040434, 0.023719090968370438, 0.023459723219275475, 0.023122547194361687, -0.01307208463549614, -0.024211887270212173, -0.00754757272079587, 0.0022905326914042234, 0.008799017407000065, -0.010212566703557968, -0.0007618898525834084, 0.040331531316041946, 0.03786754608154297, -0.006474442780017853, 0.020995739847421646, 0.002653646282851696, 0.019893430173397064, -0.005715794861316681, 0.01672915555536747, -0.005291081964969635, 0.012196722440421581, 0.01222914271056652, 0.002888697199523449, -0.006351243704557419, -0.008228410966694355, -0.002862760564312339, -0.016288232058286667, 0.04940936714410782, 0.0020716919098049402, 0.023330040276050568, -0.0032534317579120398, -0.00765131926164031, -0.008416451513767242, 0.013863153755664825, 0.0007708055782131851, -0.01661244034767151, 0.0026455409824848175, 0.003851596498861909, 0.052807074040174484, 0.012391246855258942, 0.014848747290670872, -0.0027638771571218967, -0.00712610175833106, 0.009447433985769749, 0.004759380128234625, 0.014498601667582989, -0.04598572850227356, 0.01059513259679079, 0.007716161198914051, -0.008863858878612518, 0.016301201656460762, -0.020541846752166748, -0.014446728862822056, 0.024237824603915215, 0.013603786937892437, 0.013694564811885357, 0.0010828562080860138, 0.002851413330063224, 0.0413689985871315, 0.018116768449544907, 0.018998615443706512, 0.019387666136026382, -0.02845253422856331, -0.00872120726853609, -0.025379037484526634, -0.02056778408586979, -0.005492091178894043, -0.001565926824696362, 0.014576411806046963, -0.011671504005789757, 0.004619970452040434, 0.025379037484526634, 0.01160017866641283, -0.008824953809380531, 0.015912150964140892, 0.00035946612479165196, 0.005200303625315428, -0.02116432785987854, 0.032213352620601654, 0.005732005462050438, -0.0024704684037715197, 0.0077745188027620316, -0.015691688284277916, -0.02269459143280983, -0.013966900296509266, 0.004688054323196411, 0.014330013655126095, 0.015056240372359753, -0.028245041146874428, 0.008189505897462368, 0.03542950004339218, 0.012332889251410961, -0.03174649178981781, -0.021397758275270462, 0.011626115068793297, 0.0182853564620018, 0.012268047779798508, -0.02310957759618759, 0.010270923376083374, 0.00026220359723083675, -0.015497163869440556, 0.0027460455894470215, -0.019919367507100105, 0.01462828554213047, -0.01787037029862404, -0.0019922610372304916, -0.01200868096202612, 0.004684811923652887, 0.027804117649793625, 0.0033782520331442356, -0.02902314066886902, -0.02655915729701519, -0.014706095680594444, -0.02674071304500103, -0.016482757404446602, -0.0007712108781561255, -0.01757209748029709, 0.03908657282590866, -0.019232045859098434, -0.007411405444145203, -0.01915423572063446, -0.010465448722243309, 0.012332889251410961, -0.008273799903690815, -0.00702235521748662, -0.004425445571541786, -0.0021803018171340227, -0.0005381860537454486, -0.005216514226049185, 0.004603759851306677, 0.01901158317923546, 0.014407823793590069, 0.012151332572102547, -0.03304332494735718, 0.023096609860658646, -0.01519889198243618, 0.01500436756759882, 0.010219050571322441, -0.027441004291176796, 0.021592283621430397, 0.009713285602629185, -0.0028708658646792173, -0.029515936970710754, -0.01471906341612339, 0.03623353689908981, 0.013007243163883686, -0.027933800593018532, -0.001642926363274455, 0.02248709835112095, 0.01266358233988285, 0.01100363489240408, 0.029100950807332993, 0.01652166247367859, -0.007385468576103449, -0.0036927342880517244, 0.018700342625379562, 0.012384762987494469, -0.013720502145588398, 0.0033425891306251287, 0.02377096377313137, -0.0100439777597785, -0.0241340771317482, 0.008481292985379696, 0.01864846982061863, 0.03843815252184868, -0.006976965814828873, 0.012313436716794968, -0.00350793544203043, -0.010154209099709988, 0.017429446801543236, 0.0175331924110651, 0.0076188985258340836, 0.0067694722674787045, -0.0034139149356633425, 0.022111017256975174, -0.007528120186179876, 0.02550872042775154, 0.0069250925444066525, 0.01165853627026081, -0.014226267114281654, 0.002600151812657714, -0.017701782286167145, 0.01298130676150322, 0.022759433835744858, -0.0284784696996212, -0.012002197094261646, 0.03190211206674576, -0.017974115908145905, -0.01121112797409296, -0.014965462498366833, 0.03745255991816521, 0.00872120726853609, 0.05132868140935898, -0.009265877306461334, -0.013331451453268528, 0.010608100332319736, -0.0182853564620018, -0.01729976385831833, -0.0160418339073658, -0.0021381548140197992, 0.0006719219963997602, -0.019504381343722343, 0.0006921850726939738, 0.00457133911550045, -0.022953959181904793, 0.0032907158602029085, 0.01873924769461155, -0.0018236725591123104, -0.06333736330270767, -0.005320260766893625, 0.0002403195103397593, 0.013525976799428463, -0.004130415618419647, -0.008539650589227676, -0.016054803505539894, 0.02671477571129799, -0.000675569346640259, 0.0040461216121912, -0.02710382640361786, -0.024989986792206764, 0.03449577838182449, -0.000454702356364578, 0.005777394399046898, -0.02454906329512596, -0.009979136288166046, -0.007573509588837624, -0.019050488248467445, -0.008636913262307644, 0.040331531316041946, 0.033769551664590836, 0.004169320687651634, 0.007009386550635099, 0.007521636318415403, 0.014887652359902859, 0.012871075421571732, -0.020814182236790657, 0.02185164950788021, -0.021319948136806488, -0.029723430052399635, -0.02980124019086361, -0.013966900296509266, -0.018389103934168816, -0.00860449206084013, 0.011237065307796001, -0.0005945172742940485, -0.013979868032038212, 0.0029989280737936497, -0.0350663848221302, 0.015989961102604866, -0.004752895794808865, 0.002172196516767144, 0.02305770479142666, 0.0139409638941288, 0.023913616314530373, 0.027259446680545807, -0.017351636663079262, -0.004072058014571667, -0.025015924125909805, 0.033795490860939026, 0.029490001499652863, 0.0012976443395018578, -0.005261903163045645, 0.030553404241800308, -0.04468889161944389, -0.025353100150823593, 0.005252176895737648, -0.01835019886493683, 0.02635166235268116, -0.009875389747321606, -0.029723430052399635, -0.029515936970710754, -0.008643397130072117, -0.014330013655126095, 0.023913616314530373, -0.00026179832639172673, -0.003945617005228996, -0.01796114817261696, -0.013266609981656075, -0.009356656111776829, -0.0055504487827420235, 0.028763774782419205, -0.028919393196702003, -0.011878998018801212, 0.006957513280212879, -0.024328602477908134, 0.030086545273661613, -0.009369623847305775, 0.01413548830896616, -0.024860303848981857, -0.020904960110783577, 0.012786781415343285, -0.02038622833788395, -0.012462573125958443, -0.027026016265153885, 0.018985647708177567, 0.010167176835238934, 0.011710409075021744, 0.006737051531672478, 0.0019306613830849528, 0.001919314032420516, -0.01606777124106884, 0.014576411806046963, 0.004723716992884874, 0.002147881081327796, -0.03714131936430931, 0.00603351928293705, 0.0036441029515117407, 0.016858840361237526, 0.020451068878173828, -0.02493811398744583, 0.02866002731025219, 0.016858840361237526, 0.007806939538568258, -0.019296886399388313, -0.01840207166969776, -0.03428828716278076, -0.01260522473603487, 0.008221926167607307, 0.0011452663457021117, 0.009226972237229347, -0.011840092949569225, -0.008760112337768078, 0.01858362928032875, 0.0069250925444066525, -0.01313044223934412, -0.013720502145588398, 0.008176537230610847, -0.02571621537208557, 0.014355950057506561, 0.013305515050888062, 0.0050933146849274635, -0.0023667216300964355, -0.01897267811000347, -0.024237824603915215, -0.02671477571129799, 0.009012995287775993, -0.005991372279822826, -0.013396292924880981, -0.003446335904300213, -0.0066073681227862835, -0.006348001305013895, -0.0013568124268203974, 0.024095172062516212, 0.006711115129292011, -0.006626820657402277, -0.0039974902756512165, -0.007878265343606472, -0.008682302199304104, 0.0055342381820082664, -0.016262296587228775, -0.006613852456212044, 0.01530263852328062, -0.026403537020087242, 0.02269459143280983, -0.010063430294394493, -0.025651372969150543, -0.013292546384036541, 0.004642664920538664, 0.02961968444287777, -0.042458340525627136, 0.032446783035993576, 0.03574074059724808, -0.010316313244402409, -0.024925146251916885, 0.014342982321977615, 0.014005805365741253, 0.013409261591732502, 0.025404974818229675, 0.019050488248467445, -0.016871808096766472, 3.46751075994689e-05, 0.0064063589088618755, 0.019257981330156326, -0.00888979621231556, -0.036259472370147705, 0.015315607190132141, 0.03890501335263252, 0.004921484272927046, -0.002851413330063224, -0.018116768449544907, -0.0051484303548932076, 0.016806965693831444, -0.011392684653401375, -0.008273799903690815, 0.006775956600904465, -0.027441004291176796, -0.022162890061736107, 0.01654759980738163, -0.03729693964123726, 0.022136952728033066, -0.005894109606742859, -0.002105733845382929, -0.03192804753780365, 0.0032842315267771482, -0.023420818150043488, 0.0278819277882576, 0.008150600828230381, 0.008520198054611683, -0.05353330075740814, 0.004924726206809282, -0.007152038626372814, 0.0034528200048953295, 0.00860449206084013, -0.004123931750655174, -0.001137161161750555, 0.023252230137586594, -0.007716161198914051, -0.020840119570493698, -0.0008518577087670565, -0.018337229266762733, 0.030449658632278442, 0.00010526643018238246, -0.009855937212705612, -0.013863153755664825, -0.002653646282851696, -0.0170922689139843, 0.00750218378379941, 0.031824301928281784, -0.008578555658459663, 0.010763720609247684, 0.004808011464774609, -0.03099432773888111, -0.030709024518728256, -0.017818495631217957, 0.013279578648507595, 0.06852469593286514, -0.006821346003562212, -0.012378279119729996, -0.0036797658540308475, 0.013992836698889732, -0.010705363005399704, -0.0080209169536829, 0.019050488248467445, 0.003608440048992634, -0.026585092768073082, 0.018959710374474525, -0.03662258759140968, -0.0023699637968093157, -0.008189505897462368, 0.025171544402837753, 0.0006581431371159852, -0.02331707254052162, 0.030138418078422546, -0.009525244124233723, -0.017196016386151314, 0.015691688284277916, -0.002690930152311921, 0.008448872715234756, 0.005741731729358435, -0.005654195323586464, 0.0013843701453879476, -0.0032550529576838017, -0.007690224330872297, -0.011846576817333698, -0.03924218937754631, -0.00449677137658, -0.026870395988225937, 0.0023926582653075457, 0.012909980490803719, -0.011399169452488422, 0.006866734940558672, 0.013577849604189396, -0.007281722035259008, -0.007132586091756821, -0.03389923647046089, -0.008215442299842834, -0.032809894531965256, 0.00014771748101338744, -0.00750218378379941, -0.005884383339434862, 0.01636604219675064, -0.025080766528844833, -0.006853766739368439, 0.017818495631217957, 7.421333975798916e-06, -0.0026455409824848175, -0.008435904048383236, 0.017312731593847275, 0.014485633932054043, 0.033743616193532944, -0.00406881608068943, -0.002047376474365592, 0.003961827140301466, 0.011392684653401375, -0.018933773040771484, -0.003193453187122941, -0.013746438547968864, 0.0292306337505579, 0.01702742837369442, 0.012734907679259777, -0.008857375010848045, -0.007677256129682064, -0.004726959392428398, 0.012151332572102547, 0.003699218388646841, 0.0025190997403115034, 0.012637645937502384, 0.008228410966694355, -0.026611030101776123, 0.00502847321331501, -0.002579078311100602, 0.01873924769461155, -0.03060527704656124, -0.004250372759997845, -0.011613146401941776, -0.0006694904295727611, -0.0015586321242153645, -0.003955343272536993, -0.043729234486818314, -0.00403963727876544, -0.009363139979541302, -0.012190237641334534, -0.020282480865716934, 0.03135744109749794, 0.010219050571322441, -0.012462573125958443, 0.007236332632601261, 0.02523638680577278, -0.027778180316090584, -0.022331478074193, 0.015821373090147972, 0.004078542347997427, -0.018985647708177567, -0.010737784206867218, 0.0021867859177291393, -0.013136926107108593, 0.02292802184820175, 0.030138418078422546, -0.022759433835744858, 0.004425445571541786, -0.015121081843972206, -0.0036830080207437277, -0.008085758425295353, -0.021929459646344185, 0.01777959242463112, 0.021060580387711525, 0.0020149555057287216, 0.04232865571975708, 0.004940936807543039, -0.009136194363236427, -0.0111657390370965, -0.01200868096202612, -0.016716187819838524, -0.010316313244402409, 0.02167009375989437, -0.03226522356271744, 0.004675085656344891, 0.00755405705422163, 0.0049928100779652596, -0.04601166397333145, -0.013837216421961784, -0.015380448661744595, -0.0037154287565499544, -0.07070337980985641, 0.01930985599756241, 0.0017572097713127732, -0.009252909570932388, 0.025223417207598686, -0.006555494852364063, 0.026364631950855255, 0.006082150619477034, -0.02530122734606266, 0.006691662594676018, -0.01969890482723713, 0.0035209038760513067, 0.01675509288907051, -0.00401045847684145, 0.015276702120900154, -0.0055342381820082664, 0.009888357482850552, 0.00653604231774807, 0.0175331924110651, 0.18114174902439117, -0.023161452263593674, -0.008747143670916557, 0.0374784953892231, -0.0051873354241251945, 0.02509373426437378, 0.04074651747941971, 0.0056120483204722404, -0.020515911281108856, 0.04409234970808029, 0.01835019886493683, -0.030657151713967323, -0.016495727002620697, 0.012793265283107758, 0.025197481736540794, -0.007748581934720278, -0.0341845378279686, -0.03231709823012352, -0.008273799903690815, -0.03638915717601776, 0.01741647720336914, -0.022824274376034737, 0.01798708550632, -0.012968338094651699, 0.04365142434835434, -0.02071043662726879, 4.505357537709642e-06, -0.0026196043472737074, 0.034521717578172684, 0.018778152763843536, -0.0292306337505579, 0.013162863440811634, 0.006743535865098238, -0.0026828248519450426, -0.020580751821398735, 0.009311267174780369, -0.021151360124349594, -0.010193114168941975, 0.013409261591732502, 0.015899183228611946, 0.021981332451105118, 0.01313044223934412, 0.016379011794924736, 0.008176537230610847, 0.0018090831581503153, 0.05104338005185127, 0.0035403564106673002, -0.025703245773911476, 0.007891234010457993, -0.007171491160988808, -0.02575511857867241, -0.00401694281026721, -0.006989934016019106, 0.009226972237229347, 0.016690250486135483, 0.02511967159807682, -0.0063674538396298885, 0.014407823793590069, -0.010549742728471756, 0.00706774415448308, -0.01741647720336914, -0.0036894921213388443, -0.005485606845468283, 0.01780552789568901, 0.014913588762283325, 0.011444558389484882, -0.01403174176812172, -0.0053105344995856285, -0.015134050510823727, -0.01819457858800888, 0.011282454244792461, -0.025340132415294647, -0.01783146522939205, -0.012352341786026955, -0.0017701782053336501, -0.022590845823287964, 0.02710382640361786, 0.024198919534683228, 0.016236359253525734, 0.017351636663079262, -0.012047586031258106, 0.0003029322833754122, -0.010783173143863678, 0.013098021037876606, -0.0032404635567218065, -0.029956860467791557, 0.002966507337987423, -0.007294690236449242, -0.005884383339434862, -0.025171544402837753, -0.005177609156817198, -0.021410726010799408, -0.018207546323537827, -0.0007055586320348084, 0.01169095654040575, 0.003874290967360139, 0.02086605690419674, 0.01942657120525837, -0.015419353730976582, -0.0152118606492877, -0.015263734385371208, 0.05887625366449356, 0.041680239140987396, 0.007923654280602932, -0.008643397130072117, 0.008461840450763702, 0.005417523439973593, 0.010335765779018402, -0.00014589380589313805, -0.0032696423586457968, -0.0022791854571551085, -0.011768766678869724, 0.004448140040040016, -0.017183048650622368, -0.008974090218544006, 0.005365649703890085, 0.0033912204671651125, 0.008040369488298893, 0.010381154716014862, -0.015043272636830807, 0.017520224675536156, -0.02358940616250038, 0.017364604398608208, 0.00025936675956472754, 0.011198160238564014, -0.01892080530524254, -0.03192804753780365, 0.010381154716014862, 0.0018236725591123104, -0.014057678170502186, -0.011626115068793297, -0.03719319403171539, 0.01212539616972208, 0.0010301723377779126, -0.004104479216039181, -0.009220488369464874, -0.0025742151774466038, 0.01691071316599846, 0.0011955186491832137, -0.003293957794085145, -0.01576949842274189, -0.008967605419456959, 0.010024525225162506, 0.022448193281888962, 0.0008364578243345022, -0.020632626488804817, 0.017935210838913918, -0.0065198321826756, -0.03483295440673828, -0.01912829838693142, -0.013915026560425758, 0.019089393317699432, 0.004153110086917877, -0.01500436756759882, 0.0024445317685604095, -0.0056120483204722404, -0.012793265283107758, -0.022707559168338776, 0.006756504066288471, -0.018090831115841866, -0.018726279959082603, -0.007028839085251093, 0.007917170412838459, 0.01729976385831833, -0.008027401752769947, 0.016119644045829773, -0.160703644156456, 0.007819907739758492, -0.017312731593847275, -0.03195398673415184, 0.01202164962887764, -0.014861715026199818, 0.020762309432029724, 0.00325667392462492, -0.014485633932054043, -0.018544724211096764, 0.007768034469336271, -0.027570687234401703, -0.027000080794095993, -0.022798338904976845, -0.005430491641163826, -0.011425105854868889, -0.007145554292947054, -0.009356656111776829, 0.031824301928281784, 0.014187362045049667, 0.015458258800208569, -0.041446808725595474, 0.023693153634667397, -0.0003175216552335769, -0.004811253398656845, -0.010199598036706448, 0.003926164470613003, 0.02134588360786438, 0.006704630795866251, -0.016327137127518654, -0.003932648338377476, -0.004425445571541786, 0.031642746180295944, -0.0026990354526787996, 0.0022013753186911345, 0.01744241453707218, -0.022707559168338776, -0.01969890482723713, -0.007729129400104284, 0.016106676310300827, -0.0036894921213388443, 0.029671557247638702, 0.019024552777409554, 0.025080766528844833, -0.02569027803838253, 0.05023934319615364, 0.015730593353509903, -0.014161425642669201, -0.01100363489240408, -0.024147044867277145, 0.0005860067903995514, -0.003182105952873826, 0.006286401767283678, -0.011989228427410126, -0.015730593353509903, 0.016054803505539894, -0.002579078311100602, 0.014680158346891403, 0.00025085630477406085, -0.0016826419159770012, -0.002830339828506112, -0.027804117649793625, 0.013992836698889732, 0.01864846982061863, 0.010121787898242474, -0.00598164601251483, 0.024263760074973106, -0.0003402162401471287, -0.030345911160111427, 0.010128271766006947, -0.0026812038850039244, -0.01960812695324421, 0.003096190746873617, -0.007145554292947054, 0.004373571835458279, 0.02902314066886902, -0.021812744438648224, -0.0030086543411016464, -0.039138443768024445, -0.00026828248519450426, -0.03602604195475578, 0.016884775832295418, -0.02116432785987854, -0.015172955580055714, -0.025547625496983528, 0.021306980401277542, -0.004736685659736395, -0.01152885239571333, 0.02461390569806099, 0.000511844118591398, 0.016054803505539894, -0.044533271342515945, 0.009732738137245178, -0.006218317896127701, -0.002371584763750434, 0.020632626488804817, -0.0010577300563454628, -0.006182655226439238, 0.006996418349444866, -0.025832928717136383, 0.0030102755408734083, 0.001376264845021069, 0.0013657280942425132, -0.003851596498861909, 0.01202164962887764, 0.01126948557794094, 0.00504468334838748, -0.012475540861487389, 0.017494287341833115, -0.01942657120525837, 0.010238503105938435, 0.013927995227277279, -0.003991005942225456, -0.011606662534177303, -0.009317751042544842, 0.013279578648507595, 0.014563444070518017, 0.014278139919042587, 0.032420843839645386, 0.004273067228496075, 0.07438638806343079, -0.010848014615476131, 0.015562005341053009, 0.0021543651819229126, -0.007223364431411028, -0.03249865397810936, -0.10442105680704117, -0.03498857468366623, 0.006156718358397484, 0.007819907739758492, -0.016288232058286667, -0.007132586091756821, 0.001214160700328648, 0.008954637683928013, 0.016262296587228775, 0.014330013655126095, -0.026636965572834015, -0.03190211206674576, -0.0007926896796561778, -0.021683061495423317, 0.021903522312641144, 0.004908516071736813, 0.025197481736540794, -0.03384736180305481, -0.02731131948530674, 0.03021622821688652, -0.005566658917814493, 0.003446335904300213, 0.005252176895737648, -0.025923708453774452, -0.055296994745731354, -0.016923680901527405, -0.00759944599121809, 0.017351636663079262, 0.003864564700052142, 0.005245692562311888, -0.019232045859098434, 0.002421837067231536, 0.027181636542081833, -0.002259732922539115, 0.026118233799934387, 0.021657124161720276, -0.009713285602629185, -0.008111695758998394, 0.0230836421251297, -0.007184459362179041, -0.0007371689425781369, 0.01222914271056652, 0.01606777124106884, 0.010491385124623775, 0.016884775832295418, -0.020736372098326683, -0.012657097540795803, -0.01691071316599846, -0.013020211830735207, 0.0034139149356633425, -0.010264439508318901, -0.013383325189352036, -0.0068407985381782055, -0.025080766528844833, 0.016054803505539894, -0.013927995227277279, 0.0023148483596742153, -0.0011331085115671158, -0.022331478074193, -0.010873951949179173, 0.0015570110408589244, -0.0020003661047667265, -0.01211242750287056, 0.026688840240240097, 0.03900876268744469, -0.001592674059793353, -0.030553404241800308, -0.03488482907414436, 0.016002928838133812, -0.022279605269432068, -0.021203232929110527, 0.016054803505539894, 0.0011039298260584474, 0.017546162009239197, -0.023368945345282555, 0.017286794260144234, -0.0020571027416735888, 0.003864564700052142, -0.009012995287775993, -0.022616781294345856, -0.020438101142644882, -0.005466154310852289, -0.016171516850590706, -0.008461840450763702, 0.020243575796484947, 0.005923288408666849, 0.0016404947964474559, -0.01323418878018856, 0.01897267811000347, -0.005336470901966095, -0.005939499009400606, 0.020074987784028053, 0.00860449206084013, 0.003841870231553912, -0.013707533478736877, 0.016599472612142563, 0.002313227392733097, -0.015808403491973877, 0.03345831111073494, 0.02904907800257206, 0.00555369071662426, -0.021955396980047226, -0.03421047702431679, 0.005543964449316263, 0.005848720669746399, 0.017260858789086342, 0.015756530687212944, 0.02845253422856331, 0.007216880097985268, 0.0016194211784750223, -0.022370383143424988, 0.005735247395932674, -0.014822810888290405, 0.011237065307796001, -0.0007440584013238549, -0.010647005401551723, -0.031020265072584152, -0.022979894652962685, 0.024445317685604095, -0.002700656419619918, 0.017559129744768143, 0.016768060624599457, 0.01530263852328062, 0.016599472612142563, -0.011392684653401375, 0.03600010648369789, -0.005443459842354059, -0.024289697408676147, -0.000575064739678055, 0.023965489119291306, 0.013500040397047997, -0.006250739097595215, 0.014783905819058418, -0.025197481736540794, 0.004921484272927046, 0.0037932388950139284, -0.014394855126738548, -0.004940936807543039, 0.019296886399388313, 0.013577849604189396, 0.03382142633199692, 0.05980997532606125, -0.015639815479516983, -0.014861715026199818, 0.018038958311080933, -0.03944968432188034, 0.003939132671803236, -0.00957711786031723, -0.04541511833667755, -0.0022808064240962267, 0.00651334784924984, -0.012689518742263317, 0.03706350922584534, -0.002856276463717222, 0.03659664839506149, -0.007917170412838459, -0.0032696423586457968, -0.0028481711633503437, 0.008260831236839294, -0.010225534439086914, 0.013292546384036541, -0.016871808096766472, 0.025858866050839424, 0.012099459767341614, -0.007969044148921967, -0.0070418077521026134, -0.0111657390370965, -0.022085079923272133, -0.019984209910035133, -0.005252176895737648, -0.004354119300842285, -0.027415066957473755, -0.007625382859259844, 0.0389828234910965, 0.019569221884012222, 0.007177975028753281, 0.03366580605506897, 0.001135540078394115, -0.020438101142644882, -0.01211242750287056, -0.012507962062954903, 0.004723716992884874, 0.023991424590349197, 0.009914294816553593, -0.021060580387711525, 0.02365424856543541, 0.035118259489536285, 0.020645594224333763, -0.004153110086917877, -0.0023148483596742153, 0.008474809117615223, -0.01254686713218689, 0.02317441999912262, -0.0014362434158101678, 0.004931210540235043, 0.009823516011238098, -0.014498601667582989, 0.016469789668917656, 0.006782440934330225, 0.009317751042544842, 0.0139409638941288, 0.02431563474237919, 0.011995712295174599, 0.0015716004418209195, -0.010082882829010487, -0.017948180437088013, -0.01314341090619564, 0.024030329659581184, -0.012384762987494469, -0.022850211709737778, 0.005890867672860622, 0.027544749900698662, 0.0002853034238796681, 0.010718331672251225, 0.014550475403666496, 0.017740687355399132, -0.024419380351901054, 0.0039358907379209995, -0.014861715026199818, -9.250072616850957e-05, -0.011567757464945316, 0.007521636318415403, 0.008915732614696026, -0.005738489795476198, 0.01684587076306343, 0.004188773222267628, 0.02239632047712803, -0.0025158575735986233, 0.0506543293595314, -0.04829408973455429, -0.0019452506676316261, 0.00010435459262225777, 0.002679582918062806, 0.00029442179948091507, -0.036830078810453415, -0.0021154601126909256, 0.004253614693880081, -0.0263775996863842, 0.013681597076356411, 0.004483802709728479, 0.004885821603238583, 0.09191957861185074, 0.005962193477898836, -0.00798849668353796, -0.018233483657240868, 0.005469396710395813, -0.014265172183513641, 0.01126948557794094, -0.0023537534289062023, -0.004652391187846661, 0.009233457036316395, 0.009628990665078163, -0.005887625273317099, 0.030164353549480438, -0.021242137998342514, -0.02479546330869198, 0.02200726978480816, -0.012222658842802048, 0.022357415407896042, -0.0014370540156960487, -0.002575836144387722, 0.028426596894860268, -0.03695976361632347, 0.01888190023601055, 0.00613726582378149, -0.03099432773888111, 0.006101603154093027, 0.017740687355399132, -0.002841687062755227, -0.02080121450126171, -0.027389129623770714, 0.00866284966468811, -0.0017588308546692133, -0.013525976799428463, -0.016171516850590706, 0.031461186707019806, -0.0317724272608757, -0.005732005462050438, -0.014394855126738548, 0.006652757525444031, 0.015315607190132141, 0.003864564700052142, 0.020515911281108856, -0.016832903027534485, -0.016949618235230446, -0.01879112236201763, -0.006442022044211626, 0.003446335904300213, -0.013104505836963654, -0.017546162009239197]"
"Recordaremos que el lenguaje es el proceso responsable de la integración y emisión de los mensajes lingüísticos, que involucra a la capacidad de emitir las palabras en un determinado tiempo (fluencia), comprender y entender (comprensión), repetir lo escuchado o leído (repetición), denominar los objetos según sus características (denominación), leer un párrafo (lectura) y escribir una sentencia o una oración (escritura). Ejemplos de la alteración de la fluencia de palabras: El Gral. SRC se muestra en todo momento muy ""hablador'', su esposa dice que puede decir alrededor de 100 palabras por minuto, y que siempre quiere ser el centro de la atención, interrumpe las conversaciones de otros y opina de todos los temas; algunas veces con incoherencias. Ella dice, que ""habla hasta por los codos"". Cuando lo entrevisto, antes de preguntarle su edad, él ya me está contando los antecedentes de su enfermedad, y cuántos profesionales lo han evaluado. Es lo que llamamos un incremento de la fluencia. Ejemplos de la alteración de la comprensión de órdenes: La Sra. MCL es capaz de entender órdenes simples, pues realiza correctamente la orden: señale la puerta, o cierre los ojos; sin embargo, tiene problemas cuando le pido: con dos dedos de su mano derecha toque su oreja izquierda; o toque el escritorio, luego de señalar el techo. Ejemplos de la alteración de la repetición: La Sra. ARE repite con facilidad letras, sílabas, palabras de uso frecuente y frases cortas simples (""el niño jugaba con su bicicleta"", ""Mi hermano regresó a casa""); pero no puede repetir ""treinta gatos grises se comieron todos los quesos"", o ""Cada persona tiene un color de pelo distinto"", o ""No existen muchas cosas que no se puedan tocar''. Ejemplos de la alteración de la denominación: El Sr. GRE refiere que con frecuencia tiene problemas para encontrar algunas palabras durante las conversaciones cotidianas, él refiere que la palabra ""la tiene en la punta de la lengua"", pero no la puede emitir; y luego de algunas horas o días, logra recordarla. Cuando pido que describe la lámina de la señora en la cocina, tiene algunas dificultades para denominar con corrección la palabra ""grifo"", ""frasco"" y ""lavadero"". Cuando le muestro unas láminas con dibujos simples (lápiz, serrucho, tijeras, martillo, árbol, cama, helicóptero, pulpo, caracol y esfinge), falló para nombrar correctamente 5 de 10 dibujos.","[-0.021221203729510307, 0.019061807543039322, 0.028123557567596436, -0.01478157751262188, -0.0020212200470268726, 0.0017271951073780656, -0.012056625448167324, 0.0040103062056005, -0.004498740658164024, -0.023393452167510986, 0.006192195229232311, 0.03619558364152908, -0.001552868983708322, 0.019061807543039322, -0.010000058449804783, 0.008451205678284168, 0.025360044091939926, 0.005424195900559425, 0.011491069570183754, -0.025771358981728554, -0.011703153140842915, 0.013444808311760426, 0.006619575899094343, -0.004036013036966324, -0.03663260489702225, -0.006262890063226223, 0.013457661494612694, -0.019447414204478264, -0.0022509770933538675, -0.009511623531579971, 0.017403699457645416, 0.015064354985952377, -0.013341980054974556, 0.0016709609190002084, -0.02525721676647663, -0.030797094106674194, -0.012172307819128036, -0.01964021660387516, -0.008406219072639942, -0.016568219289183617, 0.02312352880835533, 0.020591380074620247, 0.007152997888624668, -0.011041195131838322, -0.004180615767836571, 0.03303361311554909, -0.02407469041645527, -0.00793706439435482, -0.03349633887410164, 0.009145297110080719, 0.010507773607969284, 0.025514287874102592, -0.031465478241443634, -0.012281562201678753, 0.0027570854872465134, 0.0077828215435147285, 0.004865067079663277, 0.019704485312104225, 0.010976927354931831, -0.02922896109521389, -0.010983354412019253, -0.007467909716069698, -0.0050064558163285255, 0.008766117505729198, -0.0060829403810203075, 0.008849665522575378, 0.01951168105006218, -0.0022895378060638905, 0.013457661494612694, 0.013740439899265766, 0.016568219289183617, -0.004077787045389414, 0.008798251859843731, -0.004148481879383326, 0.032776542007923126, 0.01746796816587448, 0.017699331045150757, -0.013303419575095177, 0.007615725509822369, 0.019614510238170624, 0.015128622762858868, -0.02717239409685135, -0.002638190286234021, 0.032185278832912445, 0.0195630956441164, 0.005465969908982515, 0.018239181488752365, 0.002228483324870467, -0.014267435297369957, -0.010192861780524254, -0.014743016101419926, 0.011343253776431084, 0.01809779182076454, 0.018354862928390503, -0.005292447283864021, 0.012480792589485645, -0.002469487488269806, 0.0014082666020840406, -0.0003219411300960928, -0.029203254729509354, -0.033650580793619156, -0.004820079542696476, -0.04192826524376869, 0.002461453899741173, -0.015681324526667595, 0.003370842197909951, 0.021876733750104904, 0.00904889591038227, -0.0029145414009690285, -0.030462902039289474, -0.029717396944761276, 0.010520626790821552, -0.0017561155837029219, -0.020115798339247704, 0.011516776867210865, 0.013200591318309307, 0.019151782616972923, -0.015797007828950882, -0.00747433677315712, -0.04102851822972298, 0.014023218303918839, 0.001323915203101933, 0.0057326811365783215, -0.026863910257816315, 0.027480879798531532, -0.006799525581300259, 0.017236603423953056, 0.0036118461284786463, -0.0519283227622509, 0.007255826145410538, -0.01904895342886448, 0.020257188007235527, 0.016735315322875977, 0.0032680139411240816, 0.003994239028543234, 0.014665895141661167, -0.006054020021110773, 0.022763628512620926, -0.0015633124858140945, -0.005051443353295326, 0.016234027221798897, 0.00034945577499456704, -0.02160681039094925, -0.01917748898267746, 0.015565643087029457, 0.03182537853717804, 0.020861303433775902, 0.018817590549588203, 0.006217902526259422, 0.00235059205442667, 0.02316208928823471, -0.003097704378888011, -0.003965318668633699, -0.006915207486599684, 0.021414006128907204, 0.008868946693837643, 0.016349710524082184, 0.019421707838773727, -0.011728860437870026, 0.010083606466650963, 0.013367687352001667, -0.004926121328026056, 0.028072142973542213, 0.00814914796501398, 0.01964021660387516, 0.024845903739333153, -0.004395912401378155, -0.010713430121541023, 0.020925572142004967, -0.0073265209794044495, -0.02344486676156521, 0.028200678527355194, -0.015398547053337097, 0.02722380869090557, 0.013868975453078747, -0.0006125517538748682, 0.012994933873414993, 0.0051317778415977955, -0.023046405985951424, -0.02433176152408123, -0.021966708824038506, 0.013868975453078747, 0.016491098329424858, 0.010591321624815464, -0.03922902047634125, -0.00013305427273735404, 0.013868975453078747, -0.012082332745194435, 0.016812438145279884, 0.002808499615639448, -0.003276047296822071, 0.03228810429573059, 0.046966854482889175, -0.021221203729510307, -0.6428829431533813, -0.005947978235781193, 0.021156935021281242, 0.00526673998683691, 0.007005182094871998, 0.03123411536216736, -0.010090033523738384, -0.001955345505848527, 0.0037178879138082266, -0.04046295955777168, 0.00992293655872345, 0.0016500739147886634, -0.013843268156051636, 0.0019328518537804484, -0.02399756945669651, -0.016349710524082184, -0.011214718222618103, -0.006478186696767807, -0.003460817039012909, 0.00915172416716814, -0.0028695540968328714, 0.00955018401145935, -0.00016769859939813614, 0.024280346930027008, -0.010231422260403633, 0.002222056733444333, 0.02735234424471855, -0.020449990406632423, 0.004048866685479879, -0.008489767089486122, -0.03527012839913368, -0.02789219282567501, 0.0023955795913934708, 0.004810439422726631, 0.050025999546051025, 0.005919057410210371, -0.010662015527486801, 0.011259705759584904, -0.006462119985371828, 0.022557971999049187, 0.010276409797370434, 0.012172307819128036, -0.0088560925796628, -0.016221174970269203, 0.021156935021281242, -0.0037146746180951595, 0.023303477093577385, -0.0038367833476513624, -0.007178705185651779, 0.0034672438632696867, 0.008611875586211681, -0.014113192446529865, -0.011600324884057045, 0.012712156400084496, 0.0008282503113150597, 0.018239181488752365, 0.03668401762843132, -0.02579706534743309, 0.0023666589986532927, -0.012859972193837166, 0.00764143280684948, 0.0040103062056005, -0.008618301711976528, -0.02073276787996292, -0.025938455015420914, 0.02935749664902687, -0.022223779931664467, 0.004463393706828356, 0.026735374704003334, -0.00856046099215746, -0.02110552228987217, 0.011278985999524593, -0.016761023551225662, 0.011696726083755493, 0.014858698472380638, -0.012011637911200523, 0.006780245341360569, 0.015167183242738247, 0.012673595920205116, 0.008528327569365501, -0.00782780908048153, -0.0073265209794044495, -0.034987349063158035, 0.004971108864992857, 0.02822638489305973, -0.012885679490864277, -0.013039921410381794, 0.011735286563634872, -0.0031410851515829563, 0.015694178640842438, 0.009081029333174229, 0.019460268318653107, -0.015025794506072998, -0.019241757690906525, -0.016144052147865295, 0.006433199625462294, -0.005356715060770512, 0.005154271610081196, 0.051285646855831146, 0.0006567358504980803, 0.018624786287546158, -0.0335734598338604, 0.006561734713613987, 0.00872755702584982, 0.028663406148552895, 0.02379191294312477, -0.034061893820762634, 0.028971891850233078, 0.021709637716412544, -0.0072172656655311584, 0.011484642513096333, -0.010694149881601334, 0.005858003161847591, -0.020707061514258385, -0.021131228655576706, -0.016606779769062996, 0.014164607040584087, 0.023470573127269745, 0.012532206252217293, -0.023059260100126266, -0.0036343398969620466, -0.007493617013096809, 0.008907507173717022, -0.024280346930027008, 0.013997511006891727, 0.002724951598793268, -0.01645253784954548, 0.012082332745194435, 0.02520580217242241, -0.012268709018826485, 0.01793069578707218, -0.019228903576731682, 0.012101612985134125, -0.011375387199223042, 0.030411487445235252, -0.005449903197586536, 0.033779118210077286, 0.003460817039012909, 0.007056596223264933, -0.034396085888147354, -0.017904989421367645, -0.005745534785091877, 0.003660046961158514, -0.013868975453078747, -0.005122137721627951, -0.030334366485476494, -0.023264916613698006, -0.011291839182376862, -0.006304664071649313, 0.0004691544163506478, -0.0002767528931144625, -0.04814938083291054, -0.01943456009030342, 0.025527140125632286, -0.001466910820454359, 0.006311090663075447, -0.020719915628433228, -0.01574559323489666, -0.039640333503484726, -0.017275165766477585, -0.002937035169452429, 0.012911385856568813, 0.0042320298962295055, 0.004977535456418991, -0.014871551655232906, -0.013894682750105858, 0.013380540534853935, 0.010964074172079563, -0.02442173659801483, -0.02802072837948799, 0.01524430513381958, 0.01591268926858902, 0.004839359782636166, 0.0015986596699804068, 0.0195630956441164, 0.012114466167986393, -0.007197985425591469, 0.008361231535673141, 0.028791941702365875, -0.004990389104932547, -0.012056625448167324, 0.012487219646573067, -0.020205773413181305, -0.0025787425693124533, -0.001987479394301772, -0.006047592964023352, 0.0027619055472314358, 0.005106071010231972, -0.006214688997715712, 0.019318878650665283, 0.018200621008872986, 0.022969285026192665, -0.022519411519169807, -0.0017962829442694783, -0.009453782811760902, 0.005109284073114395, -0.003917118068784475, -0.028920477256178856, -0.022223779931664467, 0.01791784167289734, 0.02570709027349949, -0.002957922173663974, -0.0061407811008393764, -0.0002566692419350147, 0.0088560925796628, -0.015681324526667595, 0.0032085662242025137, -0.010443505831062794, 0.03928043320775032, -0.0010507773840799928, 0.00411313446238637, -0.0066581363789737225, 1.2784507816832047e-05, -0.0054756104946136475, -0.01800781674683094, 0.018907565623521805, 0.0022397302091121674, 0.016593927517533302, -0.022750774398446083, 0.002246157033368945, -0.026941031217575073, 0.016195466741919518, 0.021131228655576706, -0.012243001721799374, -0.02730092965066433, 0.020835597068071365, -0.0021288683637976646, 0.004161335062235594, -0.009183858521282673, -0.010257129557430744, 0.006137568037956953, -0.010713430121541023, 0.023174941539764404, 0.0034383232705295086, -0.013065628707408905, 0.04560437798500061, 0.007718553766608238, 0.0031459052115678787, 0.029177548363804817, -0.00492933439090848, 0.005514170974493027, 0.021722491830587387, 0.005353501532226801, -0.015270011499524117, 0.04326503351330757, -0.005276380572468042, 0.030411487445235252, 0.006513534113764763, -0.009453782811760902, 0.005424195900559425, 0.0008378904894925654, -0.00858616828918457, -0.02312352880835533, -0.03470457345247269, -0.012127320282161236, -0.007679993286728859, 0.028380628675222397, -0.003650406841188669, -0.0008009365410543978, 0.020115798339247704, 0.0034833108074963093, 0.004733317997306585, 0.02496158517897129, 0.008200561627745628, -0.007467909716069698, 0.00011939738760702312, 0.003198926104232669, -0.022005269303917885, -0.008843239396810532, 0.0006503090844489634, -0.02273792214691639, -0.02018006704747677, 0.004961468279361725, -0.010443505831062794, 0.017647918313741684, 0.01674816943705082, -0.02487161010503769, -0.0012861578725278378, 0.007268679793924093, 0.03650406748056412, -0.0005675643333233893, -0.00787279661744833, 0.027378050610423088, 0.023521987721323967, -0.0023280982859432697, -0.018817590549588203, -0.013200591318309307, 0.02047569677233696, -0.019961556419730186, 0.002888834336772561, -0.014614480547606945, 0.013136323541402817, 0.0039235446602106094, 0.013117043301463127, 0.01084839180111885, 0.03095133788883686, 0.012050198391079903, 0.015205743722617626, -0.035707149654626846, -0.021349739283323288, -0.012763570062816143, -0.002702457830309868, -0.02424178645014763, -0.007467909716069698, 0.033650580793619156, 0.011574617587029934, -0.027326637879014015, -0.010424225591123104, -0.002598022809252143, -0.00028157298220321536, 0.0033226413652300835, -0.0015657225158065557, -0.018226327374577522, 0.0028133196756243706, 0.03673543408513069, 0.00850262027233839, -0.008303389884531498, 0.01713377609848976, 0.02889476902782917, 0.007358654867857695, -0.009935790672898293, -0.020167212933301926, 0.029948759824037552, 0.004389485809952021, 0.015372839756309986, 0.006587442010641098, -0.017956402152776718, 0.012802131474018097, -6.958989979466423e-05, -0.007236545905470848, -0.037712302058935165, -0.010334250517189503, 0.017365138977766037, -0.0072429729625582695, -0.018689054995775223, 0.011028341948986053, 0.038252152502536774, 0.012512926012277603, 0.0002564683964010328, 0.022223779931664467, 8.821749361231923e-05, -0.03028295189142227, -0.009877949953079224, 0.006953767966479063, 0.0037146746180951595, -0.025912746787071228, 0.015964103862643242, 0.006908780429512262, -0.022596532478928566, -0.017699331045150757, 0.028174972161650658, -0.0073265209794044495, 0.0193831454962492, -0.04282801225781441, -0.0032053529284894466, 0.011973077431321144, 0.014588774181902409, 0.01093193981796503, 0.008894653059542179, 0.019948702305555344, 0.03174825757741928, -0.02642688900232315, 0.016555367037653923, -0.012506499886512756, 0.011208291165530682, 0.003002909477800131, 0.010790551081299782, -0.016928119584918022, 0.00493254791945219, 0.004935761447995901, -0.002008366398513317, 0.03958892077207565, -0.021259764209389687, -0.02408754453063011, 0.007429349236190319, -0.03136264905333519, -0.021465420722961426, -0.022545117884874344, 0.019794460386037827, 0.013997511006891727, 0.043367862701416016, 0.015141475945711136, -0.018367717042565346, -0.005321367643773556, -0.004675477277487516, -0.01471730973571539, -0.007628579158335924, -0.023020699620246887, -0.022750774398446083, 0.012660741806030273, 0.007275106851011515, 0.03308502584695816, -0.023676229640841484, 0.0028245665598660707, -0.007596445269882679, -0.030719973146915436, -0.05226251482963562, -0.007821382023394108, 0.0006201835349202156, 0.015437107533216476, 0.020244333893060684, -0.010192861780524254, -0.0020067598670721054, 0.0037982226349413395, -0.009807255119085312, 0.003293721005320549, 0.01620832085609436, -0.023817619308829308, 0.007268679793924093, -0.011323973536491394, -0.006372144911438227, -0.012011637911200523, -0.015090062282979488, -0.012018064968287945, -0.020964132621884346, -0.020462844520807266, -0.0037178879138082266, 0.021041253581643105, -0.012268709018826485, 0.02750658616423607, 0.007930637337267399, 0.020848451182246208, 0.0159512497484684, -0.03233952075242996, -0.012352257035672665, -0.03681255504488945, -0.014588774181902409, -0.02822638489305973, 0.003386909142136574, -0.020372869446873665, -0.005777668673545122, 0.014922966249287128, -0.02114408276975155, 0.0013946096878498793, 0.010045045986771584, -0.018689054995775223, 0.024845903739333153, 0.02278933674097061, -0.004167762119323015, 0.014845844358205795, 0.0003936398134101182, 0.0185476653277874, 0.033187855035066605, -0.03203103318810463, 0.002553035505115986, -0.03827785700559616, 0.031799670308828354, 0.02440888248383999, -0.007467909716069698, 0.016722463071346283, 0.020025823265314102, -0.011028341948986053, -0.002204383024945855, 0.005260313395410776, 0.012930667027831078, 0.047172512859106064, -0.007320093922317028, 0.0008523507276549935, -0.024486003443598747, 0.00426095025613904, -0.01494867354631424, 0.0038464234676212072, -0.025694236159324646, 0.004424832761287689, -0.0020951279439032078, -0.006246822886168957, -0.00388498418033123, -0.01934458501636982, 0.012108040042221546, -0.026156963780522346, -0.005375995300710201, 0.034318964928388596, -0.007429349236190319, 0.03128552809357643, -0.01750652864575386, 0.013817560859024525, -0.04128558933734894, -0.010976927354931831, -0.0012387604219838977, 0.008534753695130348, -0.009196711704134941, -0.022750774398446083, 0.022120950743556023, 0.0016251701163128018, 0.023881888017058372, -0.016311148181557655, 0.009787974879145622, 0.00474295811727643, -0.0048682801425457, 0.009100310504436493, -0.002455027075484395, -0.018869005143642426, -0.019485974684357643, 0.018290594220161438, 0.011144023388624191, 0.02784077823162079, 0.008682569488883018, -0.002859913744032383, 0.00988437607884407, 0.021118374541401863, -0.0007193968631327152, 0.021722491830587387, -0.005572011694312096, -0.0016058897599577904, -0.006021886132657528, 0.006147208157926798, 0.02266080118715763, -0.003422256326302886, -0.008740411140024662, -0.012937093153595924, 0.014640187844634056, -0.011793128214776516, 0.004607995972037315, 0.008014185354113579, 0.03287936747074127, -0.008618301711976528, 0.03257088363170624, 0.006205048877745867, -0.0010748776840046048, -0.0031908925157040358, -0.001178509439341724, -0.032313812524080276, -0.012904959730803967, 0.015488522127270699, -0.019498828798532486, 0.005629852879792452, -0.016311148181557655, 0.011413948610424995, 0.0005121334688737988, -0.0008925180300138891, 0.020539965480566025, -0.00034262731787748635, -0.00495182815939188, -0.0033130012452602386, -0.018869005143642426, -0.03228810429573059, -0.001273304340429604, 0.0006294220220297575, 0.0015127016231417656, 0.023560548201203346, -0.023984715342521667, 0.023637669160962105, -0.0022092030849307775, -0.027018152177333832, -0.011349680833518505, -0.00998720433562994, 0.020848451182246208, -0.029948759824037552, 0.015861274674534798, 0.012628608383238316, -0.0068509397096931934, -0.01637541688978672, 0.014241728000342846, 0.028123557567596436, -0.025899894535541534, 0.013676172122359276, 0.030051589012145996, -0.010880526155233383, 0.0007414888823404908, 0.019704485312104225, 0.028483456000685692, -0.00762215256690979, -0.03673543408513069, -0.0017416554037481546, 0.010694149881601334, -0.002606056397780776, -0.007757114712148905, 0.01683814451098442, -0.0089010801166296, 0.01800781674683094, -0.010263555683195591, 0.0044280462898314, -0.007679993286728859, -0.020797036588191986, -0.02294357866048813, 0.007744261063635349, -0.0029209682252258062, -0.01591268926858902, -0.004411979578435421, -0.011902382597327232, -0.00793706439435482, -0.002954708645120263, -0.036709725856781006, 0.012332976795732975, -0.00800133217126131, 0.03848351538181305, -0.029845932498574257, 0.015218597836792469, 0.007249399553984404, 0.00023999979021027684, -0.007802101783454418, 0.023689083755016327, 0.005546304862946272, 0.017776453867554665, -0.0093188202008605, -0.005591292399913073, -0.0005057066446170211, 0.00032093696063384414, 0.0023939728271216154, -0.008072026073932648, -0.012153026647865772, -0.016426831483840942, -0.00839979201555252, -0.005793735384941101, 0.000943128892686218, 0.010411371476948261, -0.00803989265114069, -0.00421917624771595, -0.0025932027492672205, -0.022390875965356827, -0.014563066884875298, -0.0195630956441164, 0.02425464056432247, 0.042570941150188446, -0.0004317987768445164, 0.011741713620722294, 0.012493645772337914, 0.02616981789469719, -0.00013245176523923874, -0.03640124201774597, 0.006542454473674297, 0.016555367037653923, -0.04149124398827553, 0.008766117505729198, -0.038046494126319885, -0.02047569677233696, -0.009363807737827301, 0.0036729006096720695, 0.005745534785091877, -0.004129201639443636, 0.033444926142692566, -0.00047437616740353405, -0.0199358481913805, 0.0319024994969368, 0.004077787045389414, 0.0018846511375159025, -0.003502591047435999, -0.013329126872122288, 0.023303477093577385, -0.006439626216888428, -0.00044143895502202213, -0.010064326226711273, -0.012705729342997074, 0.001168869319371879, -0.010212142020463943, -0.004861853551119566, 0.019858727231621742, -0.03015441820025444, 0.00850262027233839, 0.02412610501050949, -0.013316272757947445, -0.023380598053336143, -0.013470515608787537, 0.003128231503069401, -0.005645919591188431, 0.012551487423479557, 0.004016732797026634, 0.006063660141080618, -0.008913933299481869, -0.025617115199565887, -0.003133051563054323, 0.015424254350364208, -0.011478216387331486, -0.008386937901377678, 0.007802101783454418, 0.016735315322875977, 0.03359916806221008, 0.012512926012277603, 0.003086457494646311, -0.00985866878181696, 0.014858698472380638, 0.007365081459283829, -0.030180124565958977, -0.006314304191619158, -0.027480879798531532, 0.03390765190124512, -0.010668442584574223, -0.0055398778058588505, -0.01005147211253643, 0.006883073598146439, -0.02683820202946663, 0.0041645485907793045, 0.011895956471562386, -0.0008909113821573555, -0.0004727694613393396, -0.0033579887822270393, -0.016426831483840942, 0.0026622905861586332, 0.009665866382420063, 0.030437195673584938, -0.03840639442205429, -0.026606839150190353, 0.010886953212320805, -0.011163303628563881, 0.002787612611427903, 0.008676143363118172, -0.023971861228346825, 0.02273792214691639, 0.008599021472036839, -0.01730087213218212, 0.010212142020463943, 0.038586344569921494, -0.018650494515895844, -0.018779030069708824, 0.0002859913802240044, 0.025025852024555206, -0.017686478793621063, -0.0022204499691724777, 0.00102346355561167, 0.012178733944892883, -0.0028550936840474606, -0.002059780526906252, -0.0069409143179655075, -0.04727533832192421, 0.03236522525548935, 0.0007575558265671134, -0.0009069782681763172, 0.02186387963593006, -0.013984656892716885, -0.0207713283598423, 0.014434531331062317, -0.017699331045150757, 0.0178021602332592, -0.01624688133597374, -0.008740411140024662, 0.023059260100126266, 0.013290565460920334, 3.825938256341033e-05, -0.008868946693837643, -0.014344556257128716, -0.015591350384056568, 0.03416472300887108, 0.0014428104041144252, -0.014897258952260017, -0.032468054443597794, -0.035372957587242126, 0.023084966465830803, -0.05532165989279747, -0.017262311652302742, 0.013868975453078747, -0.0003279662341810763, -0.022390875965356827, 0.006979475263506174, 0.020539965480566025, -0.010527053847908974, 0.017159482464194298, -0.028252093121409416, 0.015128622762858868, 0.0033547752536833286, -0.040308717638254166, 0.012075905688107014, -0.00921599194407463, 0.006266103126108646, 0.0018428770126774907, -0.0015544756315648556, 0.002806892851367593, 0.017660770565271378, 0.019151782616972923, -0.008888226933777332, 0.014974379912018776, 0.19054095447063446, -0.04329074174165726, 0.007371508050709963, 0.03182537853717804, -0.009852242656052113, 0.02604128234088421, 0.022917870432138443, 0.015359986573457718, -0.028740527108311653, 0.019743045791983604, -0.0034351099748164415, -0.015809860080480576, -0.024434588849544525, 0.007365081459283829, 0.031388357281684875, -0.021092668175697327, -0.02377905882894993, -0.02596416138112545, -0.007127291057258844, -0.03948609158396721, 0.0083933649584651, -0.0173394326120615, -0.0055238110944628716, -0.014036071486771107, 0.03699250519275665, -0.011966650374233723, 0.002856700448319316, -0.012590047903358936, 0.013059201650321484, -0.0010821078903973103, -0.03280224651098251, 0.016221174970269203, 0.018162058666348457, -0.010263555683195591, -0.005440263077616692, -0.004350924864411354, 0.010347103700041771, 0.009145297110080719, 0.001100584864616394, 0.013393394649028778, 0.033522047102451324, -0.009016762487590313, -0.006812379229813814, -0.02604128234088421, 0.022815043106675148, 0.05974327772855759, -0.003627913072705269, -0.020321454852819443, 0.004444113466888666, 0.01667104847729206, -0.005771241616457701, 0.014640187844634056, -0.016555367037653923, 0.024550272151827812, 0.03228810429573059, 0.015719885006546974, -0.024473149329423904, 0.001499848091043532, -0.008868946693837643, -0.00780852884054184, -0.019653070718050003, 0.0181749127805233, -0.016311148181557655, 0.01691526547074318, -0.0022895378060638905, 0.016054078936576843, -0.00948591623455286, -0.02403612993657589, -0.010944793932139874, -0.01670960895717144, 0.0017336219316348433, -0.02709527313709259, -0.00998720433562994, 0.005858003161847591, -0.003814289579167962, -0.02529577724635601, 0.010707003064453602, 0.021786758676171303, 0.013920389115810394, 0.053830645978450775, -0.019537389278411865, 0.006703123915940523, -0.0096915727481246, -0.013419101014733315, 0.016812438145279884, -0.008515473455190659, 0.008862519636750221, -0.005719827488064766, -0.005061083473265171, -0.01629829593002796, -0.013483368791639805, -0.004267376847565174, -0.019280318170785904, -0.0018878644332289696, 0.024768780916929245, -0.003174825804308057, 0.020861303433775902, -0.0018878644332289696, -0.017480822280049324, -0.006985901854932308, -0.028997598215937614, 0.042982254177331924, 0.03303361311554909, 0.020527111366391182, 0.0046819038689136505, 0.012249428778886795, -0.004800799302756786, -0.00209994800388813, -0.0022750776261091232, -0.012185161001980305, 0.012725009582936764, -0.007197985425591469, 0.006921634078025818, -0.009685146622359753, -0.02730092965066433, -0.007005182094871998, 0.0015135050052776933, -0.00251768808811903, 0.009614451788365841, 0.01930602453649044, 0.0011519989930093288, 0.013560490682721138, -0.0022574039176106453, 0.0056491331197321415, 0.00856688804924488, -0.020154358819127083, -0.0613885335624218, 0.02570709027349949, -0.00782780908048153, -0.010790551081299782, 0.00261248298920691, -0.013431955128908157, 0.03755806013941765, -0.00035688671050593257, -0.0021674290765076876, -0.0053920624777674675, 0.014010364189743996, 0.012911385856568813, -0.02750658616423607, -0.02629835344851017, -0.007596445269882679, -0.00492933439090848, 0.00012733043695334345, 0.012750716879963875, 0.02503870613873005, -0.03593851253390312, 0.004906841088086367, -0.012178733944892883, -0.019910141825675964, -0.00814272090792656, -0.023084966465830803, 0.01708236150443554, -0.00200515310280025, -0.013213444501161575, 0.02509012073278427, 0.008014185354113579, -0.030051589012145996, 0.0017432620516046882, 0.00451159430667758, 0.002969169057905674, -0.04293084144592285, -0.021671077236533165, 0.014293142594397068, -0.0028759806882590055, 0.0035604320000857115, -0.00037315450026653707, -0.16000093519687653, 0.003534724935889244, -0.01897183246910572, -0.034678865224123, 0.0024261067155748606, 0.0021963496692478657, 0.019537389278411865, 0.006478186696767807, -0.010167154483497143, 0.001478961086831987, -0.004877920262515545, -0.010417798534035683, -0.03763518109917641, -0.015591350384056568, -0.01934458501636982, -0.00856046099215746, -0.01578415371477604, 0.00115440902300179, 0.027069566771388054, 0.009620878845453262, 0.008830385282635689, -0.05583580210804939, 0.011561764404177666, 0.0020662073511630297, -0.01654251292347908, -0.025025852024555206, -0.00908745639026165, 0.019023247063159943, -0.02620837837457657, -0.012538633309304714, -0.016015516594052315, 0.018560519441962242, 0.014498799107968807, -0.01011573988944292, 0.0182648878544569, 0.0306942667812109, -0.01578415371477604, -0.0046979705803096294, -0.011439654976129532, 0.02868911251425743, -0.0016950613353401423, 0.03915189951658249, 0.0023441652301698923, 0.017030946910381317, -0.011850968934595585, 0.03228810429573059, 0.027326637879014015, -0.023046405985951424, 0.015205743722617626, 0.0037468085065484047, -0.014511652290821075, -0.004415192641317844, -0.015552789904177189, -0.012120893225073814, -0.014164607040584087, -0.006992328446358442, -0.02989734709262848, 0.0015745592536404729, 0.012949947267770767, 0.019665924832224846, 0.007647859398275614, -0.024396028369665146, 0.030642852187156677, 0.007570737972855568, 0.016850998625159264, 0.0032358800526708364, 0.012243001721799374, 0.0013801493914797902, -0.03437038138508797, 0.0037950093392282724, -0.0027490518987178802, -0.01847054436802864, 0.0053663551807403564, -0.0014797643525525928, 0.014280288480222225, -0.003859276883304119, -0.003088064258918166, -0.004129201639443636, 0.012795704416930676, -9.358987881569192e-05, -0.014614480547606945, 0.003933184780180454, -0.02796931378543377, -0.042699478566646576, -0.012487219646573067, 0.00827125646173954, 0.004267376847565174, 0.005986538715660572, 0.0039878124371171, -0.006021886132657528, 0.010572041384875774, -0.02902330458164215, 9.740576933836564e-05, -0.011131170205771923, -0.00434449827298522, 0.005613785702735186, 0.012178733944892883, -0.027583708986639977, -0.004055293742567301, -0.026195526123046875, -0.010482066310942173, 0.0013608691515401006, 0.00944092869758606, 0.014177460223436356, 0.005318154580891132, -0.0014066598378121853, -0.0072429729625582695, -0.003650406841188669, 0.038714878261089325, -0.01076484378427267, -0.00955018401145935, 0.011760993860661983, -0.0006981081678532064, 0.02492302469909191, 0.006934487726539373, 0.00776996836066246, -0.010180007666349411, -0.001213856739923358, 0.025475727394223213, 0.006709550507366657, 0.06097722053527832, -0.011182584799826145, 0.014820137992501259, -0.003059143666177988, -0.00040267748408950865, -0.012802131474018097, -0.10776412487030029, -0.02123405598104, 0.004662623628973961, 0.016259735450148582, 0.0060154590755701065, 0.03154259920120239, -0.0036311266012489796, 0.011940944008529186, 0.00421917624771595, 0.018573373556137085, -0.02670966647565365, -0.009813682176172733, -0.009267406538128853, -0.018226327374577522, 0.024987291544675827, 0.009614451788365841, 0.01955024152994156, -0.023354891687631607, -0.03640124201774597, 0.01591268926858902, -0.00816842820495367, 0.003544365055859089, -0.011651738546788692, -0.022378021851181984, -0.055218830704689026, 0.00893964059650898, -0.014691602438688278, -0.0007800495368428528, 0.011767420917749405, -0.007422922179102898, -0.002186709316447377, -0.011613178066909313, 0.014832991175353527, -0.019447414204478264, 0.019575949758291245, 0.012467938475310802, -0.01700524054467678, -0.00213047512806952, 0.005806589033454657, 0.004688330460339785, 0.017159482464194298, 0.0014781577046960592, 0.011658165603876114, -0.019318878650665283, 0.012448658235371113, -0.020964132621884346, -0.0178021602332592, -0.01598981022834778, -0.00864400900900364, -0.007018035743385553, -0.030180124565958977, -0.022635092958807945, -0.030308660119771957, -0.03516729921102524, 0.019922995939850807, 0.0033419218380004168, 0.0028872275725007057, -0.004100280813872814, -0.03915189951658249, -0.006741684395819902, -0.00216100225225091, -0.012043772265315056, -0.02010294422507286, 0.010572041384875774, 0.023303477093577385, -0.025450019165873528, -0.034061893820762634, -0.009910083375871181, 0.013406247831881046, 0.013573343865573406, -0.006825232412666082, 0.020321454852819443, 0.0033130012452602386, 0.01913892850279808, -0.026606839150190353, 0.027815071865916252, 0.0027570854872465134, -0.00915172416716814, -0.002543395385146141, -0.020282894372940063, -0.007763541303575039, -0.027455173432826996, 0.0006611542194150388, -0.02956315502524376, 0.0077763949520885944, 0.026118403300642967, 0.018020670861005783, -0.013200591318309307, 0.011221145279705524, 0.012159453704953194, -0.0037532353308051825, 0.024267492815852165, 0.0028133196756243706, -0.010462786071002483, -0.00461763609200716, 0.02290501818060875, 0.0043573519214987755, 0.0026173030491918325, 0.017056655138731003, 0.03275083377957344, -0.009601598605513573, -0.0037082477938383818, -0.037378109991550446, 0.0035154446959495544, -0.0024116465356200933, 0.003367628902196884, 0.004331644624471664, -0.0033130012452602386, -0.004672263748943806, -0.004318791441619396, 0.007262253202497959, 0.020077237859368324, -0.02663254551589489, -0.0030623571947216988, -0.002270257333293557, -0.01843198388814926, -0.03390765190124512, -0.00789207685738802, 0.03174825757741928, -0.0034383232705295086, 0.02587418630719185, 0.013611904345452785, 0.009055322967469692, 0.011195437982678413, -0.024563124403357506, 0.02269936166703701, -0.011497496627271175, -0.019254609942436218, -0.04123417288064957, 0.024023275822401047, -0.005231393035501242, -0.0032696204725652933, -0.013560490682721138, -0.0407971516251564, -0.006346438080072403, 0.025565702468156815, 0.005906204227358103, 0.003971745725721121, 0.011503922753036022, -0.0008403005194850266, 0.01679958403110504, 0.07588732987642288, -0.021928148344159126, -0.02605413645505905, 0.0029322151094675064, -0.02730092965066433, 0.00935738068073988, -0.004264163784682751, -0.029306083917617798, -0.007210839074105024, 0.00856688804924488, -0.0031410851515829563, 0.023689083755016327, 0.0041902558878064156, 0.027480879798531532, -0.021324031054973602, 0.013650464825332165, -0.019755899906158447, 0.02353484183549881, -0.0024357468355447054, 0.029974468052387238, -0.007397215347737074, 0.05218539386987686, 0.0001727195194689557, -0.019061807543039322, -0.010623455047607422, 0.008380511775612831, -0.018997540697455406, -0.0022750776261091232, 0.003258373821154237, 0.000535430503077805, -0.032442349940538406, -0.018663348630070686, 0.01976875215768814, 0.007679993286728859, 0.029845932498574257, 0.01746796816587448, 0.00461763609200716, -0.010167154483497143, 0.006037952844053507, 0.007165851537138224, 0.0031635789200663567, 0.022056683897972107, 0.00960802473127842, -0.008014185354113579, 0.04251952841877937, 0.030411487445235252, 0.025141535326838493, -0.006619575899094343, -0.014074631966650486, -0.011600324884057045, -0.0036407667212188244, 0.012191588059067726, -0.012840691953897476, -0.0071594249457120895, 0.014537359587848186, 0.010244275443255901, 0.006510320585221052, 0.0029563154093921185, -0.0068573663011193275, -0.010854818858206272, 0.021761052310466766, 0.010244275443255901, 0.005122137721627951, -0.02408754453063011, -0.008129867725074291, 0.0005888530286028981, 0.025141535326838493, -0.016015516594052315, -0.030591437593102455, 0.006632429547607899, 0.02131117880344391, -0.0068573663011193275, 0.0006077316938899457, 0.04429331794381142, 0.0042063225992023945, -0.02742946520447731, -0.0014179067220538855, -0.020861303433775902, -0.009980778209865093, -0.03095133788883686, 0.0077763949520885944, 0.037583764642477036, -0.001564919133670628, 0.04251952841877937, 0.010205714963376522, 0.010739137418568134, 0.020861303433775902, 0.032776542007923126, -0.03961462527513504, -0.002675144001841545, 0.005395275540649891, 0.0001461086649214849, 0.0067673916928470135, -0.053162261843681335, 0.002291144337505102, -0.005154271610081196, -0.011857395991683006, 0.008367657661437988, 0.012294416315853596, 0.006227542646229267, 0.0921856239438057, 0.006902353838086128, -0.011831688694655895, 0.0044280462898314, 0.00204692711122334, 0.018496252596378326, 0.023020699620246887, 0.0034029760863631964, -0.012962800450623035, -0.00043902889592573047, 0.01973019167780876, -0.003624699776992202, 0.01973019167780876, -0.0311569944024086, -0.011015488766133785, -0.0008475306676700711, -0.002336131874471903, 0.04958897829055786, -0.020257188007235527, -0.010128594003617764, 0.030462902039289474, -0.023007845506072044, 0.011703153140842915, -0.017095215618610382, -0.03521871566772461, -0.0028759806882590055, 0.019498828798532486, 0.012416524812579155, -0.02856057696044445, -0.00780852884054184, -0.001865370781160891, 0.005546304862946272, -0.026941031217575073, -0.00937666092067957, 0.0038399966433644295, -0.0022509770933538675, -0.018907565623521805, -0.01712092198431492, 0.008676143363118172, 0.008155574090778828, 0.012140173465013504, 0.017480822280049324, -0.020385723561048508, -0.0297688115388155, -0.016388271003961563, -0.002731378423050046, -0.005787308793514967, -0.010186434723436832, -0.027378050610423088]"
"De manera superficial, el cálculo involucra desde la adquisición de los conceptos numéricos, reconocimiento e identificación de los números o de los signos aritméticos, hasta la ejecución de las operaciones aritméticas (5). De tal manera, que su alteración se denomina acalculia, habiendo reconocido hasta 3 subtipos: acalculia espacial (los errores de cálculo se deben a falla de la organización espacial de los operandos), acalculia alexia o agráfica (los errores de cálculo son secundarios a alteraciones de la lectura y escritura de los números) y acalculia primaria o anaritmética (pérdida del concepto de las operaciones aritméticas). Ejemplos de la alteración en el cálculo: El sub-oficial EP, JCM desde hace 2 años tiene dificultad para realizar las programaciones de los roles de guardia de su unidad, cuando la computadora de su oficina se encuentra ocupada. Hace un año, ha notado que tiene dificultad para calcular el vuelto de las compras realizadas en el supermercado. Cuando es evaluado, no se evidencia dificultad para realizar sumas o restas de números de una y dos cifras; pero si evidencia dificultad, cuando se solicita realizar multiplicación y división con números de 2 cifras. Evidencia de problemas para calcular el monto a pagar, que se agrega a deficiencias de memoria de hechos recientes (""pagué o no pagué"", ""lo anoté o no lo anoté""), y problemas disejecutivos (programación de pago, planificación, toma de decisiones). Debido a todo ello, la mayoría de personas de la tercera edad se exponen a ser timados por cajeros inescrupulosos, por lo que recomendamos acudir acompañados.","[-0.0027755401097238064, -0.0010259939590469003, 0.03383389860391617, -0.05738313868641853, -0.024221697822213173, 0.01765533536672592, -0.022889966145157814, -0.002050339709967375, -0.01785311847925186, -0.008919966407120228, 0.01948811486363411, 0.008524402044713497, -0.03248898312449455, 0.032383497804403305, -0.009177083149552345, 0.013791995123028755, 0.01702243462204933, 0.0019514486193656921, 0.02589625120162964, -0.0030293604359030724, -0.031987935304641724, 0.024155769497156143, -0.0019629858434200287, -0.006319133564829826, -0.03285817429423332, 0.006062016822397709, 0.0001909832062665373, -0.017338884994387627, 0.020371541380882263, -0.03037930838763714, 0.033042773604393005, -0.004611616022884846, 0.0061675007455050945, -0.007278376258909702, -0.026080846786499023, -0.0028942092321813107, 0.0065828426741063595, -0.023127304390072823, -0.02064843662083149, 0.0019844123162329197, 0.034440431743860245, 0.022085651755332947, -0.008755148388445377, -0.016956506296992302, -0.0015295138582587242, 0.03233075886964798, -0.03567986562848091, -0.014148002490401268, -0.04414493218064308, 0.023522866889834404, 0.007060816045850515, 0.02795318327844143, -0.026845604181289673, -0.009065006859600544, 0.01636316068470478, -0.022362546995282173, 0.009091377258300781, 0.008972708135843277, 0.02323278784751892, -0.012156997807323933, -0.016956506296992302, -0.007825572974979877, 0.011234015226364136, 0.009658352471888065, 0.0030441940762102604, -0.0008974356460385025, 0.024313995614647865, -0.029535438865423203, -0.005795011296868324, 0.00383037724532187, 0.002495348919183016, 0.017154287546873093, 0.0024937009438872337, -0.037789538502693176, 0.03823784366250038, -0.005999385844916105, 0.012638267129659653, -0.002739280229434371, 0.013871108181774616, 0.03293728828430176, -0.004430315922945738, -0.03628639504313469, -0.00858373660594225, 0.0166268702596426, -0.00044871782301925123, -0.00725200492888689, -0.002757410053163767, 0.00373807898722589, -0.01057474222034216, -0.004219348542392254, -0.00019479462935123593, -0.015598403289914131, 0.021228596568107605, 0.019435374066233635, -0.007561863400042057, 0.020397912710905075, 0.0011471353936940432, 0.010251698084175587, -0.035838089883327484, -0.01570388674736023, -0.025171050801873207, -0.00014905755233485252, -0.037393976002931595, -0.003912786487489939, -0.019936421886086464, 0.01852557621896267, 0.023957988247275352, 0.01518965419381857, 0.011847139336168766, -0.017984973266720772, 0.0031216584611684084, 0.02230980433523655, 0.008577143773436546, -0.009559460915625095, 0.0012806381564587355, 0.004881917964667082, 0.032515354454517365, -0.002343716099858284, -0.01579618640244007, -0.04295824095606804, -0.00024063471937552094, -0.0002315697056474164, 0.0045160213485360146, 0.008465067483484745, -0.0010869767284020782, -0.010086880065500736, 0.02124178223311901, -0.005340112838894129, -0.03836970031261444, -0.019105738028883934, -0.03657647594809532, 0.019896864891052246, -0.007238819729536772, 0.01518965419381857, 0.011636171489953995, -0.011563652195036411, -0.013765624724328518, 0.03040567971765995, -0.006889404729008675, -0.03256809711456299, 0.0032386796083301306, -0.0039556389674544334, -0.03694567084312439, -0.006098276935517788, -0.007759645581245422, 0.024155769497156143, 0.004997290670871735, 0.013370060361921787, -0.00747615797445178, 0.0021607677917927504, 0.010594519786536694, -0.015479734167456627, -0.00990887638181448, -0.013165685348212719, 0.008174987509846687, 0.0009559461032040417, 7.303510938072577e-05, 0.016152193769812584, -0.011596615426242352, -0.01835416629910469, 0.020173760131001472, -0.010363774374127388, 0.011365870013833046, -0.003350755898281932, 0.016640055924654007, 0.021202225238084793, -0.00324527220800519, -0.011174680665135384, 0.01302723865956068, -0.02443266473710537, -0.014411712065339088, 0.02034517005085945, -0.0051489234901964664, 0.012836049310863018, 0.013495322316884995, -0.01702243462204933, 0.024538148194551468, 0.02542157471179962, -0.042641788721084595, -0.02685878984630108, -0.020292429253458977, 0.018143197521567345, 0.00014225879567675292, 0.0037281899712979794, -0.038554295897483826, -0.003922675270587206, 0.03364930301904678, 0.02622588723897934, -0.010970305651426315, -0.004736877977848053, -0.013449173420667648, 0.01209766324609518, -0.007021259516477585, -0.009836356155574322, -0.640919029712677, -0.020173760131001472, -0.004519317764788866, -0.02224387787282467, 0.0026618156116455793, 0.018802471458911896, 0.006810292135924101, -0.0003782580024562776, -0.02259988524019718, -0.04762589558959007, 0.02137363702058792, 0.003357348730787635, -0.013871108181774616, -0.023483311757445335, -0.007858536206185818, -0.021189039573073387, -0.0025349054485559464, -0.006062016822397709, -0.013073387555778027, 0.02117585577070713, -0.007139928638935089, 0.01586211286485195, -0.00791787076741457, 0.027531249448657036, 0.001456169644370675, 0.016837837174534798, 0.012677823193371296, -0.03320099785923958, -0.0017223511822521687, 0.0042654974386096, -0.0028661901596933603, -0.024775486439466476, 0.006447691936045885, 0.00892655923962593, 0.05005202069878578, -0.030221082270145416, 0.0006802875432185829, 0.016653241589665413, -0.005649971310049295, 0.03388664126396179, -0.003731486154720187, -0.021716458722949028, 0.025685284286737442, -0.0190266240388155, 0.007522307336330414, -0.003372182371094823, 0.01646864414215088, -0.01385792251676321, -0.010409923270344734, 0.006190575193613768, 0.020490210503339767, -0.015941224992275238, -0.023694278672337532, 0.010119843296706676, 0.019145293161273003, -0.005382965784519911, 0.015717072412371635, -0.03673470392823219, 0.0001580195385031402, -0.01377880945801735, -0.0049379561096429825, -0.0061806864105165005, -0.012756936252117157, -0.0031793450471013784, -0.023377828299999237, 0.034809622913599014, -0.02821689285337925, 0.009968210943043232, 0.01732569932937622, -0.001208942267112434, -0.007357488851994276, 0.012427299283444881, -0.019343076273798943, 0.0078057944774627686, 0.028506973758339882, 0.0021756014320999384, 0.0296409223228693, -0.008273878134787083, -0.0019020031904801726, 0.010429701767861843, -8.23576410766691e-05, 0.0017009248258545995, -0.03684018552303314, 0.0001716170518193394, 0.03349107876420021, -0.016877394169569016, -0.00487862154841423, 0.0002278612955706194, -0.0054324110969901085, 0.008913373574614525, 0.015097356401383877, -0.0018855213420465589, 0.009374864399433136, -0.0387125201523304, 0.004361092112958431, -0.011016455478966236, -0.017286142334342003, 0.003115065861493349, 0.026740120723843575, -0.01861787587404251, 0.00118669169023633, -0.02349649742245674, 0.012565746903419495, 0.012532783672213554, 0.01756303757429123, 0.010225326754152775, -0.0068300701677799225, 0.016020338982343674, 0.055326204746961594, -0.03810599073767662, -0.006309244316071272, -0.003747968003153801, 0.012658045627176762, 0.00459843035787344, 0.015479734167456627, -0.02137363702058792, 0.008735369890928268, 0.015255581587553024, -0.005241221748292446, -0.007001481484621763, 0.0016102747758850455, 0.005923569668084383, 0.018472835421562195, -0.033306483179330826, 0.008966115303337574, -0.008748555555939674, 0.0011199403088539839, -0.0029667294584214687, -0.002679945435374975, -0.017734449356794357, -0.016943320631980896, -0.012321815825998783, 0.0006481479504145682, 0.0029634330421686172, 0.040848568081855774, -0.012789899483323097, 0.003347459714859724, 0.005317038390785456, 0.007680532522499561, -0.01703561842441559, -0.015624774619936943, -0.011959215626120567, 0.01007369440048933, -0.0008924910798668861, 0.020239686593413353, -0.03902897238731384, -0.004687432199716568, 0.005547783803194761, 0.0010325866751372814, 0.017114732414484024, -0.014108446426689625, -0.017272958531975746, -0.00614112988114357, 0.03670833259820938, 0.004565466661006212, 0.0024590890388935804, -0.013284354470670223, -0.0032090123277157545, -0.021254967898130417, -0.02795318327844143, -0.007548678200691938, 0.03517881780862808, 0.008801297284662724, 0.008392548188567162, -0.0167323537170887, -0.006111462600529194, 0.010508814826607704, 0.017602594569325447, -0.02506556734442711, -0.027504878118634224, 0.011899881064891815, -0.006329022813588381, 0.01161639392375946, 0.00624990975484252, 0.006193871609866619, 0.037763167172670364, -0.011636171489953995, 0.002340419916436076, 0.0021821942646056414, 0.00528737111017108, 0.005732380319386721, -0.012789899483323097, -0.017905859276652336, 0.003260105848312378, 0.005557673051953316, 0.018842028453946114, 0.001576486974954605, -0.006652066484093666, 0.010746153071522713, 0.040874939411878586, 0.02718842588365078, 0.021096741780638695, -0.0034710734616965055, -0.027900440618395805, -0.0018706877017393708, 0.013765624724328518, 0.02187468484044075, -0.013323911465704441, -0.006101573351770639, 0.04897081106901169, 0.02887616492807865, 0.014846832491457462, 0.018103642389178276, 0.01660049892961979, 0.01776082068681717, -0.009803391993045807, 0.01745755411684513, -0.010627483949065208, 0.030880356207489967, -0.01852557621896267, 0.0034809624776244164, -0.01047585066407919, -0.010825266130268574, -0.023852504789829254, -0.012308630160987377, 0.037130266427993774, 0.006177389994263649, 0.013805180788040161, 0.01795860193669796, -0.007509121671319008, 0.001223775907419622, 0.015057799406349659, 0.044566866010427475, -0.01073956023901701, -0.004242422990500927, 0.0363127663731575, 0.0063422080129384995, -0.004908288829028606, 0.0005179414874874055, -0.010640669614076614, -0.00037928810343146324, 0.0036655589938163757, -0.0025480908807367086, 0.03615454211831093, -0.011326313018798828, 0.047757748514413834, 0.0016036820597946644, 0.007713496219366789, 0.03383389860391617, 0.008735369890928268, -0.02718842588365078, 0.03451954573392868, 0.004888510797172785, -0.013343689031898975, 0.0032386796083301306, 0.011379055678844452, 0.029825519770383835, 0.010587927885353565, 0.015018243342638016, 0.018710173666477203, 0.0012798140523955226, -0.014622678980231285, -0.029034391045570374, -0.02861245721578598, -0.015611588954925537, -0.019659526646137238, 0.024880969896912575, 0.013937035575509071, 0.009137526154518127, 0.01719384454190731, 0.014411712065339088, -0.0034249243326485157, -0.004601726774126291, -0.0024986453354358673, 0.00961220357567072, -0.020740734413266182, 0.02782132849097252, -0.01929033361375332, -0.00927597377449274, 0.0004623153363354504, -0.019738638773560524, -0.009928653948009014, -0.026265444234013557, -0.005142331123352051, 0.008432104252278805, 0.0034578877966850996, -0.017839932814240456, -0.013528285548090935, 0.030458422377705574, 0.0026337963063269854, -0.014543566852807999, -0.01955404318869114, 0.02300863526761532, 0.028137780725955963, 0.011510909534990788, -0.008689220994710922, 0.016442272812128067, 0.009177083149552345, -0.006869626697152853, -0.010950528085231781, -0.022362546995282173, -0.0008471660548821092, -0.0171674732118845, 0.0022184543777257204, -0.015255581587553024, 0.008043132722377777, 0.016389532014727592, 0.02204609476029873, -0.02808503806591034, -0.015347880311310291, -0.0030771575402468443, -0.004865436349064112, -0.01324479840695858, 0.004403945058584213, 0.025276534259319305, 0.036602847278118134, -0.004364388529211283, -0.010462665930390358, -0.007957427762448788, -0.018182754516601562, 0.011293349787592888, -0.016310418024659157, -0.011174680665135384, 0.01911892183125019, 0.029034391045570374, -0.010001174174249172, 0.00018521456513553858, 0.003271643305197358, 0.028164150193333626, 0.022758111357688904, 0.004895103629678488, 0.001329259597696364, 0.00014596720575354993, -0.0005237101577222347, 0.0024986453354358673, 0.020556138828396797, -0.03415035083889961, 0.009124341420829296, 0.0124668562784791, 0.005300556309521198, -0.03362293168902397, -0.034835994243621826, 0.024709559977054596, 0.010581335052847862, -0.008465067483484745, 0.009605610743165016, 0.04968282952904701, 0.00743660144507885, 0.01583574153482914, 0.04427678883075714, 0.007786016445606947, -0.013225019909441471, 0.01289538387209177, 0.021914241835474968, 0.02303500473499298, -0.00804972555488348, 0.016284048557281494, 0.013363467529416084, -0.022098837420344353, -0.013251391239464283, 0.010541778057813644, 0.011280164122581482, 0.0039984919130802155, -0.020556138828396797, -0.01570388674736023, 0.010502221994102001, -0.006777328439056873, 0.025078753009438515, 0.03169785439968109, 0.022560328245162964, 0.01337665319442749, 0.01762896589934826, 0.017352070659399033, -0.0035106297582387924, 0.013053609058260918, -0.007060816045850515, 0.008689220994710922, -0.01337665319442749, -0.007133335806429386, -0.004618208855390549, 0.00291233928874135, 0.01729932799935341, -0.007080594077706337, -0.0008619996951892972, 0.012196553871035576, -0.00699488865211606, -0.000630430004093796, -0.03243624046444893, 0.016152193769812584, 0.01758940890431404, 0.020740734413266182, -0.008544180542230606, -0.011016455478966236, 0.004700617864727974, -0.003507333341985941, 0.008142024278640747, 0.00791787076741457, -0.020727548748254776, 0.0016481829807162285, -0.011029640212655067, -0.014385340735316277, 0.024274438619613647, -0.02589625120162964, 0.014860018156468868, 0.01579618640244007, -0.031486887484788895, -0.029825519770383835, -0.019936421886086464, -0.006015867926180363, 0.008451882749795914, 0.019910050556063652, -0.003017822979018092, -0.016547756269574165, 0.021360451355576515, -0.014833646826446056, -0.017338884994387627, -0.02108355611562729, -0.0400310680270195, 0.009875912219285965, 0.013699697330594063, 0.005633489228785038, -0.016152193769812584, -0.01359421294182539, 0.008247507736086845, -0.021901056170463562, -0.016982877627015114, 0.011458167806267738, 0.021400008350610733, 0.02403710037469864, -0.006329022813588381, 0.008326620794832706, 0.013475543819367886, 0.020793477073311806, -0.019039809703826904, 0.011477946303784847, -0.006368578877300024, -0.002411291701719165, -0.00990887638181448, 0.0026403891388326883, -0.01417437382042408, -0.007278376258909702, 0.0035600753035396338, -0.0025645727291703224, -0.014029333367943764, -0.004314943216741085, -0.019936421886086464, 0.03299003094434738, 0.014701792038977146, -0.0030573795083910227, 0.017338884994387627, 0.015202839858829975, 0.021769201382994652, 0.029693664982914925, -0.006942146923393011, 0.023509681224822998, -0.011952622793614864, 0.031196806579828262, 0.011787804774940014, -0.005300556309521198, 0.024419479072093964, 0.021294524893164635, -0.038686152547597885, -0.020885774865746498, 0.01769489236176014, 0.024920526891946793, 0.01508417073637247, -0.02130770869553089, -0.011662542819976807, -0.02732028067111969, -0.0046973214484751225, -0.018894769251346588, 0.011379055678844452, -0.004614912439137697, 0.010943935252726078, 0.005946644116193056, 0.01540062204003334, -0.017787190154194832, -0.004865436349064112, 0.006764142774045467, -0.026871975511312485, -0.009190267883241177, 0.02642367035150528, -0.010179177857935429, 0.021716458722949028, 0.0015047910856083035, 0.017417997121810913, -0.01819594018161297, -0.03037930838763714, 0.024920526891946793, 0.013791995123028755, -0.0008030771859921515, -0.0027590582612901926, 0.030221082270145416, 0.00810246728360653, 0.03992558270692825, 0.001930022262968123, 0.03077487275004387, -0.0034941479098051786, -0.02187468484044075, 0.017246587201952934, 0.00441383384168148, -0.018881583586335182, -0.035073332488536835, 0.016969691962003708, 0.011583429761230946, 0.011049418710172176, 0.014635864645242691, -0.01988367922604084, 0.035600751638412476, 0.03153963014483452, 0.008029947057366371, -0.008669442497193813, -0.009401235729455948, -0.024050286039710045, -0.0021821942646056414, 0.008142024278640747, 0.019699083641171455, 0.0035106297582387924, -0.02393161691725254, -0.0007330293883569539, -0.00600927509367466, 0.011121938936412334, -0.013238205574452877, -0.008320027962327003, 0.004509428516030312, 0.002350308932363987, 0.023443754762411118, 0.0069091832265257835, 0.008623293600976467, -0.014741349034011364, -0.020424284040927887, -0.03665558993816376, 0.0018344277050346136, 0.0031496777664870024, -0.014411712065339088, 0.016270862892270088, 0.01012643612921238, -0.002259658882394433, -0.02134726569056511, -0.006988295819610357, 0.02987826056778431, 0.008900187909603119, 0.013607398606836796, -0.013581028208136559, -0.01929033361375332, -0.013093166053295135, 0.006579546257853508, 0.0032172531355172396, -0.005356594920158386, 0.026502782478928566, -0.021096741780638695, 0.024920526891946793, -0.029139874503016472, -0.011023047380149364, 0.00743660144507885, -0.012156997807323933, 0.03552164137363434, -0.025909436866641045, 0.029060762375593185, 0.010825266130268574, 0.01391066424548626, -0.002622259082272649, 0.024472221732139587, 0.04912903904914856, -0.006694919429719448, 0.013389838859438896, 0.020226500928401947, -0.016903765499591827, -0.0028958574403077364, 0.006681733764708042, 0.012176776304841042, -0.02615996077656746, -0.037262119352817535, 0.004783026874065399, 0.0007062464137561619, -0.0004837416927330196, -0.007753052748739719, -0.0006382588762789965, -0.012486633844673634, 0.01852557621896267, -0.01699606329202652, -0.007074001245200634, -0.01765533536672592, -0.028164150193333626, -0.014978687278926373, 0.04258904978632927, -0.014451268129050732, 0.022520773112773895, -0.0030804539564996958, 9.059855801751837e-05, -0.006216946057975292, -0.02416895516216755, -0.030115598812699318, 0.03322736918926239, 0.023984359577298164, 0.027874071151018143, -0.03644462302327156, 0.008610107935965061, -0.0036688554100692272, -0.0012336649233475327, -0.0014660587767139077, 0.005788418464362621, -0.011016455478966236, 0.017787190154194832, 0.0012262481031939387, 0.011873509734869003, 0.0071267434395849705, -0.0076146055944263935, 0.002269547898322344, 0.008952929638326168, -0.003372182371094823, -0.02167690172791481, 0.0028200410306453705, 0.005106071010231972, 0.011227422393858433, 0.015229211188852787, -0.019725453108549118, 0.004984105471521616, -0.0013457414461299777, -0.02167690172791481, -0.012552561238408089, -0.001583079807460308, 0.01739162765443325, 0.06413409858942032, -0.019409002736210823, -0.0026453337632119656, 0.018235497176647186, 0.018802471458911896, 0.0009444088209420443, -0.023575609549880028, 0.0016852670814841986, -0.0028612457681447268, -0.029720036312937737, 0.032620836049318314, -0.026740120723843575, -0.0021014332305639982, -0.01636316068470478, 0.006671844515949488, -0.01508417073637247, -0.008273878134787083, 0.036866556853055954, -0.01642908714711666, -0.024248067289590836, -0.013554656878113747, -0.0035040369257330894, 0.015070985071361065, -0.02240210399031639, -0.0012344890274107456, -0.0068234773352742195, 0.008240914903581142, -0.0029106910806149244, -0.020305614918470383, -0.03581171855330467, 0.007265190593898296, 0.003537000622600317, -0.005531302187591791, 0.009289159439504147, 0.0019695786759257317, 0.024775486439466476, -0.008768333122134209, -0.0012501467717811465, -0.02403710037469864, -0.012565746903419495, -0.012974495999515057, -0.016574127599596977, 0.010897785425186157, -0.01553247682750225, -0.002350308932363987, -0.03130229189991951, -0.01905299536883831, -0.005735676735639572, 0.009790207259356976, -0.005003883503377438, -0.001824538572691381, 0.002124507911503315, -0.0016531274886801839, 0.006592731922864914, 0.03800050541758537, 0.0005216498975642025, -0.029983744025230408, 0.01918485015630722, -0.009902283549308777, -0.049946535378694534, 0.0020767105743288994, -0.02489415556192398, 0.01623130589723587, 0.007047630380839109, 0.004595133941620588, -0.007575049065053463, 0.015176468528807163, -0.0036227062810212374, 0.005775233265012503, -0.0008718887693248689, 0.017312513664364815, 0.03185608237981796, -0.007462972309440374, -0.0026469819713383913, 0.03322736918926239, 0.003978713881224394, 0.03322736918926239, -0.03351745009422302, -6.051921809557825e-05, -0.006375171709805727, -0.008273878134787083, -0.016547756269574165, -0.023839319124817848, -0.024142583832144737, -0.01218336820602417, 0.0029865074902772903, -0.01723340153694153, 0.007581641897559166, 0.020898960530757904, 0.00012227457773406059, -0.03415035083889961, 0.00649054441601038, 0.006536693777889013, -0.0057686404325068, -0.021465934813022614, 0.024709559977054596, -0.010878007858991623, -0.0066553629003465176, -0.021334080025553703, 0.004898400045931339, -0.03338559344410896, 0.0029304693453013897, 0.0006180686177685857, -0.025685284286737442, 0.014464453794062138, 0.0015410510823130608, -0.01752348057925701, -0.00534340925514698, -0.019857307896018028, 0.02084621787071228, 0.014095260761678219, 0.000960890669375658, 0.02579076774418354, 0.006642177235335112, 0.009170490317046642, -0.020305614918470383, 0.008194766007363796, -0.019593600183725357, 0.02316685952246189, 0.022863594815135002, -0.034176722168922424, 0.003754560835659504, -0.023245973512530327, 0.0096781300380826, -0.042378079146146774, -0.013435987755656242, 0.006240020971745253, -0.008076096884906292, -0.033148255199193954, 0.025118308141827583, 0.006642177235335112, -0.012124033644795418, 0.021953796967864037, 0.002521720016375184, 0.0059136804193258286, 0.0035930390004068613, -0.03594357520341873, -0.00047797305160202086, -0.01712791807949543, -0.005936754867434502, -0.016969691962003708, -0.004140235483646393, 0.005204961635172367, 0.0001328847574768588, 0.004661061335355043, -0.0009155656443908811, 0.00013030946138314903, 0.18037714064121246, -0.02449859119951725, -0.004680839832872152, 0.033939383924007416, -0.009394642896950245, 0.02473592944443226, 0.04206163063645363, -0.0010474203154444695, -0.01660049892961979, -0.006915775593370199, -0.002531609032303095, -0.012855826877057552, -0.023456940427422523, 0.011913066729903221, 0.005574154667556286, -0.010996676981449127, -0.010990084148943424, -0.023615166544914246, -0.01090437825769186, -0.013422802090644836, 0.017734449356794357, -0.006503730081021786, -0.01576981507241726, -0.017879489809274673, 0.04628097638487816, -0.008043132722377777, -0.0018064085161313415, -0.005607118364423513, 0.04285275936126709, -0.008392548188567162, -0.013791995123028755, 0.013923849910497665, 0.005340112838894129, 0.0032469204161316156, -0.035495270043611526, 0.00201243138872087, 0.013449173420667648, -0.0019530968274921179, 0.007199263200163841, 0.029060762375593185, 0.018960697576403618, -0.011464760638773441, 0.006876219529658556, -0.01573025807738304, 0.0038105989806354046, 0.0325944684445858, 0.01682465150952339, -0.02705657109618187, -0.0020388022530823946, 0.011451574973762035, -0.03130229189991951, -0.009730872698128223, -0.0012072940589860082, 0.012737157754600048, 0.013389838859438896, 0.017998158931732178, 0.022481216117739677, 0.010647262446582317, -0.020556138828396797, 0.02281085215508938, -0.0031892340630292892, -0.010568149387836456, 0.010792301967740059, 0.006183982361108065, -0.008524402044713497, -0.0012419058475643396, -0.014596308581531048, -0.008880410343408585, -0.0031892340630292892, -0.03240986913442612, 0.006055424455553293, -0.015176468528807163, -0.021848313510417938, -0.0021063778549432755, -0.019303519278764725, -0.014780905097723007, 0.02204609476029873, 0.023456940427422523, -0.02513149380683899, 0.016323603689670563, -0.008306842297315598, -0.000660921388771385, -0.004423723090440035, -0.003243623999878764, -0.018802471458911896, -0.016956506296992302, 0.003925971686840057, 0.013871108181774616, 0.005152219906449318, -0.031249549239873886, -0.010910971090197563, -0.014398526400327682, -0.016178563237190247, -0.00796402059495449, 0.030352937057614326, 0.01468860637396574, 0.04730944335460663, 0.01563796028494835, -0.019923236221075058, -0.006187278777360916, -0.010930749587714672, 0.030352937057614326, 0.021663717925548553, 0.02502601034939289, 0.011629578657448292, -0.00011959627590840682, -0.011781211942434311, -0.0043182396329939365, 0.0017602593870833516, -0.01675872504711151, -0.010100065730512142, 0.0021129706874489784, 0.00653010094538331, -0.02124178223311901, 0.005336816422641277, 0.0019926531240344048, 4.535078551270999e-05, -0.006207057274878025, -0.0066191027872264385, -0.005827974993735552, -0.0040215663611888885, -0.006203760858625174, -0.013686511665582657, 0.0113197211176157, 0.011563652195036411, -0.01981775276362896, -0.048812586814165115, 0.007825572974979877, 0.010996676981449127, -0.011946029961109161, 0.00331944040954113, -0.027610361576080322, 0.03167148306965828, 0.013119536451995373, -0.002501941751688719, -0.022863594815135002, 0.008933152072131634, 0.007014666683971882, -0.005996089894324541, -0.005719195120036602, -0.019870493561029434, 0.011992179788649082, 0.01081867329776287, -0.010020952671766281, 0.004670950584113598, -0.01609945110976696, 0.013172278180718422, -0.0005875772330909967, -0.008142024278640747, -0.013686511665582657, -0.0083134351298213, 0.020898960530757904, 0.01449082512408495, -0.01198558695614338, 0.01689057983458042, -0.0006934729753993452, -0.015756629407405853, -0.024749115109443665, -0.00010888309043366462, -0.006207057274878025, -0.021927425637841225, -0.0211099274456501, 0.0206748079508543, 0.004667654167860746, -0.005003883503377438, 0.0014759479090571404, -0.1653984636068344, -0.004136939067393541, -0.020793477073311806, -0.02220432087779045, 0.010489036329090595, 0.013963405974209309, 0.023127304390072823, -0.004872028715908527, -0.01518965419381857, -0.004565466661006212, 0.0017734449356794357, -0.01756303757429123, -0.004578652326017618, -0.021821942180395126, -0.0011916363146156073, -0.01898706704378128, -0.020266057923436165, 0.012335001491010189, 0.04401307925581932, 0.0214395634829998, 0.036602847278118134, -0.03860703855752945, 0.03449317440390587, 0.012255888432264328, -0.005999385844916105, -0.007891500368714333, 0.003484258893877268, -0.012084477581083775, -0.0073245251551270485, -0.02688516117632389, -0.010528593324124813, 0.002432718174532056, 0.013739253394305706, -0.015176468528807163, 0.0061806864105165005, 0.010812080465257168, -0.04567444697022438, -0.014240301214158535, -0.01576981507241726, 0.014108446426689625, -0.011115346103906631, 0.041771549731492996, -0.0015814315993338823, 0.012110848911106586, -0.0009435847750864923, 0.03876526281237602, 0.04232534021139145, -0.027162056416273117, 0.015941224992275238, -0.019039809703826904, -0.007924463599920273, -0.007970612496137619, 0.011207643896341324, -0.008880410343408585, 0.013251391239464283, -0.0018756322097033262, -0.01675872504711151, 7.767062197672203e-05, 0.0031826412305235863, -0.012862419709563255, -0.009335308335721493, -0.01010665763169527, 0.0310649536550045, 0.012354779988527298, 0.005818085744976997, -0.007983798161149025, 0.015598403289914131, -0.006098276935517788, -0.01633678935468197, 0.013000867329537868, 0.0029766184743493795, -0.006744364742189646, 0.010976898483932018, -0.013482136651873589, 0.020727548748254776, 0.02432718127965927, -0.02449859119951725, -0.008056318387389183, -0.02659508027136326, -0.003321088617667556, -0.006032349541783333, 0.0073377108201384544, -0.011444983072578907, -0.04132324457168579, -0.020437469705939293, 0.02018694579601288, -0.0003362293355166912, 0.009355086833238602, 0.0214395634829998, -0.016376346349716187, 0.0007742339512333274, -0.0428791269659996, -0.01029125414788723, -0.009453977458178997, 0.004832472652196884, 0.03283180668950081, 0.005488449241966009, -0.026977458968758583, 0.02443266473710537, -0.043933965265750885, 0.012209739536046982, 0.0008310962584801018, -0.008260693401098251, 0.0171674732118845, 0.01603352464735508, 0.0022876779548823833, -0.013152500614523888, -0.005261000245809555, 0.015229211188852787, -0.0023915134370326996, 0.008893595077097416, 0.0052280365489423275, -0.0034809624776244164, 0.009691315703094006, -0.01702243462204933, 0.010693411342799664, -0.024511776864528656, 0.0029106910806149244, 0.0063422080129384995, 0.008385955356061459, 0.06661296635866165, -0.005788418464362621, 0.006642177235335112, 0.017101546749472618, -0.011543873697519302, 0.006022460758686066, -0.11719240248203278, -0.006032349541783333, -0.009790207259356976, 0.02961455099284649, -0.003095287596806884, 0.02174283005297184, -0.029298100620508194, -0.004924770910292864, -0.02990463189780712, 0.03138140216469765, -0.043406546115875244, -0.03248898312449455, -0.0053961509838700294, -0.02237573266029358, 0.006928961258381605, -0.0010194011265411973, 0.026370927691459656, -0.027900440618395805, -0.0014742997009307146, 0.005082996096462011, 0.0013086572289466858, -0.00013875641161575913, -0.015163283795118332, -0.01736525632441044, -0.05105411633849144, 0.013093166053295135, -0.008893595077097416, 0.006553175393491983, 0.01081867329776287, 0.015492919832468033, -0.0170619897544384, 0.008122245781123638, -0.00291233928874135, -0.008590329438447952, 0.039319053292274475, -0.002989803906530142, -0.02124178223311901, 0.005198369268327951, 0.006309244316071272, -0.010462665930390358, 0.005181887187063694, 0.013528285548090935, -0.012341594323515892, 0.0009378161048516631, 0.013033830560743809, -0.00916389748454094, -0.007139928638935089, -0.006460877135396004, -0.021729644387960434, -0.025540243834257126, -0.03528429940342903, -0.026146775111556053, -0.006678437348455191, -0.031196806579828262, 0.016811465844511986, 0.008728777058422565, -0.0030310084111988544, 0.010732967406511307, -0.014583122916519642, -0.010245105251669884, -0.020055091008543968, -0.0012328408192843199, 0.0025101827923208475, 0.013976591639220715, 0.036365509033203125, -0.014438082464039326, -0.02638411335647106, 0.006427913438528776, 0.021769201382994652, 0.0009056765702553093, 0.01087141502648592, 0.01391066424548626, -0.029799148440361023, 0.029931003227829933, -0.028823424130678177, 0.037262119352817535, 0.0001611098850844428, -0.004539095796644688, 0.003250216832384467, -0.010831858962774277, -0.00474676676094532, -0.008359584026038647, -0.0058246785774827, 0.014332599006593227, 0.00990887638181448, 0.007383859716355801, 0.01961996965110302, -0.012156997807323933, 0.043696627020835876, 0.0029222285374999046, 0.0020256168209016323, -0.007555270567536354, 0.020490210503339767, -0.02432718127965927, -0.012967904098331928, -0.005864235106855631, -0.007205856032669544, -0.008946336805820465, 0.009862726554274559, 0.03177696838974953, -0.02204609476029873, -0.017615780234336853, -0.03552164137363434, 0.027003830298781395, -0.003573260735720396, 0.009289159439504147, -0.002521720016375184, 0.01540062204003334, 0.01263167429715395, -0.009506719186902046, -0.014807275496423244, 0.028928907588124275, -0.025447946041822433, 0.00021653003932442516, -0.029667293652892113, -0.01592804118990898, -0.02837511897087097, -0.019738638773560524, 0.008807890117168427, 0.008887002244591713, 0.022586699575185776, 0.015624774619936943, -0.0019102441146969795, 0.00766075449064374, -0.014517195522785187, 0.02489415556192398, -0.0006242492818273604, 0.002650278154760599, -0.017470739781856537, 0.01642908714711666, 0.003958935383707285, -0.0018047603080049157, 0.001134773949161172, -0.024511776864528656, 0.004038048442453146, 0.015255581587553024, 0.006566361058503389, -0.010363774374127388, 0.013040423393249512, 0.016349975019693375, 0.01944855973124504, 0.07178166508674622, -0.003176048630848527, -0.012104256078600883, -0.0058840131387114525, -0.03167148306965828, 0.013337097130715847, -0.027109313756227493, -0.016745539382100105, 0.010264883749186993, 0.010370367206633091, 0.007186078000813723, 0.02290314994752407, -0.004990697838366032, 0.006292762700468302, -0.014978687278926373, 0.00042049269541166723, -0.02244165912270546, 0.005738973151892424, -0.020687993615865707, 0.02837511897087097, -0.03399212658405304, 0.03037930838763714, 0.018670616671442986, -0.011095567606389523, -0.017747635021805763, -0.024880969896912575, -0.01689057983458042, -0.02489415556192398, 0.022652626037597656, 0.007291561458259821, -0.03823784366250038, -0.015018243342638016, 0.029535438865423203, 0.005811493378132582, 0.013488729484379292, 0.005247814580798149, 0.003100232221186161, -0.010798894800245762, 0.014780905097723007, 0.0056796385906636715, 0.0027293909806758165, 0.023760205134749413, 0.0051917764358222485, -0.01004073116928339, 0.016073079779744148, 0.030458422377705574, 0.02349649742245674, -0.007166299503296614, 0.0010276420507580042, -0.009308937937021255, -0.005748862400650978, 0.029429955407977104, -0.005989497061818838, -0.018037714064121246, -0.005699416622519493, 0.0034941479098051786, 0.02045065350830555, -0.011029640212655067, -0.006961924955248833, 0.017747635021805763, 0.03462502732872963, -0.0014438083162531257, -0.003701818874105811, -0.005943347699940205, -0.011339498683810234, -0.009216639213263988, 0.012684416025876999, -0.011497724801301956, -0.042641788721084595, 0.014991872012615204, 0.0424308218061924, 0.005382965784519911, -0.0024145881179720163, 0.0387125201523304, -0.000175428474904038, -0.00699488865211606, -0.00022889141109772027, -0.01911892183125019, 0.008768333122134209, -0.013791995123028755, 0.0020256168209016323, 0.008300249464809895, 0.022415287792682648, 0.011286756955087185, 0.004723692312836647, 0.01971226930618286, 0.015651145949959755, 0.03156600147485733, -0.057013947516679764, 0.01166913565248251, -0.0020173760131001472, -0.007548678200691938, 0.00016389119264204055, -0.027610361576080322, 0.007166299503296614, -0.023852504789829254, -0.02430080994963646, 0.00048786215484142303, -0.01188669539988041, 0.011293349787592888, 0.09614840149879456, 0.011121938936412334, 0.007377266883850098, -0.010831858962774277, -0.013482136651873589, -0.01785311847925186, -0.0020355060696601868, -0.022019725292921066, -0.015651145949959755, -0.018604690209031105, 0.016837837174534798, -0.000847990158945322, 0.003139788517728448, -0.020727548748254776, -0.017576223239302635, 0.006988295819610357, 0.004136939067393541, 0.03399212658405304, -0.015756629407405853, -0.012526190839707851, 0.028427859768271446, -0.012974495999515057, 0.019633155316114426, 0.019237590953707695, -0.016969691962003708, 0.002485459903255105, 0.0028645419515669346, 0.018631059676408768, -0.02154504880309105, -0.024313995614647865, -0.011458167806267738, -0.011247200891375542, -0.027030201628804207, -0.028058666735887527, -0.009104562923312187, -0.02230980433523655, -0.00708718691021204, -0.009190267883241177, 0.020833032205700874, 0.008392548188567162, -0.00017254415433853865, -0.0019514486193656921, -0.027399394661188126, -0.027504878118634224, -0.021294524893164635, -0.008379362523555756, -0.0013597509823739529, -0.017984973266720772, -0.015295137651264668]"
"Praxia viene a ser la correcta ejecución de la secuencia de los movimientos finos, de destreza, previamente aprendidos. Su alteración, se denomina apraxia y existen diversas formas de evaluarla; pero las más útiles y prácticas suelen ser aquellas que incluyen el conocimiento que el sujeto tiene de las acciones relacionadas con los objetos e implica la generación de la acción o movimiento (apraxia ideomotora); y la capacidad de generar y ejecutar los actos motores que permiten realizar un conjunto mediante la articulación y el ensamblaje de elementos de distinta naturaleza (apraxia constructiva). Ejemplos de alteración de la praxia ideo-motora: La hija de una señora de 69 años de edad, refiere que su madre desde hace 2 años ha perdido la habilidad para vestir, ""no lograba diferenciar entre una ropa de verano y otra de invierno"". Hace un año, acudió al bautizo de su primer bisnieto, vestida con una falda roja, blusa a cuadros celestes, con zapatos morados, y cartera amarilla y desde hace seis meses ha observado que su madre no reconoce el orden en el que debe colocarse la ropa ""se pone la blusa o el polo y encima su brassiere"". Cuando logré examinarla, podía entender la orden verbal e imitar las siguientes acciones: peinarse, cortar con unas tijeras y martillar un clavo; pero tenía serias dificultades para ejecutar el proceso de cepillarse los dientes, y no pudo preparar el proceso de envío de una carta. En este caso, la paciente inicia con problemas de apraxia ideo-motora, siendo incapaz de completar el proceso de vestir; inicialmente para elegir los colores, y luego para combinar correctamente los colores, y finalmente con dificultades para realizar actividades de vida diaria instrumentales, como el cepillado de dientes. Ejemplos de alteración de la praxia constructiva: El Sr. JRC ha notado que desde hace 2 años tiene dificultades para ejecutar ciertas actividades domésticas, como abrir los pomos de mermelada, y las puertas de los reposteros que tienen candados. Cuando lo examino, se evidencia que tiene dificultades para dibujar el reloj y un cubo; no obstante es capaz de dibujar en forma separada un círculo o un rombo.","[-0.018287206068634987, -0.0062932213768363, 0.037969980388879776, -0.008353658951818943, -0.023764152079820633, 0.021315325051546097, -0.004466475453227758, 0.01537757832556963, 0.0009775558719411492, -0.013758192770183086, 0.01200056727975607, 0.005941038019955158, 0.0036238685715943575, 0.02088085561990738, -0.0083141615614295, -0.007971852086484432, 0.025883834809064865, 0.012026898562908173, 0.026423629373311996, -0.024659421294927597, -0.006859347689896822, 0.008577476255595684, -0.0046211727894842625, -0.03999750316143036, -0.001731294090859592, -0.003079136135056615, 0.015324915759265423, -0.017023295164108276, -0.0047067501582205296, -0.011967653408646584, 0.028727633878588676, 0.009202849119901657, 0.006424878723919392, 0.0026002326048910618, -0.00529262563213706, -0.029254263266921043, 0.0004645035951398313, -0.016483500599861145, -0.005118179600685835, 0.0036896972451359034, 0.006059529259800911, 0.009038276970386505, -0.003923389129340649, -0.013481712900102139, -0.0047034588642418385, 0.024080129340291023, -0.03970785811543465, -0.006566410418599844, -0.04923984780907631, 0.017365604639053345, 0.01088147982954979, 0.028411656618118286, -0.049450501799583435, -0.014324319548904896, 0.01602269895374775, -0.008116675540804863, 0.012928751297295094, 0.012435036711394787, 0.020235734060406685, -0.015561898238956928, -0.012514030560851097, 0.005546065978705883, -0.013731861487030983, 0.0033375138882547617, 0.002988621825352311, -0.0025245295837521553, 0.02467258647084236, -0.01561456173658371, 0.018563685938715935, 0.017247112467885017, 0.027305733412504196, 0.005210339557379484, 0.004512555431574583, -0.027937689796090126, 0.04423686861991882, 0.0067342733964324, 0.006461084354668856, -0.014653462916612625, 0.011743835173547268, 0.022855715826153755, 0.0015840025153011084, -0.032098062336444855, -0.010809068568050861, 0.020235734060406685, 0.01457446813583374, -0.00911727175116539, 0.0052333795465528965, -0.0015667224070057273, 0.0035646227188408375, -0.01269835140556097, 0.011414691805839539, 0.013389552012085915, 0.027964020147919655, 0.009815054945647717, -0.008584058843553066, 0.02467258647084236, -0.020459551364183426, 0.0026874556206166744, -0.020209403708577156, -0.01123037189245224, -0.026555286720395088, 0.008709133602678776, -0.036100443452596664, 0.005842295009642839, -0.01269835140556097, 0.008998779579997063, 0.011157960630953312, 0.008893453516066074, 0.006931759417057037, -0.046580370515584946, -0.035758137702941895, 0.012382373213768005, -0.005444031208753586, -0.03612677752971649, 0.021881451830267906, 0.01952478475868702, 0.0267527736723423, -0.007820446975529194, -0.0036567829083651304, -0.0487658828496933, 0.0034033425617963076, 0.016141191124916077, 0.014771954156458378, -0.004413812421262264, 0.013396135531365871, -0.023040035739541054, 0.0014646879862993956, 0.00705683371052146, -0.016062196344137192, -0.004650795832276344, 0.0008158641285263002, 0.016062196344137192, 0.021881451830267906, 0.0030626789666712284, 0.01111846324056387, -0.006543370429426432, -0.024883238598704338, 0.005786340683698654, -0.017642084509134293, -0.036864057183265686, 0.007945520803332329, -0.02302687056362629, -0.016075361520051956, -0.016009533777832985, -0.009775558486580849, 0.01794489659368992, 0.02128899283707142, 0.013461964204907417, 0.010216610506176949, 0.016891637817025185, 0.017958061769604683, -0.012290213257074356, -0.00899219699203968, 0.002262860769405961, 0.02327702008187771, -0.00045257213059812784, 0.01211247593164444, 0.022263256832957268, -0.03936554864048958, -0.0084984814748168, 0.01924830488860607, -0.01974860206246376, 0.004199869465082884, 0.01143444050103426, -0.007234571501612663, 0.007846778258681297, -0.02381681464612484, 0.006671736016869545, 0.024251284077763557, -0.03180841729044914, -0.010736656375229359, 0.005256419535726309, -0.03636375814676285, 0.026002326980233192, 0.01889283023774624, 0.0012359333923086524, 0.006655279081314802, 0.017589421942830086, -0.026568453758955002, -0.02044638618826866, 0.010269273072481155, 0.03359895572066307, 0.02993888035416603, 0.0030050789937376976, -0.01785273663699627, -0.002801010152325034, 0.018695343285799026, 0.012132224626839161, -0.014284822158515453, 0.018761172890663147, -0.005312373861670494, 0.01864268071949482, 0.012191470712423325, -0.013850352726876736, -0.6298487782478333, -0.013652866706252098, 0.009722894988954067, -0.01602269895374775, 0.022789886221289635, 0.05047742649912834, 0.014864115044474602, -0.014416479505598545, -0.015456573106348515, -0.05650733411312103, 0.009025110863149166, -0.0019172601168975234, -0.002554152626544237, -0.02309269830584526, -0.023316515609622, -0.023356013000011444, 0.01649666577577591, -0.035126179456710815, 0.019379962235689163, 0.02738472819328308, -0.008807877078652382, 0.0022315920796245337, -0.0052004652097821236, 0.01361337024718523, -0.013573872856795788, 0.0014260136522352695, 0.011664841324090958, -0.03107113391160965, 0.03488919883966446, -0.0016144482651725411, -0.011914989911019802, -0.0101244505494833, 0.02031472884118557, 0.016207018867135048, 0.056928638368844986, -0.02063070610165596, -0.004417104180902243, 0.0249885655939579, -0.0071226623840630054, 0.035310499370098114, 0.001418607891537249, -0.0016440711915493011, 0.01067741122096777, -0.0017971227644011378, 0.023145362734794617, -0.018787503242492676, 0.016838975250720978, -0.023421842604875565, 0.004887779243290424, 0.007116079796105623, 0.01735243946313858, -0.02255290374159813, -0.008393156342208385, 0.010861731134355068, 0.01315256953239441, 0.012362625449895859, 0.02207893691956997, -0.023698322474956512, 0.00911727175116539, -0.0008936242666095495, -0.0032404165249317884, 0.007603211794048548, -0.010012540966272354, -0.01134228054434061, -0.01190840732306242, 0.04223567619919777, -0.015430240891873837, -0.016707317903637886, -0.0025261754635721445, -0.017168117687106133, -0.016733648255467415, 0.02384314499795437, -0.022631898522377014, 0.004153789486736059, 0.012691768817603588, -0.004561927169561386, 0.013837187550961971, 0.016325511038303375, -0.004611298441886902, -0.0028026557993143797, -0.012527196668088436, 0.0005114065133966506, -0.04255165532231331, 0.02508072555065155, 0.03744335100054741, -0.008156172931194305, -0.038022641092538834, 0.005855460651218891, -0.005124762188643217, -0.009940129704773426, 0.012645687907934189, -0.0051148878410458565, 0.011487103998661041, -0.033230315893888474, -0.004492807202041149, 0.004137332085520029, 0.000102240162959788, 0.005141219589859247, 0.03578446805477142, -0.012079562060534954, -0.0071226623840630054, 0.008083761669695377, 0.014706125482916832, 0.020551711320877075, 0.014324319548904896, 0.02413279190659523, -0.02864863909780979, 0.026871265843510628, 0.025317708030343056, -0.017260277643799782, -0.002929375972598791, 0.01952478475868702, 0.019485287368297577, 0.01086831372231245, -0.014284822158515453, -0.020420053973793983, 0.0018004142912104726, 0.02192094922065735, -0.002777970163151622, -0.026199812069535255, -0.006780353374779224, -0.016075361520051956, 0.02063070610165596, -0.00829441286623478, 0.0334409661591053, -0.010361433029174805, 0.006944925058633089, -0.01058525126427412, 0.016233351081609726, -0.013350055553019047, 0.013863518834114075, -0.009499077685177326, -0.002494906773790717, 0.0005155208054929972, 0.024619923904538155, -0.010289021767675877, 0.008577476255595684, 0.009499077685177326, 0.01627284847199917, -0.015970036387443542, -0.016838975250720978, -0.008031098172068596, 0.0018366200383752584, 0.013731861487030983, 0.01647033356130123, -0.047580964863300323, -0.03143977373838425, 0.014653462916612625, -0.01222438458353281, 0.014297988265752792, 0.0006772124907001853, -0.033230315893888474, 0.010743239894509315, 0.019406292587518692, -0.007221405394375324, 0.009630735032260418, -0.037522345781326294, -0.013573872856795788, -0.024080129340291023, -0.027437390759587288, 0.00416366383433342, 0.034020259976387024, -0.0025031352415680885, 0.014521805569529533, -0.015193258412182331, -0.010637913830578327, 0.025844337418675423, 0.016707317903637886, -0.04623806104063988, -0.02804301492869854, 0.010934142395853996, 0.003452714066952467, 0.0006426524487324059, 0.0030379933305084705, 0.023369180038571358, 0.01506160106509924, -0.0067145247012376785, 0.0006298981024883687, 0.026265641674399376, 0.00888028834015131, -0.004581675864756107, -0.0036304513923823833, -0.019063984975218773, 0.013521209359169006, 0.010065204463899136, -0.009387169033288956, 0.026805436238646507, 0.006885679438710213, 0.0017296484438702464, 0.03407292068004608, 0.013903016224503517, 0.011928156018257141, 0.008274664171040058, -0.007023919373750687, -0.011730669997632504, 0.001731294090859592, 0.004252532497048378, 0.01075640507042408, -0.012619356624782085, 0.0350208543241024, 0.029570240527391434, 0.002593649784103036, 0.005160968285053968, 0.006566410418599844, 0.00952540896832943, -0.021710297092795372, 0.02864863909780979, -0.012046647258102894, 0.03170308843255043, -0.013626535423099995, -0.0033243480138480663, -0.041156087070703506, 0.004450018517673016, -0.01246136799454689, -0.015548733063042164, 0.015627726912498474, 0.020025081932544708, 0.03143977373838425, -0.009722894988954067, -0.008419487625360489, -0.012830008752644062, 0.013626535423099995, 0.02394847199320793, -0.011618761345744133, -0.010447010397911072, 0.011125045828521252, 0.02160497009754181, 0.013968844898045063, 0.00224311207421124, 0.006724399048835039, -0.002970519009977579, 0.006800102069973946, 0.005839003250002861, 0.005736968945711851, -0.01102630328387022, 0.05005612224340439, -0.007267485838383436, 0.0045158471912145615, 0.029833555221557617, 0.002852027304470539, 0.013481712900102139, 0.01656249538064003, -0.008426070213317871, -0.002697329968214035, 0.03699571639299393, -0.012672020122408867, 0.020117243751883507, -0.003098884830251336, 0.003014953341335058, 0.01814238354563713, 0.012691768817603588, -0.01678631268441677, -0.0314924381673336, -0.01615435630083084, -0.01728660985827446, -0.015535566955804825, 0.03165042772889137, -0.0015988139202818274, 0.026831768453121185, 0.014218993484973907, 0.004637630190700293, -0.020275231450796127, -0.0014153164811432362, 0.015983201563358307, 0.00753080053254962, -0.02069653570652008, 0.0199724193662405, -0.029886217787861824, -0.02040688879787922, -0.01440331432968378, -0.04120875149965286, -0.017457764595746994, 0.00928842555731535, -0.014666629023849964, 0.015535566955804825, -0.017023295164108276, -0.013652866706252098, 0.0011914990609511733, 0.02514655329287052, 0.003890474559739232, -0.02820100449025631, -0.02630513906478882, 0.015298583544790745, 0.010453593917191029, 0.02738472819328308, -0.0016695797676220536, -0.020551711320877075, 0.002670998452231288, -0.034178249537944794, 6.001723522786051e-05, -0.029412250965833664, -0.0009553386480547488, -0.017642084509134293, 0.00448622414842248, 0.003600828582420945, 0.015206423588097095, 0.013165734708309174, 0.02914893627166748, -0.015245920978486538, -0.030149532482028008, 0.011059217154979706, -0.018761172890663147, -0.020025081932544708, -0.0024159124586731195, 0.023079533129930496, 0.02343500778079033, -0.01602269895374775, -0.01855052076280117, -0.0024636380840092897, -0.025344040244817734, -0.007458388805389404, -0.007557131815701723, -0.010907811112701893, 0.005417699925601482, 0.011348863132297993, -0.00022854893177282065, -0.01640450581908226, -0.003149901982396841, 0.02788502722978592, 0.012593025341629982, -0.007425474468618631, -0.023553499951958656, 0.018998155370354652, -0.019867094233632088, -0.0004830179095733911, 0.015983201563358307, -0.017747411504387856, 0.006230683997273445, -0.0020801860373467207, 0.00593774626031518, -0.016457168385386467, -0.007392560131847858, 0.023987969383597374, 0.014126833528280258, -0.006296512670814991, 0.004015549086034298, 0.03457321971654892, 0.017247112467885017, 0.004617881495505571, 0.020591208711266518, 0.005411116871982813, -0.005105013493448496, -0.0032963708508759737, 0.003953011706471443, 0.011401526629924774, -0.025857502594590187, 0.0067474390380084515, 0.0024932611268013716, 0.005674431566148996, -0.012579859234392643, 0.030623499304056168, 0.011638510040938854, 0.01293533481657505, -0.03349363058805466, 0.0031104048248380423, -0.0009956586873158813, 0.005144510883837938, 0.005486819893121719, -0.001760917017236352, -0.005529608577489853, -0.005147802177816629, 0.0012235904578119516, 0.021999942138791084, 0.0061023179441690445, 0.0033045995514839888, 0.007866526953876019, 0.00708316545933485, -0.017260277643799782, 0.023263853043317795, -0.005111596547067165, -0.0030972391832619905, 0.001724711270071566, -0.015311749652028084, -0.017405102029442787, 0.00990721583366394, -0.00946616381406784, -0.005585562903434038, -0.008248332887887955, 0.04360491409897804, 0.0060661123134195805, 0.031308118253946304, 0.016575660556554794, -0.02770070545375347, 0.015403909608721733, 0.008307578973472118, -0.0009643900557421148, -0.014785120263695717, -0.011645092628896236, -0.02259240113198757, -0.015430240891873837, -0.013521209359169006, 0.01225729938596487, -0.018669012933969498, -0.023803649470210075, -0.023764152079820633, -0.007932355627417564, -0.030044207349419594, -0.017260277643799782, 0.021907782182097435, 0.019630109891295433, 0.016325511038303375, -0.004746247548609972, 0.007267485838383436, 0.04784427955746651, -0.01706279255449772, -0.011835996061563492, -0.02063070610165596, -0.020262066274881363, 0.031755752861499786, 0.020143574103713036, 0.01690480299293995, -0.017049627378582954, -0.006540078669786453, 0.012099310755729675, 0.004558635875582695, -0.01911664754152298, 0.015443406999111176, 0.019603779539465904, -0.01473245769739151, 0.003732485929504037, 0.017813239246606827, 0.03165042772889137, 0.016035865992307663, -0.021855119615793228, 0.005842295009642839, -0.03683772683143616, 0.008340492844581604, -0.01789223402738571, -0.007669040467590094, -0.008143006823956966, -0.00551315164193511, 0.02217109687626362, -0.02160497009754181, -0.01690480299293995, 0.010275855660438538, -0.023935306817293167, 0.023053200915455818, 0.010275855660438538, -0.00021744033438153565, 0.029886217787861824, 0.02230275422334671, 0.0022974207531660795, 0.005019436590373516, -0.0025640269741415977, 0.011678006500005722, -0.006260307040065527, 0.01710228994488716, 0.02069653570652008, -0.00729381712153554, 0.0020423345267772675, 0.008399738930165768, -0.011078965850174427, -0.024343444034457207, 0.029675565659999847, -0.009913798421621323, 0.02467258647084236, 0.009420082904398441, -0.002860256005078554, -0.025725845247507095, -0.0011857389472424984, -0.0011947904713451862, 0.014034673571586609, 0.012428454123437405, 0.007221405394375324, 0.002048917580395937, 0.00364690856076777, -0.010736656375229359, -0.020275231450796127, 0.018339868634939194, -0.02589699998497963, -0.0073596457950770855, 0.03617943823337555, -0.0322297178208828, 0.02822733484208584, 0.0066289473325014114, 0.0141663309186697, -0.030544504523277283, -0.006951508112251759, -0.006266889628022909, -0.01624651625752449, 0.0024587009102106094, -0.015825213864445686, 0.01440331432968378, 0.015509235672652721, 0.02706875093281269, -0.006178020965307951, -0.0016498311888426542, 0.006128649692982435, -0.014153164811432362, -0.017971228808164597, -0.005473654251545668, -0.009946712292730808, -0.023356013000011444, 0.02722674049437046, 0.006128649692982435, 0.010572085157036781, 0.01586471125483513, -0.025949664413928986, -0.00020766889792867005, 0.011276451870799065, -0.014245324768126011, -0.022789886221289635, 0.005973952356725931, -0.018089719116687775, 0.003294725203886628, 0.025607354938983917, 0.02009091153740883, -0.002631501294672489, -0.027832362800836563, 0.012579859234392643, 0.019011320546269417, 0.0002575546968728304, 0.004752830136567354, -0.003459296887740493, 0.03072882443666458, -0.009018528275191784, 0.0244751013815403, -0.008031098172068596, -0.0007076582405716181, -0.005328831262886524, -0.010071787051856518, -0.044210538268089294, 0.0006348352762870491, 0.007451805751770735, -0.027358397841453552, 0.016417670994997025, -0.006451210007071495, -0.015219589695334435, -0.018089719116687775, 0.004545469768345356, 0.03404659032821655, -0.001882700133137405, -0.005243253894150257, -0.012362625449895859, -0.007214822806417942, -0.014956275001168251, 0.0258706696331501, -0.00517413392663002, -0.0037522343918681145, 0.02148647978901863, -0.01599636860191822, 0.035758137702941895, -0.02167079970240593, -0.02236858382821083, 0.003887183265760541, -0.017431432381272316, 0.02962290309369564, -0.014074170961976051, 0.009459580294787884, 0.012922168709337711, -0.008412905037403107, -0.0031597763299942017, 0.012230968102812767, 0.037838321179151535, -0.00967023242264986, 0.004973356146365404, 0.021144170314073563, -0.009861135855317116, -0.027279403060674667, -0.0004377606965135783, -0.005651391576975584, -0.049134522676467896, -0.03436256945133209, 0.011329114437103271, 0.0004410521069075912, 0.0007759555010125041, -0.0076163774356245995, 0.008373407647013664, -0.0202489010989666, 0.016601990908384323, -0.022157931700348854, 0.009841387160122395, -0.015535566955804825, -0.01622018590569496, -0.026713276281952858, 0.017865901812911034, -0.028938286006450653, 0.025502027943730354, -0.004002383444458246, 0.003860851749777794, -0.030649831518530846, -0.005341996904462576, -0.01640450581908226, 0.025409867987036705, 0.012856340035796165, 0.019643276929855347, -0.02533087320625782, 0.022816218435764313, -0.008610391058027744, 0.011441024020314217, -0.012869506143033504, 0.018181879073381424, 0.00025508610997349024, 0.018129216507077217, -0.008182504214346409, -0.006691484712064266, -0.014706125482916832, -0.008452401496469975, -0.008867122232913971, 0.012092727236449718, 0.008761796168982983, -0.01753675937652588, -0.013824021443724632, 0.005223505198955536, -0.00573367765173316, 0.0251728855073452, -0.00405504647642374, -0.04168271645903587, -0.0029211475048214197, -0.03839128464460373, -0.00873546488583088, 0.0009183100191876292, 0.017800074070692062, 0.06656595319509506, -0.011605595238506794, -0.021868284791707993, 0.005427574273198843, -0.003610702697187662, 0.00059163523837924, -0.011414691805839539, 0.005417699925601482, 0.0020028373692184687, -0.022789886221289635, 0.01678631268441677, -0.04552711173892021, -0.016286013647913933, 0.0002258746389998123, 0.00920943170785904, -0.014139999635517597, 0.018339868634939194, 0.0387335903942585, 0.0007574411574751139, -0.026555286720395088, 0.005213630851358175, 0.02571268007159233, 0.004594841506332159, 0.004239366855472326, -0.003742360044270754, 0.02677910402417183, -0.0049272761680185795, -0.00829441286623478, -0.003327639540657401, -0.011776749975979328, 0.0025508610997349024, 0.009736061096191406, -0.005638225935399532, 0.0283326618373394, -0.024106459692120552, 0.0032009193673729897, 0.010071787051856518, -0.01023635920137167, -0.004459892865270376, -0.028569644317030907, 0.020011916756629944, -0.023514002561569214, 0.01299457997083664, -0.005582271609455347, -0.006319552659988403, -0.008031098172068596, -0.0005418522632680833, -0.02422495186328888, 0.010032289661467075, -0.0002906747395172715, -0.012546945363283157, -0.002833924489095807, 0.011631926521658897, 0.002896461635828018, 0.04120875149965286, -0.000706423947121948, -0.012856340035796165, 0.02056487835943699, -0.0169969629496336, -0.02227642387151718, 0.011302783153951168, -0.02614714950323105, 0.017931731417775154, 0.0053880768828094006, -0.022974207997322083, 0.00010542873496888205, -0.022500241175293922, -0.03488919883966446, 0.01886649802327156, 0.006546661723405123, 0.009354254230856895, 0.01457446813583374, -0.01669415272772312, 0.0029820390045642853, 0.010532587766647339, 0.01669415272772312, 0.015627726912498474, -0.017207615077495575, -0.012072978541254997, 0.001543682417832315, -0.0150484349578619, -0.015101097524166107, -0.02205260656774044, -0.029728230088949203, -0.018629515543580055, 0.003696280065923929, -0.0037719830870628357, -0.0020094201900064945, 0.003102176357060671, -0.004134040791541338, -0.0267527736723423, -0.0004994750488549471, 0.008537978865206242, -0.012948499992489815, -0.006217518355697393, 0.02962290309369564, 0.0035053768660873175, -0.02709508314728737, -0.006717816460877657, -0.010723491199314594, -0.038470275700092316, 0.01187549252063036, -0.0009561614715494215, -0.000808869837783277, -0.0010244587901979685, -0.008511647582054138, -0.005480237305164337, -0.008886870928108692, -0.03683772683143616, 0.030333852395415306, -0.019735436886548996, 0.02259240113198757, 0.02571268007159233, -0.0050457678735256195, 0.012382373213768005, -0.024369774386286736, 0.0018514314433559775, -0.01778690703213215, 0.025936497375369072, 0.009202849119901657, -0.028095677495002747, 0.0026150441262871027, -0.008524813689291477, 0.020196236670017242, -0.03723269701004028, -0.02350083738565445, 0.010466759093105793, 0.01968277432024479, -0.03251936659216881, 0.0064413356594741344, 0.02264506369829178, -0.005147802177816629, 0.007432057522237301, -0.007162159774452448, 0.007050251122564077, -0.013218398205935955, -0.03259836137294769, 0.008156172931194305, -0.01123037189245224, -0.006912010721862316, -0.019867094233632088, -0.025541525334119797, 0.01930096745491028, -0.0030890104826539755, 0.013666032813489437, -0.007682206109166145, 0.0002808004501275718, 0.1730504184961319, -0.02835899218916893, -0.024646256119012833, 0.02334284782409668, 0.011480520479381084, 0.01290242001414299, 0.03378327563405037, 0.00402871472761035, -0.03265102207660675, 0.0011487103765830398, 0.019643276929855347, -0.03180841729044914, -0.028727633878588676, 0.013731861487030983, 0.024777913466095924, -0.026002326980233192, -0.010038873180747032, -0.0065269130282104015, 0.016101693734526634, -0.028437986969947815, 0.038812585175037384, -0.008300995454192162, 0.015943704172968864, 0.001882700133137405, 0.047422975301742554, -0.011381777934730053, -0.007069999817758799, 0.011710921302437782, 0.009894049726426601, 0.0017856027698144317, -0.03407292068004608, 0.02056487835943699, 0.016891637817025185, 0.022157931700348854, -0.023421842604875565, 0.017154952511191368, -0.01181624736636877, 0.007280651479959488, 0.01402150746434927, 0.007563714869320393, 0.034520555287599564, -0.007827029563486576, 0.011065799742937088, -0.014416479505598545, -0.007366228848695755, 0.04639605060219765, 0.013903016224503517, -0.024014299735426903, 0.02056487835943699, -0.007451805751770735, -0.025818007066845894, -0.0008788128034211695, -0.012606191448867321, 0.019577447324991226, 0.014982606284320354, 0.00416366383433342, 0.011059217154979706, 0.016536163166165352, 0.0006233152817003429, 0.016983797773718834, -0.014956275001168251, 0.018998155370354652, -0.017273444682359695, 0.023053200915455818, 0.004166955128312111, -0.009578072465956211, 0.007715120445936918, -0.03494185954332352, 0.004667253233492374, -0.005977243650704622, -0.002272734884172678, -0.01110529713332653, -0.010295604355633259, 0.0005204579792916775, -0.009183100424706936, -0.028701301664114, 0.04521113261580467, 0.02280305325984955, -0.00246857525780797, 0.015496069565415382, -0.0021986777428537607, 0.0036238685715943575, -0.008373407647013664, -0.030333852395415306, -0.012329710647463799, -0.0366007424890995, 0.009347671642899513, 0.008333910256624222, -0.013837187550961971, -0.013145986013114452, -0.01965644210577011, -0.019379962235689163, -0.005736968945711851, 0.004930567927658558, 0.013040660880506039, 0.018155548721551895, 0.028753964230418205, 0.021275827661156654, -0.028253667056560516, -0.010335101746022701, -0.019011320546269417, 0.03412558510899544, 0.017721079289913177, 0.04047146812081337, 0.010809068568050861, 0.0013659449759870768, 0.0010129386791959405, 0.019485287368297577, 0.006075986661016941, -0.031966403126716614, 0.017049627378582954, -0.01490361150354147, -0.01411366742104292, -0.013277643360197544, 0.008340492844581604, -0.01181624736636877, -0.00987430103123188, -0.007451805751770735, 0.0161148589104414, 0.008695967495441437, 0.006161564029753208, -0.00816933810710907, -0.02239491418004036, -0.004351275507360697, 0.02205260656774044, -0.018655845895409584, -0.051872994750738144, 0.023737819865345955, -0.010809068568050861, 0.001853077206760645, 0.0026660612784326077, -0.025462530553340912, 0.020933518186211586, 0.002552506746724248, -0.010888062417507172, -0.007859943434596062, 0.01631234586238861, 0.009663649834692478, 0.005546065978705883, -0.009044859558343887, -0.023132195696234703, -0.010183695703744888, 0.019169310107827187, 0.013303975574672222, 0.004654087126255035, -0.01411366742104292, 0.008610391058027744, -0.0025360495783388615, -0.03749601170420647, 0.004545469768345356, -0.010381181724369526, 0.029438583180308342, 0.00740572577342391, -0.008037680760025978, 0.00696467375382781, 0.018339868634939194, -0.0318610779941082, -0.017997559159994125, 0.0046705445274710655, -0.01766841672360897, -0.03586346283555031, -0.002932667499408126, 0.006530204322189093, 0.0185768511146307, -0.012421870604157448, -0.0020686660427600145, -0.1643083691596985, 0.006885679438710213, 0.007958686910569668, -0.03499452397227287, 0.016444003209471703, 0.012619356624782085, 0.03409925475716591, 0.0031630678568035364, -0.029043611139059067, -0.02031472884118557, -0.0015988139202818274, -0.01370553020387888, -0.01392934750765562, 0.0020176488906145096, -0.013435632921755314, -0.006062821019440889, -0.014324319548904896, -0.0002503546711523086, 0.04378923401236534, 0.014271656982600689, 0.016391340643167496, -0.02514655329287052, 0.028859291225671768, 0.02741106040775776, -0.0029869761783629656, -0.0028487357776612043, -0.00011653732508420944, 0.007491303142160177, 0.01583837904036045, -0.028964616358280182, 0.017431432381272316, -0.0008598870481364429, 0.027437390759587288, -0.022329086437821388, -0.011013137176632881, 0.018721675500273705, -0.012191470712423325, -0.008472150191664696, -0.03375694528222084, 0.02618664689362049, 0.0021460147108882666, 0.036732401698827744, -0.013053826056420803, -0.024080129340291023, 0.01583837904036045, 0.044816162437200546, 0.019537949934601784, -0.026792271062731743, -0.0003168004914186895, -0.022908378392457962, -0.01949845254421234, 0.0057633002288639545, -0.013547541573643684, -0.024330278858542442, 0.009604403749108315, 0.008478733710944653, -0.0031087591778486967, 0.0009141957270912826, -0.004255823791027069, 0.0008738756296224892, 0.010815651156008244, -0.020301563665270805, 0.03104480355978012, 0.0033704282250255346, 0.007451805751770735, 0.003696280065923929, 0.024738416075706482, 0.00811009295284748, -0.03236137703061104, 0.01911664754152298, -0.008669636212289333, 0.008004766888916492, 0.006997588090598583, -0.033361971378326416, 0.010736656375229359, 0.0157462190836668, -0.023171693086624146, 0.004986522253602743, -0.013982010073959827, -0.002983684651553631, -0.023105865344405174, 0.024303946644067764, -0.018405698239803314, -0.052030984312295914, 0.0017362312646582723, 0.029912550002336502, 0.011809663847088814, 0.01622018590569496, -0.0017921857070177794, 0.014482308179140091, 0.020169906318187714, -0.03644275292754173, -0.007833612151443958, -0.010210026986896992, -0.009926964528858662, 0.015851544216275215, -0.007418891414999962, -0.02637096680700779, 0.005476945545524359, -0.03983951359987259, 0.007458388805389404, 0.004792327526956797, 0.011829412542283535, 0.002486678073182702, 0.005167550873011351, -0.0015280480729416013, -0.0007093039457686245, 0.009031694382429123, 0.03899690508842468, 0.00911727175116539, -0.00549669424071908, 0.003449422540143132, -0.005289333872497082, 0.010361433029174805, -0.0046211727894842625, 0.0125864427536726, -0.016193853691220284, 0.0065960329957306385, 0.010150781832635403, 0.005032602231949568, 0.0605623796582222, -0.010479925200343132, 0.0017461056122556329, 0.0023500837851315737, 0.005391368642449379, -0.01323156338185072, -0.10785370320081711, -0.014482308179140091, 0.02804301492869854, 0.019761767238378525, -0.0030972391832619905, -0.0053024995140731335, -0.008584058843553066, 0.025370370596647263, -0.03517884388566017, 0.011691172607243061, -0.024817410856485367, -0.025409867987036705, 0.00236160377971828, -0.01934046484529972, 0.013442215509712696, 0.01687847264111042, 0.025660017505288124, -0.015548733063042164, -0.020775530487298965, 0.0367850624024868, 0.004206452518701553, 0.011664841324090958, -0.019695939496159554, -0.01281026005744934, -0.03238770738244057, 0.0042953211814165115, -0.004654087126255035, -0.0013733507366850972, 0.014534971676766872, -0.014679794199764729, -0.007866526953876019, -0.014521805569529533, 0.01952478475868702, -0.026858098804950714, 0.026739608496427536, -0.0017806655960157514, -0.004232783801853657, -0.007649291772395372, 0.02435660921037197, -0.007985018193721771, 0.0017197740962728858, -0.0071753254160285, 0.010822233743965626, 0.006717816460877657, 0.00729381712153554, -0.0058521693572402, -0.005710637662559748, -0.015166926197707653, -0.013211814686655998, -0.020683368667960167, -0.03394126519560814, -0.001709899865090847, -0.01583837904036045, -0.024870073422789574, 0.02867497131228447, -0.011724086478352547, 0.013159152120351791, -0.019445789977908134, -0.02013040892779827, -0.018089719116687775, -0.011651675216853619, -0.0038114802446216345, 0.010038873180747032, 0.010071787051856518, 0.019630109891295433, -0.015272252261638641, -0.025910167023539543, -0.03596878796815872, 0.01968277432024479, 0.004575092811137438, -0.006931759417057037, 0.026989756152033806, 0.0023451466113328934, 0.02144698239862919, -0.03254569694399834, 0.030386516824364662, -0.017339272424578667, -0.00867621973156929, 0.009255511686205864, -0.022329086437821388, -0.0004192463820800185, -0.021473312750458717, 0.019037652760744095, -0.018366200849413872, 0.030992139130830765, 0.008182504214346409, 0.02167079970240593, -0.012132224626839161, 0.009808472357690334, 0.001709899865090847, -0.019445789977908134, 0.004288738127797842, 0.011059217154979706, -0.023961637169122696, -0.006892262026667595, -0.010453593917191029, 0.005131345242261887, 0.003992509096860886, 0.013271060772240162, 0.04655404016375542, -0.006010157987475395, -0.024080129340291023, -0.0366007424890995, -0.00022669749159831554, 0.01022319309413433, -0.006938342470675707, 0.016667820513248444, 0.005700763314962387, 0.018603183329105377, -0.005160968285053968, -0.007030502427369356, 0.020169906318187714, -0.03373061120510101, -0.0024883239530026913, -0.0007706069154664874, -0.009018528275191784, -0.02650262415409088, -0.0032321878243237734, 0.03296700119972229, -0.018471525982022285, 0.025054393336176872, 0.014311153441667557, 0.011276451870799065, -0.0027977186255156994, 0.013837187550961971, 0.01282342616468668, 0.00036966914194636047, -0.009255511686205864, -0.021881451830267906, 0.023198025301098824, 0.007813863456249237, 0.004644212778657675, 0.008702551014721394, -0.03423091024160385, -0.0044829328544437885, 0.030070537701249123, -0.0017477512592449784, -0.003969469107687473, 0.0009388814796693623, 0.013521209359169006, 0.022408081218600273, 0.0783097892999649, -0.015298583544790745, -0.04689634591341019, -0.00033675480517558753, -0.04060312733054161, 0.0024488267954438925, -0.02198677696287632, -0.027305733412504196, -0.0031992734875530005, -0.004963482264429331, -0.0010721845319494605, 0.019577447324991226, 0.01022319309413433, 0.017233947291970253, -0.012632522732019424, -0.0009199557243846357, -0.026634281501173973, 0.00729381712153554, -0.017089124768972397, 0.03301966190338135, -0.022763555869460106, 0.04439485818147659, -0.008689384907484055, -0.017075957730412483, -0.012849757447838783, -0.01776057668030262, -0.00946616381406784, 0.0013939221389591694, 0.00788627564907074, -0.012421870604157448, -0.01537757832556963, -0.02198677696287632, 0.034020259976387024, -0.0002050974580924958, 0.014916777610778809, 0.007438640110194683, 0.0029672274831682444, 0.004334818106144667, 0.012151973322033882, 0.00946616381406784, 0.012639105319976807, 0.026133984327316284, 0.011849161237478256, -0.04002383351325989, 0.03172942250967026, 0.04689634591341019, 0.011006554588675499, -0.019893424585461617, -0.00954515766352415, -0.024751581251621246, -0.003363845171406865, 0.009742643684148788, 0.007379394490271807, -0.013429049402475357, 0.00741230882704258, -0.01440331432968378, 0.0269370935857296, 0.0012170076370239258, -0.0021361405961215496, 0.006589450407773256, 0.042946625500917435, 0.01741826720535755, 0.011296200565993786, 0.0012918877182528377, -0.03899690508842468, -0.002870130119845271, 0.001638311194255948, -0.017615754157304764, -0.03328297659754753, 0.004871321842074394, 0.008465567603707314, 0.016062196344137192, -0.01577255129814148, 0.004608007147908211, -0.00529262563213706, -0.009327922947704792, 0.011961069889366627, -0.0047890362329781055, -0.025067558512091637, -0.01902448758482933, 0.019077150151133537, 0.01911664754152298, 0.007721703499555588, 0.01814238354563713, 0.012435036711394787, 0.016983797773718834, 0.01697063259780407, 0.034336235374212265, -0.05000346153974533, -0.0030511589720845222, 0.015917373821139336, 0.012408705428242683, 0.01178333256393671, -0.04939783737063408, -0.007807280868291855, -0.026068154722452164, -0.03760134056210518, 0.006378798745572567, 0.0047890362329781055, -0.014534971676766872, 0.09805839508771896, 0.008695967495441437, 0.0031301535200327635, -0.022026274353265762, -0.00018092599930241704, -0.004104417748749256, -0.0019765058532357216, -0.00928842555731535, 0.002055500401183963, -0.023856312036514282, -0.0017411684384569526, 0.013955678790807724, 0.016931135207414627, -0.015417075715959072, -0.0014251908287405968, 0.007537383120507002, -0.02598915994167328, 0.03059716708958149, -0.017141787335276604, 0.0071358284913003445, 0.04442118853330612, 0.004239366855472326, 0.02261873334646225, -0.01490361150354147, -0.039418209344148636, -0.005638225935399532, -0.010275855660438538, 0.004341401159763336, -0.01902448758482933, -0.007129245437681675, 0.000489189347717911, -0.02325068786740303, -0.033704280853271484, -0.00946616381406784, 0.00034086909727193415, -0.017089124768972397, -0.01674681529402733, -0.009176516905426979, 0.0007319325814023614, 0.0001310402003582567, 0.007142411079257727, 0.017958061769604683, -0.024843741208314896, -0.04199869558215141, -0.020657038316130638, 0.00014184022438712418, 0.02280305325984955, -0.016799477860331535, -0.01394251361489296]"
"Independientemente de las perspectivas ontológicas, pragmáticas y nominales, el sistema de funciones ejecutivas son las encargadas de: 1) funciones de coordinación como el plan de acciones, la organización y la verificación de acciones y 2) estrategias que facilitan la expresión de la conducta ajustada socialmente. Específicamente, se relacionan con habilidades para establecer metas, flexibilidad del pensamiento, inhibición de respuestas automáticas para ejecutar otra ante una situación imprevista; así como también con la capacidad de planificar, autorregulación del comportamiento y la fluidez verbal. Ejemplos de alteración de la flexibilidad cognitiva: La flexibilidad cognitiva es el proceso ejecutivo responsable de generar modificaciones en las conductas y pensamientos en contextos dinámicos de las personas, sujetos a rápidos cambios y fluctuaciones, dependiendo de las circunstancias del entorno. En ese sentido, la posibilidad de cambiar eficiente y velozmente cuando las circunstancias lo exigen viene a ser el rasgo esencial del comportamiento adaptativo y ajustado a los objetivos. Pero, la posibilidad de adaptarnos a los cambios del ambiente no sólo requiere de flexibilidad cognitiva, sino también de otros procesos de control ejecutivos como la memoria de trabajo y la inhibición, por lo que en los ejemplos será dificil separar uno de otro, pues en algún momento se refieren tal vez a estos tres procesos de manera indistinguible. Ejemplos de alteración del control inhibitorio: En general, este término se refiere a la supresión de respuestas irrelevantes que generan interferencia sobre las que se consideran relevantes para el logro de una meta pre-determinada para lo que requiere el rol fundamental de la atención selectiva. En contextos de evaluación breve, podemos plantear una tarea, donde pedimos resolver una situación para cruzar una calle de alto tráfico y en la vereda de la esquina en la que la persona se encuentra, no hay crucero peatonal ni semáforos. Interrogamos, pidiendo ¿que haría para cruzar al otro lado de la calle sin peligro? Las diversas respuestas con adecuado control inhibitorio incluirán aquellas referidas a esperar que disminuya el tráfico, llamar a un policía o a mis hijos para que me ayuden, organizar entre varios para detener el tráfico y poder cruzar, ir a otra esquina que si tenga semáforo, o subir a un taxi. En esta tarea, podemos evaluar flexibilidad cognitiva ante una situación no prevista; pero también control inhibitorio, pues debe bloquear las respuestas inmediatas irrelevantes (""espero y sigo esperando sin importar el tiempo, una hora, dos horas"", ""no cruzo y me regreso"") o que pongan en peligro su integridad (""cruzo corriendo"" ""los choferes tienen que detenerse cuando yo cruce""). Ejemplos de alteración de la memoria de trabajo: Es la capacidad de mantener una información para poder utilizarla mientras realizamos una tarea. En el laboratorio, habitualmente se evaluan este tipo de función ejecutiva, llamada tambien memoria operativa, utilizando tareas como repetición de digitos en orden inverso poniendo y leyendo en voz alta y pausada diversas y progresivas series de números, que deben ser respondidas en orden inverso: Por ejemplo: El doctor dice 2-4, y el paciente dirá 4-2, y asi se van repitiendo secuencias. En la vida diaria, un ejemplo puede verse cuando una señora conversa por teléfono y se encuentra a la vez cocinando. Una persona con alteración de la memoria de trabajo, podría presentar una de estas situaciones, que la comida preparada está sabrosa como siempre, pero no recuerda los detalles de lo conversado por teléfono. Ejemplos de alteración de la fluidez verbal: La fluidez verbal es la velocidad y precisión en la búsqueda y actualización de la información, así como la producción de elementos específicos en un tiempo eficiente. Se puede evaluar mediante la fluidez verbal semántica y la fluidez verbal fonológica. En la fluidez semántica, se pide al participante que nombre diferentes ejemplos de una categoría semántica determinada (como categoría de animales, prendas de vestir o verduras) en un tiempo pre-establecido de un minuto, y se califica el número de ejemplares únicos nombrados. Mientras que en la fluidez fonológica, se pide al participante que diga tantas palabras como sea posible que empiecen con una determinada letra en el periodo de un minuto (usualmente la letra ""F"", pero también puede ser con la letra ""L"" o la letra ""P"").","[-0.03993101045489311, -0.008781672455370426, 0.023470299318432808, -0.002426773775368929, -0.025294890627264977, 0.0036655934527516365, -0.007003022823482752, 0.00928048137575388, -0.015016790479421616, -0.018140913918614388, 0.030899934470653534, 0.00370497303083539, -0.004262852016836405, 0.011722022667527199, -0.01979486085474491, -0.010488125495612621, 0.01748458482325077, -0.009536449797451496, -0.001135447877459228, -0.011452928185462952, -0.00654031103476882, -0.009365804493427277, -0.007337749935686588, -0.014347336255013943, -0.01863972283899784, -0.012266775593161583, 0.0002145373000530526, -0.007908755913376808, 0.0018492048839107156, -0.023089628666639328, 0.024979854002594948, -0.008958880789577961, 0.006044783163815737, 0.004236598964780569, 0.009221412241458893, -0.031241225078701973, -0.0056345779448747635, -0.03956346958875656, -0.013599121943116188, 0.005591916851699352, 0.008433817885816097, 0.023365287110209465, -0.012969046831130981, -0.0022987897973507643, 0.01383539941161871, 0.031004946678876877, -0.01783900149166584, -0.013507235795259476, -0.024809207767248154, 0.02767079882323742, 0.010586574673652649, 0.04069235175848007, -0.03373527154326439, 0.0004967584391124547, 0.009739911183714867, 0.0026499254163354635, -0.024809207767248154, 0.0024103655014187098, 0.020372429862618446, -0.02169821225106716, -0.006208865437656641, -0.01064564473927021, -0.029744796454906464, 0.013914159499108791, 0.03575676307082176, -0.005828194785863161, 0.01366475410759449, 0.0021609608083963394, 0.012371787801384926, 0.020661214366555214, 0.021343795582652092, 0.0010747375199571252, -0.007580591365695, -0.007462452165782452, 0.05271628499031067, -0.000854867568705231, 7.736212864983827e-06, 0.004249725490808487, 0.0021363485138863325, 0.0114201121032238, 0.019807986915111542, -0.03717443346977234, -0.01349410880357027, 0.012404603883624077, -0.007921881973743439, 0.0008208205108530819, 0.018337812274694443, 0.015830637887120247, -0.003928124438971281, -0.0047846329398453236, -0.014386715367436409, 0.0036065238527953625, 0.031241225078701973, 0.014465474523603916, -0.02348342537879944, 0.021343795582652092, -0.00559519836679101, -0.0075018322095274925, 0.003191396128386259, -0.01047499943524599, -0.007337749935686588, 0.014281703159213066, -0.04035106301307678, -0.0018869438208639622, -0.01631632074713707, -0.010632517747581005, -0.0034260335378348827, 0.0005820811493322253, 0.019663594663143158, -0.025623055174946785, -0.028642166405916214, -0.00578553369268775, -0.00850601401180029, -0.028405888006091118, 0.0021790098398923874, 0.012621192261576653, 0.02088436484336853, -0.016933269798755646, -0.0075609018094837666, -0.04757067188620567, 0.0010575088672339916, -0.002001801272854209, 0.004846984054893255, -0.02929849363863468, 0.009877740405499935, -0.02043806202709675, 0.007751236669719219, -0.013152818195521832, -0.038172051310539246, 0.009733348153531551, -0.016027536243200302, 0.013198761269450188, 0.006786434445530176, 0.007823432795703411, -0.01028466410934925, -0.007331186905503273, -0.006779870949685574, 0.015397461131215096, -0.022236401215195656, -0.020031139254570007, 0.03105745278298855, 0.002956758951768279, -0.026410648599267006, -0.014531107619404793, 0.0029255831614136696, 0.014321083202958107, 0.028327127918601036, 0.024047868326306343, 0.018692228943109512, 0.006812687497586012, 0.016486965119838715, -0.013546615839004517, -0.002485843375325203, -0.007987515069544315, 0.011111637577414513, -0.0051062339916825294, 0.01177452877163887, 0.015436841174960136, -0.023234020918607712, -0.020398681983351707, 0.029035963118076324, -0.019965505227446556, 0.007475579157471657, 0.025518042966723442, 0.021409427747130394, 0.01593565009534359, -0.011026314459741116, 0.003914997912943363, 0.02616124413907528, -0.000825743016321212, 0.009326424449682236, 0.028353381901979446, -0.028720924630761147, 0.014268576167523861, 0.028327127918601036, -0.0014783794758841395, 0.017025155946612358, 0.0017491148319095373, -0.018350938335061073, -0.018508456647396088, 0.016985775902867317, 0.02816960960626602, 0.025531169027090073, 0.008046584203839302, -0.020385555922985077, 0.0022036221344023943, 0.03040112555027008, -0.0005287544336169958, 0.005014347843825817, -0.011708896607160568, -0.03079492226243019, 0.0209368709474802, 0.021002504974603653, -0.015856890007853508, -0.6309152245521545, -0.027250749990344048, 0.0065928176045417786, -0.03386653959751129, -0.003747634356841445, 0.03223884478211403, 0.00928704533725977, -0.002887844340875745, 0.004774787928909063, -0.054186463356018066, 0.004410525783896446, 0.0028058034367859364, 0.001219129771925509, -0.02660754881799221, -0.04074485972523689, -0.02322089485824108, -0.012312718667089939, -0.010790036991238594, 0.032842665910720825, 0.016867635771632195, -0.008650406263768673, 0.01497741136699915, -0.012949356809258461, 0.009260792285203934, 0.0019624214619398117, 0.015003664419054985, 0.02463856339454651, -0.019072899594902992, 0.01327095739543438, 0.02051682211458683, -0.00986461341381073, 0.011991117149591446, -0.018442824482917786, 0.015292448922991753, 0.05198119953274727, -0.014097930863499641, -0.016119422391057014, 0.006080881226807833, 0.00523421773687005, 0.04029855504631996, -0.005861011333763599, 0.0035277644637972116, -0.007803743239492178, -0.015791257843375206, 0.019571708515286446, -0.0013085544342175126, -0.00018859183182939887, -0.012765584513545036, 0.008158160373568535, 0.0031831921078264713, 0.0066026621498167515, -0.0042333174496889114, -0.014058551751077175, 0.016001282259821892, 0.008486324921250343, 0.01703828200697899, 0.0075937178917229176, -0.03160876780748367, 0.004571326542645693, -0.01174171268939972, 0.007567464839667082, 0.00038108060834929347, -0.026410648599267006, -0.01635570079088211, -0.013730387203395367, 0.05838696286082268, -0.017642103135585785, -0.006143232341855764, 0.005047164391726255, -0.019821112975478172, -0.020661214366555214, 0.014583613723516464, -0.00837474875152111, 0.007449325639754534, 0.017169548198580742, -0.030217353254556656, 0.03562549874186516, 0.007757800165563822, 0.011406985111534595, 0.017694609239697456, -0.011393859051167965, -0.0174977108836174, -0.027224496006965637, 0.008059711195528507, 0.011813908815383911, -0.011695769615471363, -0.016959521919488907, -0.0026466436684131622, -0.016460712999105453, 0.011328225955367088, 0.029849808663129807, 0.007048965431749821, -0.0017245025373995304, -0.015870017930865288, -0.018049027770757675, 0.017379572615027428, -0.011288845911622047, 0.01404542475938797, 0.05355638638138771, -0.005762562155723572, -0.004696028772741556, -0.015515600331127644, 0.004449905827641487, -0.004896208643913269, 0.009182032197713852, 0.027119483798742294, -0.021461933851242065, 0.03268514946103096, 0.038487087935209274, -0.022682704031467438, -0.0030962286982685328, 0.012063313275575638, 0.009910556487739086, 0.0019460133044049144, -0.00408564368262887, -0.027119483798742294, 0.013677881099283695, 0.014583613723516464, -0.0001337268913630396, -0.016775749623775482, -0.01119039673358202, -0.01234553474932909, 0.030217353254556656, -0.022643325850367546, 0.02390347607433796, -0.006924263201653957, -0.013887906447052956, -0.019847366958856583, 0.0051062339916825294, -0.005244062747806311, 0.004272697027772665, -0.011505434289574623, 0.006126824300736189, 0.00465993070974946, 0.01443922147154808, 0.001929605146870017, 0.021120643243193626, -0.011597320437431335, 0.012745894491672516, -0.02049056813120842, -0.027539534494280815, -0.0127393314614892, -0.0027352480683475733, -0.0075018322095274925, -0.005299850832670927, -0.030217353254556656, -0.027460774406790733, 0.0025810108054429293, -0.008492887951433659, 0.0012092848774045706, 0.001619489979930222, -0.03373527154326439, -0.0044433423317968845, 0.04376396909356117, 0.024428538978099823, -0.009306734427809715, -0.03276390582323074, -0.017550216987729073, -0.015331828035414219, -0.014452348463237286, 0.0060972897335886955, 0.02693571150302887, -0.002689304994419217, -0.0026269538793712854, -0.019912999123334885, 0.0021675240714102983, 0.002503892406821251, 0.011131327599287033, -0.02354905754327774, -0.04449905827641487, 0.005139050539582968, 0.005792096722871065, 0.0029485546983778477, 0.0002705303195398301, 0.005923362448811531, 0.006090726237744093, 0.006599380634725094, -0.012227395549416542, 0.02512424625456333, -0.00173270667437464, 0.005467214621603489, 0.009378930553793907, -0.022315161302685738, -0.009588955901563168, 0.023023994639515877, 0.004807604476809502, 0.005916799418628216, -0.0013987995916977525, -0.02851090021431446, 0.019926127046346664, 0.02998107485473156, 0.020411809906363487, -0.023050248622894287, -0.008965443819761276, 0.0015210408018901944, 0.0053884549997746944, 0.007856248877942562, -0.016933269798755646, -0.025308018550276756, 0.02122565545141697, 0.03302643820643425, -0.006304033100605011, -0.008381311781704426, -0.02501923404633999, 0.013251267373561859, -0.021002504974603653, 0.010507815517485142, -0.003478539874777198, 0.0136910080909729, 0.005326103884726763, 0.0035310459788888693, -0.012391477823257446, -0.01404542475938797, -0.00952988676726818, -0.023037122562527657, 0.024047868326306343, -0.0035343277268111706, 0.023260273039340973, -0.014793639071285725, -0.015253068879246712, 0.007344313431531191, 0.008427254855632782, 0.02054307423532009, -0.005998840555548668, 0.014728005975484848, 0.004807604476809502, 0.0039904760196805, 0.029062215238809586, 0.0016342573799192905, 0.004282542038708925, 0.0025416312273591757, -0.0042891050688922405, -0.0007560081430710852, 0.013264394365251064, -0.0166313573718071, 0.04449905827641487, 0.001970625715330243, -5.032704575569369e-05, 0.03441785275936127, -0.006760180927813053, 0.002777909394353628, 0.027224496006965637, -0.009077019989490509, 0.004262852016836405, 0.016434459015727043, -0.021448807790875435, 0.03452286496758461, 0.018784115090966225, 0.019099151715636253, 0.010881922207772732, -0.009779291227459908, -0.021934490650892258, -0.02927224151790142, -0.02282709628343582, 0.008492887951433659, 0.01138073205947876, 0.03294767811894417, -0.0197029747068882, 0.007764363195747137, 0.027119483798742294, 0.014058551751077175, -0.001472636591643095, 0.010383113287389278, -0.0021330667659640312, -0.003941251430660486, -0.015870017930865288, 0.007849685847759247, -0.01249649003148079, -0.02777581289410591, -0.012076440267264843, -0.024389158934354782, -0.0003978990134783089, -0.009516759775578976, 0.022210149094462395, 0.009136089123785496, 0.013428476639091969, -0.0003425213217269629, 0.0017441923264414072, 0.0034457233268767595, 0.018403444439172745, -0.010547195561230183, 0.0005267034284770489, 0.019177911803126335, 0.014859272167086601, 0.00559519836679101, -0.0111707067117095, -0.013336590491235256, -0.0006075138226151466, -0.015095550566911697, 0.012818090617656708, -0.021763844415545464, 0.007364002987742424, -0.03998351842164993, 0.011813908815383911, -0.0023578593973070383, 0.028012091293931007, 0.020385555922985077, 0.013106875121593475, -0.027985837310552597, -0.03772575035691261, -0.006687984801828861, -0.018127785995602608, -0.027854571118950844, -0.008079401217401028, 0.023023994639515877, 0.0242447666823864, -0.014202944003045559, -0.015187435783445835, 0.01327095739543438, -0.016145674511790276, 0.010133708827197552, -0.0023151980713009834, -0.0011493948986753821, -0.020648086443543434, 0.018705355003476143, 0.01502991747111082, -0.016211308538913727, 0.011137890629470348, 0.04021979495882988, 0.01366475410759449, -0.011354479007422924, -0.0311887189745903, 0.012503053061664104, -0.010652207769453526, 0.016211308538913727, 0.0146098667755723, -0.026817573234438896, 0.0006493547698482871, -0.00022663835261482745, -0.024822335690259933, -0.05205995962023735, -0.005083262454718351, 0.024914221838116646, -0.024218512699007988, -0.009969626553356647, 0.00653046602383256, 0.020398681983351707, 0.0021133769769221544, 0.008998260833323002, 0.027618292719125748, -0.007278680335730314, -0.03528420627117157, -0.012023934163153172, 0.016828257590532303, -3.1098679755814373e-05, -0.018377192318439484, 0.01671011745929718, 0.02428414672613144, -0.00580522371456027, 0.004190655890852213, 0.03672812879085541, 0.013303774408996105, 0.0075018322095274925, -0.032055072486400604, -0.0007863633218221366, 0.003191396128386259, 0.009136089123785496, 0.016539473086595535, 0.010409366339445114, 0.009044203907251358, -0.003829675493761897, -0.018075279891490936, 0.02126503549516201, 0.017235180363059044, 0.0194010641425848, -0.0036918465048074722, 0.018009647727012634, -0.027066977694630623, 0.020976250991225243, -0.01537120807915926, 0.011918921023607254, 0.020385555922985077, -0.002462871838361025, -0.00663547869771719, 0.012693388387560844, -0.01828530617058277, -0.021921364590525627, -0.010776909999549389, 0.036596864461898804, 0.003652466693893075, 0.0292197335511446, 0.020254289731383324, -0.014347336255013943, -0.009746475145220757, 0.0031700655817985535, 0.00663547869771719, -0.011406985111534595, -0.017747117206454277, -0.002403802238404751, 0.001913196872919798, -0.006425453815609217, 0.01825905218720436, -0.010790036991238594, -0.010547195561230183, 0.0021347077563405037, -0.028589658439159393, -0.055604130029678345, 0.016788877546787262, 0.016093168407678604, 0.016552599146962166, 0.014137310907244682, -0.0014102853601798415, 0.0034555683378130198, 0.009273918345570564, -0.0008269736426882446, -0.01781274937093258, -0.026502534747123718, -0.031319983303546906, 0.013677881099283695, -0.002712276531383395, -0.0006509955856017768, -0.022643325850367546, 0.0005443422705866396, -0.009497069753706455, -0.03231760486960411, -0.022341413423419, 0.006307314615696669, 0.019558582454919815, -0.018705355003476143, 0.010678460821509361, 0.0036590301897376776, 0.026856953278183937, 0.022144515067338943, -0.017274560406804085, 0.007285243831574917, -0.026778193190693855, 0.002395598217844963, -0.025977471843361855, -0.005503312684595585, -0.013257831335067749, 0.005004502832889557, 0.02616124413907528, -0.01516118273139, -0.019296051934361458, 0.014373589307069778, -0.021947616711258888, 0.01781274937093258, 0.01251618005335331, 0.002587574301287532, 0.019873619079589844, 0.009844924323260784, 0.023391539230942726, 0.014006045646965504, -0.035546738654375076, 0.012411167845129967, -0.02009677141904831, 0.037016913294792175, 0.029403505846858025, -0.021776972338557243, 0.015331828035414219, 0.029140975326299667, -0.013599121943116188, -0.031214972957968712, 0.02816960960626602, -0.012050187215209007, 0.028248367831110954, 0.01289685070514679, 0.0021347077563405037, -0.02545241080224514, -0.012299591675400734, -0.007318060379475355, 0.01214207336306572, -0.009378930553793907, 0.007199921179562807, -0.005477059166878462, -0.026003725826740265, -0.0017080942634493113, -0.015082423575222492, 0.009418310597538948, -0.02843214012682438, -0.0007839020690880716, 0.027040723711252213, -0.02353593148291111, 0.05024849250912666, -0.011236339807510376, 0.012411167845129967, -0.03336773067712784, -0.002741811331361532, -0.004098770208656788, -0.019952379167079926, -0.008794798515737057, -0.020766226574778557, 0.021908236667513847, 0.016421332955360413, 0.018298432230949402, 0.0031848328653723, 0.009792417287826538, 0.020634960383176804, 0.0031454532872885466, 0.0009713658364489675, -0.0013602402759715915, -0.011406985111534595, -0.03142499551177025, 0.023234020918607712, 0.0008150776848196983, 0.015174309723079205, 0.023037122562527657, -0.004689465276896954, 0.0060382201336324215, 0.017615851014852524, -0.02017553150653839, -0.009214849211275578, -0.004636959172785282, -0.021790098398923874, -0.003954377956688404, 0.026870079338550568, -0.01080972608178854, -0.009332987479865551, -0.014465474523603916, 0.012279901653528214, 0.003688564756885171, 0.016250688582658768, 0.01563373953104019, 0.017248306423425674, 0.021776972338557243, -0.019440442323684692, 0.011748275719583035, 0.01601441018283367, 0.021895110607147217, -0.010350297205150127, -0.01464924681931734, -0.039642225950956345, -0.007954698987305164, 0.007213047705590725, -0.014583613723516464, 0.016539473086595535, -0.005733027588576078, 0.006143232341855764, 0.010593138635158539, -0.004298950079828501, 0.006517339497804642, 0.021094391122460365, 0.015436841174960136, -0.009930246509611607, -0.008742292411625385, -0.01563373953104019, 0.019886747002601624, -0.0036557484418153763, 0.0015792899066582322, 0.025491788983345032, -0.007954698987305164, 0.023811589926481247, -0.017379572615027428, -0.012509617023169994, -0.010140271857380867, -0.01905977353453636, 0.0516924150288105, -0.021173149347305298, 0.01629006676375866, 0.019112279638648033, -0.011387295089662075, 0.013467855751514435, 0.007377129513770342, 0.03575676307082176, -0.0025449127424508333, 0.02698821760714054, 0.03911716490983963, -0.01778649538755417, -0.021842604503035545, 0.002044462598860264, 0.006487804930657148, -0.01971610076725483, -0.02127816155552864, 0.011203523725271225, 0.00303551834076643, 0.006199020426720381, -0.0005820811493322253, 0.023312779143452644, -0.0026581294368952513, 0.012654009275138378, -0.0014012608444318175, 0.006281061563640833, -0.013408786617219448, -0.012188015505671501, -0.03533671423792839, 0.01421607006341219, 0.006806124001741409, 0.006021811626851559, 0.0013823914341628551, 0.007226174231618643, -0.02049056813120842, 0.010783473029732704, -0.033604007214307785, 0.009858050383627415, 0.004321921616792679, 0.03034861944615841, -0.012818090617656708, 0.01136760599911213, 0.003806703956797719, -0.003849365282803774, -0.009477379731833935, 0.021435681730508804, -0.005844603292644024, 0.02205262891948223, -0.01665761135518551, -0.008834178559482098, 0.029508518055081367, -0.0011625214247033, 0.014714879915118217, -0.01463612075895071, 0.011518561281263828, -0.013467855751514435, -0.006244963500648737, -0.0054114265367388725, 0.0030748979188501835, 0.018022773787379265, -0.007482142187654972, -0.001332346349954605, -0.0002235618158010766, -0.02614811807870865, -0.009352677501738071, -0.010022132657468319, 0.002797599183395505, 0.04518163949251175, 0.009536449797451496, -0.012844344601035118, 0.012017370201647282, 0.01214207336306572, 0.0025810108054429293, -0.018324684351682663, 0.006983332801610231, 0.0048798006027936935, -0.02094999887049198, 0.025334270671010017, -0.05011722818017006, -0.018731608986854553, -0.029403505846858025, 0.012201142497360706, -0.008899811655282974, 0.0022003406193107367, 0.02730325609445572, -0.012594939209520817, -0.027171989902853966, 0.021514439955353737, -0.005742872133851051, 0.029035963118076324, 0.008702912367880344, -0.0056706760078668594, -0.0011346274986863136, 0.01711704209446907, 0.012417730875313282, -0.010960682295262814, -0.020267417654395103, 0.004689465276896954, -0.02500610612332821, 0.005332667380571365, 0.03489040955901146, -0.014741132967174053, -0.006402482278645039, 0.03651810437440872, -0.010501252487301826, -0.009438000619411469, -0.021934490650892258, -0.002730325562879443, -0.03226509690284729, 0.01936168409883976, 0.021383175626397133, 0.009241102263331413, 0.0056706760078668594, -0.008099091239273548, -0.016880763694643974, 0.006011967081576586, 0.00760028138756752, -0.0075346482917666435, 0.0011658030562102795, 0.01627694070339203, 0.022984616458415985, 0.02701447159051895, -0.018416570499539375, -0.020306795835494995, -0.000854867568705231, -0.0005402402020990849, -0.027487028390169144, 0.008998260833323002, -0.018088407814502716, 0.027198243886232376, 0.012207705527544022, -0.007921881973743439, -0.002551476238295436, -0.011800781823694706, -0.024769829586148262, 0.007626534439623356, -0.0182328000664711, 0.01707766205072403, 0.01896788738667965, -0.017655231058597565, -0.0011928766034543514, 0.007646224461495876, -0.001022231299430132, 0.01667073741555214, -0.014268576167523861, -0.008742292411625385, 0.006543593015521765, -0.014557360671460629, -0.004843702539801598, -0.0014562283176928759, -0.044945359230041504, -0.003363682422786951, 0.0023759084288030863, -0.043868981301784515, -0.007777489721775055, 0.023378413170576096, -0.015043043531477451, -0.02505861409008503, -0.0034982296638190746, 0.004978249780833721, -0.0034883846528828144, -0.009464253671467304, 0.022315161302685738, -0.0063795107416808605, -0.00015044274914544076, 0.010337170213460922, -0.00474525336176157, -0.01480676606297493, 0.03040112555027008, 0.00890637468546629, -0.008978570811450481, 0.011695769615471363, -0.021041885018348694, -0.01674949750304222, 0.0022364386823028326, -0.020766226574778557, 0.016605105251073837, -0.009753038175404072, 0.019506076350808144, 0.015069296583533287, 0.007245864253491163, 0.00327507802285254, -0.01863972283899784, -0.010750656947493553, -0.026843825355172157, 0.010356860235333443, 0.009392057545483112, -0.02094999887049198, -0.007567464839667082, -0.013927285559475422, 0.015646865591406822, -0.044184017926454544, -0.02013615146279335, 0.018770989030599594, 0.02816960960626602, -0.03271140158176422, -0.0016473839059472084, 0.024021614342927933, -0.025964345782995224, 0.01590939797461033, -0.013284084387123585, 0.02843214012682438, -0.007062091957777739, -0.03948470950126648, 0.007508395239710808, 0.009943373501300812, -0.00768560403957963, -0.0018147476948797703, -0.019558582454919815, 0.006248245015740395, 0.00044343178160488605, 0.01895475946366787, -0.009825234301388264, 0.024467917159199715, 0.1728506088256836, -0.012279901653528214, 0.004620551131665707, 0.02507174015045166, -0.017589597031474113, 0.035888031125068665, 0.012102693319320679, -0.00019966736726928502, -0.007948135025799274, 0.021527567878365517, -0.005086543969810009, -0.011892667971551418, -0.015239941887557507, 0.01404542475938797, 0.025636181235313416, -0.04638928174972534, -0.022170769050717354, -0.02005739137530327, -0.005903672892600298, -0.030952440574765205, 0.02429727278649807, -0.0001290095242438838, 0.009405183605849743, -0.011157580651342869, 0.053713906556367874, -0.014334209263324738, -0.008302552625536919, 0.011105074547231197, 0.021383175626397133, 0.0009984393836930394, -0.006579691078513861, 0.02277459017932415, 0.028222115710377693, 0.024454791098833084, -0.005326103884726763, 0.002539990469813347, -0.0228402242064476, 0.010107454843819141, 0.011223213747143745, -0.02236766740679741, 0.016447586938738823, 0.00875541940331459, -0.0098514873534441, -0.017313940450549126, 0.024901093915104866, 0.05723182484507561, -0.0006395098753273487, -0.022197021171450615, -0.014097930863499641, 0.018350938335061073, -0.03769949451088905, 0.005306413862854242, -0.010868796147406101, 0.022249529138207436, 0.02659442089498043, 0.01516118273139, 0.009753038175404072, 0.0046336776576936245, 0.002892766846343875, 0.020241163671016693, -0.020319923758506775, 0.016500093042850494, -0.01292966678738594, -0.004216908942908049, 0.019296051934361458, 0.008637280203402042, 0.003422752022743225, -0.025229258462786674, 0.006891446653753519, 0.016040662303566933, -0.011144453659653664, -0.008420691825449467, -0.008131907321512699, 0.023759083822369576, -0.0028189299628138542, -0.018350938335061073, 0.025570549070835114, 0.027171989902853966, 0.02050369419157505, 0.04998596012592316, -0.00199523800984025, 0.008059711195528507, -0.009838360361754894, -0.005043882876634598, 0.01403229869902134, -0.02127816155552864, 0.014570487663149834, -0.0014463834231719375, -0.011085384525358677, -0.019086025655269623, -0.01747145876288414, -0.017576470971107483, -0.0031520165503025055, -0.00909014604985714, 0.02127816155552864, 0.008446944877505302, 0.013356280513107777, 0.014544234611093998, -0.033577755093574524, -0.027854571118950844, -0.03680688887834549, 0.07067342847585678, 0.01782587543129921, 0.027460774406790733, 0.012083003297448158, 0.008611027151346207, 0.008197540417313576, 0.004778069909662008, -0.003508074674755335, -0.03410281613469124, 0.007679040543735027, -0.017248306423425674, -0.007153978105634451, -0.01827217824757099, -0.00665516871958971, -0.011065694503486156, 0.002892766846343875, -0.019282924011349678, 0.00656000105664134, 0.0060382201336324215, 0.019230417907238007, -0.020306795835494995, -0.014688626863062382, 0.0025892150588333607, -0.00015823663852643222, 0.0007527264533564448, -0.04266133904457092, 0.021711338311433792, -0.008210666477680206, -0.015449967235326767, 0.009674279019236565, -0.030296113342046738, 0.02463856339454651, -0.0016145675908774137, -0.0030437223613262177, -0.021396301686763763, 0.00949050672352314, 0.02018865756690502, -0.011439802125096321, -0.006989895831793547, -0.014111057855188847, 0.0019279642729088664, -0.009562702849507332, 0.03300018608570099, 0.009464253671467304, -0.012995299883186817, 0.020739972591400146, -0.002490765880793333, -0.03218633681535721, 0.0024874841328710318, -0.012614629231393337, 0.006143232341855764, 0.010100891813635826, -0.01787838153541088, 0.02617437206208706, 0.006904573179781437, -0.012279901653528214, -0.014373589307069778, 0.008138470351696014, -0.010048385709524155, -0.05019598454236984, -0.02396910823881626, 0.007639660965651274, -0.01630319468677044, -0.007350876461714506, 0.012877160683274269, -0.163504496216774, 0.01636882685124874, -0.01858721673488617, -0.022275781258940697, 0.0026860234793275595, 0.005493467673659325, 0.024874841794371605, -0.0010263333097100258, -0.018298432230949402, -0.004860110580921173, 0.005125923547893763, -0.02350967936217785, -0.04562794044613838, -0.02310275472700596, -0.020713720470666885, -0.009175469167530537, -0.007370566483587027, 0.009227975271642208, 0.02274833805859089, 0.013677881099283695, 0.005982432048767805, -0.03239636495709419, 0.011124764569103718, 0.0219738706946373, 0.0035310459788888693, -0.004400681238621473, -0.006497649941593409, 0.00337024568580091, -0.011065694503486156, -0.021724466234445572, 0.01787838153541088, -0.004341611638665199, 0.017930887639522552, -0.001422591507434845, -0.007462452165782452, 0.024139754474163055, -0.02998107485473156, -0.012804964557290077, -0.016224434599280357, 0.017957141622900963, 0.0005340871284715831, 0.03541547432541847, -0.022315161302685738, 0.017392698675394058, -0.004272697027772665, 0.024205386638641357, -0.0021199402399361134, -0.011485744267702103, -0.001750755705870688, -0.006481241434812546, -0.019571708515286446, -0.009175469167530537, -0.008368185721337795, -0.009136089123785496, 0.011446365155279636, -0.01176140271127224, -0.011013188399374485, 0.011813908815383911, 0.013782893307507038, -0.007068655453622341, 0.002443182049319148, -0.02354905754327774, 0.019296051934361458, 0.016788877546787262, 0.0046664937399327755, -0.0006641221698373556, 0.002928864909335971, 0.008814488537609577, -0.025938093662261963, 0.008650406263768673, -0.004738689865916967, -0.010632517747581005, 0.0013077340554445982, -0.018009647727012634, 0.02463856339454651, 0.0015948776854202151, -0.0023283245973289013, 0.0016818412113934755, -0.021475061774253845, 0.01979486085474491, -0.017760243266820908, 0.018298432230949402, -0.026738813146948814, -0.06600037217140198, -0.01856096275150776, 0.007987515069544315, 0.0110197514295578, 0.032133832573890686, 0.009352677501738071, 0.0038985898718237877, 0.015095550566911697, -0.040849871933460236, 0.005838039796799421, -0.01821967214345932, -0.02013615146279335, 0.015187435783445835, 0.008446944877505302, -0.009615208953619003, 0.008597900159657001, -0.02352280542254448, -0.011183833703398705, 0.01179421879351139, -0.014268576167523861, -0.005440961103886366, -0.01709078811109066, 0.005375328473746777, -0.004610706120729446, 0.008617590181529522, 0.05085231363773346, -0.01857409067451954, -0.006005403585731983, 0.011505434289574623, 0.017169548198580742, 0.027880825102329254, 0.0019148377468809485, 0.005201401654630899, -0.014137310907244682, 0.002558039501309395, 0.011925484985113144, -0.013953538611531258, 0.06694548577070236, -0.01673637144267559, 0.008059711195528507, -0.009556139819324017, -0.002067434135824442, -0.016447586938738823, -0.12286464869976044, -0.02655504085123539, 0.018009647727012634, 0.025938093662261963, 0.017589597031474113, -0.001013206783682108, -0.001822951715439558, 0.027592040598392487, -0.003842802019789815, 0.02659442089498043, -0.01941419020295143, -0.004039700608700514, -0.002290585543960333, -0.010914739221334457, 0.02047744207084179, 0.011735149659216404, 0.023273400962352753, -0.01974235475063324, 0.0006948875379748642, 0.03074241615831852, -0.010153397917747498, -0.011439802125096321, -0.012214269489049911, -0.029534772038459778, -0.0357305109500885, 0.033997803926467896, -0.006402482278645039, -0.0010082842782139778, 0.01290997676551342, -0.001185492961667478, -0.009720221161842346, -0.0018278742209076881, 0.040036022663116455, -0.020044265314936638, 0.03796202689409256, 0.010954118333756924, -0.003238979959860444, -0.030873682349920273, 0.015331828035414219, 0.0021133769769221544, 0.010389676317572594, -0.026082485914230347, 0.025229258462786674, -0.00039031021879054606, -0.005608324892818928, -0.001128884614445269, -0.011918921023607254, -0.02732950821518898, -0.0001959755172720179, 0.002738529583439231, -0.023050248622894287, -0.016985775902867317, -0.007777489721775055, -0.051876187324523926, 0.021133769303560257, 0.0005320361233316362, 0.015239941887557507, 0.004226753953844309, -0.019099151715636253, 0.002246283460408449, 0.012483363971114159, -0.005588635336607695, -0.005952897481620312, 0.008538831025362015, 0.010967245325446129, -0.007528085261583328, -0.046494293957948685, -0.02879968471825123, 0.00794157199561596, -0.014872398227453232, 0.0021626015659421682, 0.029482265934348106, -0.004236598964780569, 0.029797302559018135, -0.009792417287826538, 0.040771111845970154, -0.009588955901563168, 0.0046697757206857204, -0.014386715367436409, -0.018101533874869347, -0.027487028390169144, -0.02358843758702278, -0.0011157580884173512, -0.013612248003482819, 0.021160023286938667, 0.00337024568580091, 0.027985837310552597, -0.0047025918029248714, 0.02051682211458683, -0.005250626243650913, 0.007298370357602835, 0.01818029209971428, 0.007449325639754534, -0.008801362477242947, 0.0005603402387350798, -0.005096388980746269, 0.0019230417674407363, 0.008433817885816097, 0.007173668127506971, 0.05539410561323166, -0.007009585853666067, -0.020753100514411926, -0.03607179969549179, 0.0056378599256277084, -0.009838360361754894, 0.008676659315824509, -0.005227654706686735, 0.026016851887106895, -0.0046664937399327755, -0.0013635220238938928, 0.004732126835733652, 0.02272208407521248, -0.03528420627117157, -0.008492887951433659, -0.009175469167530537, -0.03158251568675041, -0.03336773067712784, -0.016605105251073837, 0.02652878873050213, -0.018455950543284416, 0.03714818134903908, 0.018416570499539375, -0.004512256942689419, 0.013612248003482819, 0.007272117305546999, -0.005247344262897968, -0.01006151270121336, -0.014360462315380573, -0.033551499247550964, 0.016447586938738823, -0.00046763388672843575, -0.00012306154530961066, -0.002403802238404751, -0.01639508083462715, 0.005171866621822119, 0.020687466487288475, -0.013316900469362736, -0.014833019115030766, 0.012955919839441776, 0.0038034222088754177, 0.017970267683267593, 0.06306002289056778, -0.014321083202958107, -0.0357305109500885, -0.011518561281263828, -0.05190243944525719, -0.0017343474319204688, -0.006609225645661354, -0.04313389211893082, -0.014347336255013943, -0.00493558868765831, 0.0031996003817766905, 0.004059390164911747, 0.0034325968008488417, 0.0251111201941967, -0.014019171707332134, 0.020674340426921844, -0.012299591675400734, 0.0015300653176382184, -0.007980952039361, 0.005463932640850544, -0.012030497193336487, 0.029849808663129807, 0.009332987479865551, -0.015016790479421616, -0.017340192571282387, 0.010015569627285004, -0.0021068137139081955, -0.017563344910740852, 0.011426675133407116, 0.007469015661627054, -0.028537152335047722, -0.03292142599821091, 0.005900390911847353, 0.019506076350808144, 0.001870535546913743, 0.009674279019236565, 0.008427254855632782, 0.013887906447052956, 0.015817511826753616, 0.002456308575347066, 0.030952440574765205, 0.028983457013964653, -0.002761501120403409, -0.015528726391494274, 0.037016913294792175, 0.02349655143916607, 0.022131389006972313, -0.00275986036285758, -0.021199403330683708, -0.01179421879351139, -0.0032553882338106632, 0.005526284221559763, -0.02161945216357708, -0.02927224151790142, -0.0007391897379420698, 0.017668357118964195, 0.015253068879246712, 0.002169164828956127, 0.00022725366579834372, 0.0017179392743855715, 0.02814335562288761, -0.004426934290677309, 0.003826393745839596, 0.006668295245617628, -0.02654191479086876, -0.0051981196738779545, 0.00850601401180029, -0.0032898455392569304, -0.020713720470666885, 0.01516118273139, 0.0097005320712924, -0.011623573489487171, -0.007836559787392616, 0.026292510330677032, -0.007108035031706095, -0.01122977677732706, 0.010717840865254402, -0.014767386019229889, -0.021186277270317078, -0.014754259027540684, -0.009503633715212345, 0.022708958014845848, 0.000902451341971755, 0.03756823018193245, 0.014570487663149834, 0.00511607900261879, 0.026108738034963608, 0.046546801924705505, -0.057546861469745636, -0.01563373953104019, 0.019466696307063103, 0.01480676606297493, -0.002927224151790142, -0.021947616711258888, -0.0029666037298738956, -0.01711704209446907, -0.02052994817495346, -0.017156420275568962, -0.014557360671460629, 0.010317480191588402, 0.10233470052480698, 0.012936229817569256, -0.006773307919502258, 0.003291486296802759, -0.018692228943109512, 0.004486003890633583, -0.0002797599299810827, 0.009306734427809715, -0.011859851889312267, -0.008223793469369411, 0.03575676307082176, -0.0005833117174915969, 0.0242447666823864, -0.03861835598945618, -0.0026564886793494225, 0.013185635209083557, -0.027513280510902405, 0.02654191479086876, -0.014465474523603916, -0.01554185338318348, 0.03394529968500137, -0.013047805987298489, 0.013704134151339531, -0.0048568290658295155, -0.025964345782995224, -0.01425545010715723, 0.008473197929561138, 0.005897109396755695, -0.017970267683267593, -0.01425545010715723, 0.01196486409753561, -0.005687084514647722, -0.018337812274694443, -0.008578210137784481, 0.007646224461495876, -0.01782587543129921, -0.017353318631649017, -0.011288845911622047, -0.0044433423317968845, 0.02129128947854042, 0.014242323115468025, 0.010179650969803333, -0.015528726391494274, -0.03313145041465759, -0.012109256349503994, 0.001192056224681437, -0.018049027770757675, -0.008899811655282974, -0.024021614342927933]"
"Mediante la cognición social somos capaces de interpretar las emociones, los pensamientos, intenciones y conductas sociales de los demás; de esta manera podemos suponer el motivo por el cual una persona se encuentra alegre o triste; además podemos ponernos en su lugar ante una determinada situación para saber qué puede estar pensando o cómo reaccionará si hacemos o decimos algo en particular. Habitualmente, evaluamos cognición social a través de la empatía (""entendiendo las emociones ajenas""), teoría de la mente (""atribuyendo estados mentales a otros y predecir su comportamiento""), toma de decisiones (""decidiendo de acuerdo a las circunstancias"") y por los juicios morales (""actuando según nuestras creencias y normativas morales""). Ejemplos de alteraciones de la empatía: La empatía viene a ser la capacidad de comprender y compartir la experiencia subjetiva de los otros. Se intenta evaluar a través de imágenes de situaciones que generan dolor de manera intencional, accidental o neutral. Luego de mostrar las distintas situaciones a la persona en evaluación, se interroga sobre intencionalidad (¿se hizo la acción a propósito?), intención de daño, preocupación empática (¿qué tan triste se siente por la victima?), molestia y sanción.  En general, los pacientes con la variante conductual de la demencia frontotemporal tienen serios problemas para reconocer la intencionalidad e intención del daño en las situaciones accidentales; no sienten tristeza por la victima en situaciones intencionales; y no pueden reconocer la pertinencia y el grado de sanción en situaciones neutrales. Pero, en contextos de vida cotidiana, podemos sospechar de baja empatía en situaciones como no dar importancia a las historias que nos cuentan de otras personas, indiferencia al ver documentales sobre maltrato animal o respecto a animales abandonados, no prestar ayuda a un discapacitado para cruzar la calle, no interpretar correctamente la alegría de un ser querido, no celebrar los logros de los demás, no entristecerse al ver alguien que sufre, o burlarse de los donativos en situaciones de caridad. Ejemplos de alteraciones de la teoría de la mente: La teoría de la mente, es la capacidad de inferir los pensamientos o intenciones de otra persona. Existen muchas formas de evaluarla, pero en el laboratorio de investigación se evalúa mediante dos pruebas: el test de Faux-pas y el test de reconocimientos faciales en una herramienta abreviada que se denomina el Mini-SEA (Mini Social Cognition and Emotional Assessment). La prueba denominada Faux-pas o de ""paso en falso"" (también conocida como ""metida de patas"") consiste en diferentes escenas 'sociales', que permiten probar la capacidad de los pacientes para detectar si alguien comete una ""metida de pata"", o un ""falso paso social"", así como explicar por qué y cómo se produjo una ""metida de pata"" en cada escena. El test de reconocimiento de emociones faciales requiere que el paciente reconozca las emociones a través de las caras, para lo cual mostramos imágenes de diferentes personas con las siguientes 7 emociones para cada cara: Felicidad - Sorpresa - Neutral - Tristeza - Miedo - Asco - Ira. De la misma manera, la mayoría de pacientes con variante conductual de la demencia frontotemporal tienen muchas dificultades para identificar adecuadamente la mayor parte de las imágenes de acuerdo a la emoción representada. Ejemplos de alteraciones de la toma de decisiones: La toma de decisiones es otra habilidad que forma parte de las funciones ejecutivas que juegan un rol fundamental en las actividades de vida diaria. Las deficiencias en la toma de decisiones se relacionan básicamente con disfunción de la corteza prefrontal (una estructura ubicada en la parte anterior de los hemisferios cerebrales). Existen diversas maneras de evaluarla, pero una forma práctica y eficaz de de evaluar la toma de decisiones (16) en los laboratorios de investigación cognitiva es mediante el lowa Gambling Task (IGT), una tarea compleja, pero parecida a la que usted realiza con los juegos de naipes con algunas reglas especiales. Tiene la finalidad de cuantificar la progresión de perfiles de preferencias de la toma de decisiones a lo largo de la tarea. Ejemplos de alteraciones de los juicios morales: La evaluación de los juicios morales para evaluación cognitiva de deterioro cognitivo en el laboratorio habitualmente incluye situaciones hipotéticas de dilemas morales. Por ejemplo, se puede plantear la siguiente situación: ""Grace y su amiga están visitando una planta química. Cuando Grace va a la máquina a servir café, la amiga de Grace pide un poco de azúcar para su taza. Junto a la máquina de café, hay polvo blanco en un envase. El polvo blanco es una sustancia muy tóxica (olvidada allí por uno de los científicos) y por lo tanto mortal cuando se ingiere. El envase está etiquetado como ""azúcar'', por lo que Grace cree que el polvo blanco es el azúcar dejado allí por el personal de la cafetería. Grace pone la sustancia en el café de su amiga. Su amiga bebe el café y muere"". Para la interpretación de las posibles respuestas, se plantea dos supuestos: el primero donde se valora el desenlace final de la situación, la cual puede ser neutral (""la amiga no muere"") o negativa (""la amiga muere"") y la segunda en donde se valora la intención de generar daño, pudiendo esta ser neutral (""Grace no tiene intención de dañar"") o negativa (""Grace si tiene intención de producir daño""). De tal manera se plantean 4 posibles escenarios: 1) no se produce daño; 2) daño accidental; 3) Intento de daño o daño intencional; y 4) intento exitoso de daño. Después de leer la historia se pide a los participantes que califiquen cada uno de los 4 escenarios en una escala de Likert, que va desde totalmente permitido hasta totalmente prohibido. Los controles cognitivamente sanos califican como más permitido el daño accidental y totalmente prohibido el daño intencional; mientras que los pacientes con la variante conductual de demencia fronto-temporal son más permisivos o no lo consideran prohibido el daño accidental y el daño intencional.","[-0.027669887989759445, -0.0006816129316575825, 0.06559175997972488, -0.04840922728180885, -0.028689855709671974, 0.019314000383019447, -0.002822890877723694, 0.012468448840081692, -0.010918882675468922, -0.01701253466308117, -0.0010265057208016515, 0.02772219479084015, -0.01553488988429308, 0.01936630718410015, -0.012533831410109997, 0.015325665473937988, 0.027643734589219093, -0.008212045766413212, 0.014501845464110374, -0.017875583842396736, -0.019170159474015236, 0.02115778811275959, -0.009604694321751595, 0.005609821528196335, -0.023524636402726173, 0.008297043852508068, 0.015064136125147343, -0.008225122466683388, -0.0016950421268120408, -0.027774499729275703, 0.02994520030915737, 0.008931254036724567, -0.006185187492519617, -0.014201086014509201, -0.002584244590252638, -0.016188714653253555, -7.927632395876572e-05, -0.002062818966805935, 0.01807173155248165, 0.005237140692770481, -0.0007588459993712604, 0.012148074805736542, -0.007845903746783733, -0.03214205428957939, 0.025852253660559654, 0.030494414269924164, -0.016411015763878822, -0.01961475983262062, -0.028088336810469627, 0.0035927703138440847, 0.01947091892361641, 0.024806132540106773, -0.04464319348335266, 0.008630494587123394, 0.012337683700025082, -0.012546908110380173, -0.002835967345163226, 0.014292621985077858, 0.03237742930650711, -0.020163973793387413, -0.0006934634875506163, 0.0024322301615029573, -0.01251421682536602, 0.024976126849651337, 0.00857164990156889, -0.0035045037511736155, 0.003926221281290054, -0.022020837292075157, 0.007832827046513557, 0.014083397574722767, 0.0021527200005948544, 0.0014449539594352245, -0.0067082480527460575, -0.004377360455691814, 0.048801522701978683, 0.008362426422536373, 0.004177943803369999, -0.002048107795417309, -0.0024044427555054426, 0.030285188928246498, 0.011906159110367298, -0.03891568258404732, -0.026375314220786095, 0.03363277390599251, 0.008368964307010174, 0.006584021262824535, 0.0028490438126027584, 0.03407737612724304, -0.007826289162039757, -0.0007596632931381464, -0.015443353913724422, 0.0010542933596298099, 0.02633608505129814, 0.01348187867552042, -0.024413837119936943, 0.044930875301361084, 0.00053205038420856, 0.002317810896784067, 0.007015545852482319, -0.027643734589219093, -0.0206608809530735, 0.00767590943723917, -0.034495823085308075, -0.010461205616593361, 0.0013297172263264656, -0.0029127919115126133, 0.01626717485487461, 0.022622356191277504, 0.013782638125121593, -0.027826806530356407, -0.022465437650680542, 0.012801899574697018, -0.014763375744223595, -0.016711775213479996, 0.007015545852482319, 0.010140830650925636, 0.010180060751736164, -0.009741997346282005, -0.019706295803189278, -0.0264406967908144, -0.0009766515577211976, 0.005779815837740898, 0.0033998917788267136, -0.02410000190138817, 0.002705202205106616, -0.013030738569796085, 0.009657000191509724, -0.011180412955582142, -0.04307401180267334, -0.004776194225996733, -0.01380879059433937, 0.006505561992526054, 0.008656647056341171, 0.01932707615196705, -0.02474074997007847, 0.01405724510550499, -0.01586180180311203, 0.019810907542705536, -0.02220390923321247, -0.02642761915922165, 0.002893177093937993, -0.0011531844502314925, -0.01727406494319439, -0.01741790771484375, 0.002000705571845174, 0.028166795149445534, 0.004661774728447199, 0.033475857228040695, 0.015547966584563255, 0.017195606604218483, 0.010278134606778622, 0.0036385380662977695, -0.023576941341161728, -0.007839365862309933, -0.0013076507020741701, -0.009905453771352768, 0.011167336255311966, 0.02077856846153736, -0.02063472755253315, -0.012952280230820179, 0.012226534076035023, -0.020974716171622276, 0.001884651486761868, 0.013311883434653282, 0.024793056771159172, 0.022373903542757034, -0.01206307765096426, 0.002473094267770648, 0.03525426238775253, -0.042367883026599884, -0.015417201444506645, 0.045610856264829636, -0.023773089051246643, 0.014763375744223595, 0.009506620466709137, -0.012291916646063328, 0.004864460323005915, 0.008113972842693329, -0.02735605277121067, -0.03211589902639389, -0.012998047284781933, 0.035018883645534515, 0.01540412474423647, 0.020948562771081924, -0.020477809011936188, -0.021105481311678886, 0.017574824392795563, -0.008846256881952286, -0.011056186631321907, -0.018738634884357452, -0.015796419233083725, 0.034103527665138245, 0.029762128368020058, -0.016947152093052864, -0.6272538900375366, -0.01033044047653675, 0.012631905265152454, -0.02206006646156311, -0.001884651486761868, 0.02399539016187191, 0.017234835773706436, -0.0070416987873613834, -0.014593381434679031, -0.037346504628658295, -0.010683505795896053, 0.006090383045375347, -0.0037562265060842037, -0.027120674028992653, -0.03564655780792236, -0.009140478447079659, -0.007911286316812038, -0.006639596074819565, 0.028559090569615364, 0.02646685019135475, -0.008898562751710415, 0.026885297149419785, -0.02683299221098423, 0.008094357326626778, 0.011415790766477585, -0.0022851196117699146, 0.007662832736968994, -0.011415790766477585, 0.008055128157138824, 0.02968367002904415, -0.01574411429464817, -0.00767590943723917, 0.008623955771327019, 0.016201792284846306, 0.06553944945335388, -0.017444059252738953, 0.0040341024287045, 0.03917721286416054, -0.02423076704144478, 0.03533272072672844, -0.02373385988175869, -0.003236435353755951, 0.005946541205048561, -0.01639793999493122, 0.01412262674421072, 0.029997507110238075, 0.010363131761550903, -0.01597949117422104, -0.022635433822870255, 0.015024906024336815, -9.74608410615474e-05, -0.004504856653511524, -0.034888118505477905, 0.01716945320367813, 0.021484700962901115, 0.008140125311911106, 0.036326535046100616, -0.0238646250218153, 0.021955454722046852, -0.005887696985155344, 0.0008516074740327895, 0.003726804396137595, 4.2651885451050475e-05, -0.023799242451786995, -0.008225122466683388, 0.042995553463697433, -0.020922411233186722, -0.0059923091903328896, 0.011298101395368576, -0.014671840704977512, 0.003596039256080985, 0.025839177891612053, -0.021759307011961937, 0.0017391754081472754, 0.020320890471339226, -0.008846256881952286, 0.025773795321583748, -0.010232366621494293, -0.01846402697265148, 0.0067736306227743626, -0.016541780903935432, -0.014371081255376339, -0.02385154739022255, 0.0058321221731603146, 0.021759307011961937, -0.0005026282160542905, -0.0005516651435755193, 0.019941672682762146, -0.0024927090853452682, 0.025316117331385612, -0.00812051072716713, 0.00897048320621252, -0.00883971806615591, -0.017234835773706436, 0.004635621793568134, 0.015521813184022903, -0.012278839945793152, -0.002402808051556349, 0.021497776731848717, 0.004645429085940123, 0.004560431465506554, -0.028480632230639458, 0.018542487174272537, 0.006345374975353479, 0.011245795525610447, 0.01868632808327675, -0.025106891989707947, 0.01791481487452984, 0.04317862540483475, -0.031802065670490265, -0.019274771213531494, -0.0018634021980687976, 0.022256214171648026, 0.007930900901556015, -0.003981796093285084, -0.021327782422304153, 0.013638796284794807, 0.042890943586826324, 0.012272301129996777, -0.016698699444532394, -0.00732284365221858, -0.0066297887824475765, 0.020922411233186722, -0.004200827796012163, 0.01792789064347744, 0.008055128157138824, -0.00377257214859128, -0.014371081255376339, 0.010193136520683765, -0.009643923491239548, -0.004344669170677662, -0.025093816220760345, 0.0036385380662977695, -0.011997695080935955, 0.01855556294322014, -0.008630494587123394, 0.02321079932153225, -0.004805616103112698, -0.02462306246161461, -0.013494954444468021, -0.025590723380446434, -0.016476398333907127, 0.012710364535450935, 0.005743855610489845, 0.007303229067474604, -0.014423387125134468, -0.02850678376853466, -0.011108492501080036, -0.019300924614071846, 0.008028974756598473, -0.010088524781167507, -0.02024243213236332, -0.012050000950694084, 0.03551579266786575, 0.003126919735223055, 0.0007314670947380364, -0.023053880780935287, -0.012867282144725323, -0.028036030009388924, -0.016711775213479996, -0.017352525144815445, 0.0386803075671196, 0.0028637549839913845, -0.007460147142410278, -0.02322387509047985, -0.011664244346320629, 0.014161856845021248, 0.014488769695162773, -0.027042215690016747, -0.03305741026997566, -0.0038085326086729765, 0.0020154165104031563, -0.0037464192137122154, -0.002590782940387726, -0.000995449023321271, 0.019405536353588104, -0.007165925577282906, -0.0018176344456151128, 0.031514380127191544, -0.0060053858906030655, 0.008905100636184216, -0.01690792292356491, -0.014331851154565811, 0.008846256881952286, 0.009166630916297436, -0.003108939388766885, 0.0076497565023601055, -0.003123650560155511, -0.004916766658425331, 0.019144006073474884, 0.022478515282273293, 0.034652743488550186, 0.005331945605576038, 0.00745360879227519, -0.015194900333881378, 0.030285188928246498, 0.013266116380691528, -0.0006137785385362804, -0.014593381434679031, 0.02232159674167633, 0.013213809579610825, -0.006852089427411556, 0.02811449021100998, 0.008486652746796608, 0.012167689390480518, -0.0018634021980687976, 0.018777864053845406, -0.006345374975353479, 0.02542072907090187, 0.012690749950706959, 0.0032674921676516533, -0.023066958412528038, -0.006531714927405119, -0.015116441994905472, -0.028689855709671974, 0.025839177891612053, 0.00980737991631031, 0.019379382953047752, -0.008283967152237892, -0.02837601862847805, 0.004495049361139536, 0.010605046525597572, 0.010088524781167507, 0.012350760400295258, -4.111948510399088e-05, 0.005168489180505276, 0.005109644960612059, 0.0033345092087984085, 0.0002690900000743568, -0.028297560289502144, -0.006682095117866993, -0.015103365294635296, 0.017378676682710648, 0.017496366053819656, -0.031514380127191544, 0.021053176373243332, -0.0034489287063479424, 0.005586937535554171, 0.02926522120833397, -0.004897151608020067, -0.011729626916348934, 0.02053011581301689, 0.014214162714779377, -0.023302335292100906, 0.00020779386977665126, -0.007015545852482319, 0.007237846497446299, 0.01794096641242504, 0.02335464023053646, 0.01909169927239418, 0.014004938304424286, -0.0049919565208256245, -0.030520565807819366, -0.02887292578816414, -0.008996636606752872, -0.00049976771697402, 0.012716902419924736, -0.006904395297169685, 0.02362924814224243, 0.007407840806990862, 0.0035666171461343765, 0.0031677838414907455, 0.013874173164367676, 0.009336626157164574, 0.012226534076035023, -0.038235705345869064, 0.0036091157235205173, -0.01503798272460699, -0.02476690337061882, -0.009983913041651249, -0.03146207332611084, 0.008754720911383629, -0.012795361690223217, -0.0014841834781691432, 0.015024906024336815, 0.009630846790969372, -0.002437134040519595, -0.004361014813184738, 0.03271741792559624, 0.00817935448139906, -0.015835650265216827, -0.023655399680137634, 0.03324047848582268, 0.03645730018615723, 0.020464733242988586, 0.007290152367204428, 0.004272748716175556, 0.00019134607282467186, -0.02113163471221924, 0.006685364060103893, -0.0021690656431019306, -0.006191725842654705, -0.008878948166966438, -0.0035568098537623882, -0.0015168747631832957, 0.0045146639458835125, 0.006273454055190086, 0.0219293013215065, -0.014331851154565811, 0.002543380483984947, 0.008015898987650871, -0.014554152265191078, -0.011664244346320629, -0.011958464980125427, 0.002123297657817602, 0.018607869744300842, -0.029997507110238075, -0.026453772559762, -0.02232159674167633, -0.02502843365073204, 0.002646357985213399, 0.01438415702432394, -0.014240316115319729, 0.0006011106888763607, 0.015207977034151554, 0.016345633193850517, 0.00046339869732037187, 0.021628541871905327, 0.006989392917603254, -0.019026316702365875, -0.005083492025732994, -0.043780144304037094, -0.007368611637502909, -0.017470212653279305, 0.007466685492545366, 0.02527688816189766, -0.02114471048116684, 0.010101601481437683, 0.02271389216184616, -0.01335111353546381, -0.02942213974893093, -0.021850842982530594, 0.014606458134949207, 0.012108844704926014, -0.006747477222234011, 0.005704625975340605, 0.03533272072672844, -0.005740586202591658, 0.00745360879227519, 0.03886337950825691, 0.003654883708804846, -0.019039394333958626, 0.013194194994866848, 0.01167732011526823, 0.002590782940387726, -0.03637884184718132, 0.016214868053793907, 0.015430278144776821, -0.014292621985077858, -0.006400949787348509, 0.020608574151992798, 0.019640913233160973, 0.009330087341368198, -0.026231471449136734, -0.0047533102333545685, 0.020020131021738052, -0.0067082480527460575, 0.010356592945754528, 0.0016386497300118208, 0.010081986896693707, 0.002306368900462985, -0.0008720395271666348, 0.027172980830073357, 0.001959841465577483, 0.023642323911190033, 0.00032303057378157973, 0.020595498383045197, -0.003707189578562975, 0.021118558943271637, -0.0061721112579107285, 0.01845095120370388, 0.009702768176794052, -0.010101601481437683, -0.01919631101191044, 0.029735976830124855, -0.011010418646037579, -0.028036030009388924, -0.025826100260019302, 0.02436153218150139, 0.00045767772826366127, 0.03441736474633217, -0.0005647416110150516, -0.02526381053030491, 0.019444765523076057, -0.011696935631334782, -0.019314000383019447, -0.0019140737131237984, -0.0075124530121684074, -0.009330087341368198, -0.016999458894133568, 0.00928431935608387, 0.026519155129790306, -0.006025000475347042, -0.0013844751520082355, -0.005890966393053532, -0.01650255173444748, -0.04064178094267845, -0.022896962240338326, 0.009160093031823635, 0.0046094683930277824, 0.002762411953881383, -0.012867282144725323, 0.010493896901607513, 0.012272301129996777, -0.011755779385566711, -0.003344316501170397, 0.0007997101056389511, -0.016868693754076958, 0.02243928611278534, -0.004952726885676384, -0.004452550318092108, -0.027251439169049263, -0.0066232504323124886, 0.01135694608092308, -0.0027346245478838682, -0.018137114122509956, -0.0037594956811517477, 0.025106891989707947, 0.005740586202591658, 0.022020837292075157, 0.01648947410285473, 0.0238646250218153, 0.008676262572407722, -0.03133130818605423, 0.02978828176856041, -0.023668477311730385, -0.005936733912676573, -0.02629685401916504, 0.018359415233135223, -0.022400055080652237, -0.018398644402623177, 0.004795808810740709, -0.0001165647991001606, -0.0008769432315602899, 0.010369669646024704, -0.02349848300218582, 0.02657146193087101, 0.00046993696014396846, 0.024819210171699524, 0.010435052216053009, -0.0029683669563382864, 0.03130515664815903, 0.02436153218150139, -0.014201086014509201, 0.00479907775297761, -0.045610856264829636, 0.028454478830099106, 0.013194194994866848, -0.013200733810663223, -0.013109197840094566, 0.0023913660552352667, -0.02955290488898754, -0.0087024150416255, 0.004112561233341694, 0.0014343293150886893, 0.020608574151992798, 0.00390660623088479, -0.023825395852327347, -0.023524636402726173, 0.010977727361023426, -0.009310472756624222, 0.016934076324105263, -0.013834943994879723, 0.011866929940879345, -0.01438415702432394, -0.018869400024414062, -0.0065415226854383945, -0.03381584584712982, 0.01753559522330761, -0.03057287260890007, -0.014554152265191078, 0.03392045944929123, -0.025067662820219994, 0.04307401180267334, -0.012259225361049175, -0.0021657964680343866, -0.02594378963112831, 0.027016062289476395, -0.0061590345576405525, -0.016084102913737297, 0.002182142110541463, -0.020072437822818756, 0.019693218171596527, 0.016711775213479996, 0.010343517176806927, -0.00786551833152771, 0.015430278144776821, 0.0022230062168091536, -0.011265410110354424, -0.0009750170283950865, -0.00496907252818346, -0.013429571874439716, 0.002901349915191531, 0.035803474485874176, 0.003726804396137595, 0.008905100636184216, 0.010480820201337337, -0.009160093031823635, -0.0055215549655258656, 0.03946489840745926, -0.014619534835219383, -0.0047598485834896564, -0.0031498034950345755, -0.026885297149419785, -0.005815776530653238, 0.027146827429533005, 0.00036757244379259646, 0.010971189476549625, -0.034888118505477905, 0.034103527665138245, 0.01782327890396118, 0.014593381434679031, 0.007872057147324085, 0.0029798089526593685, 0.012180766090750694, -0.0212885532528162, 0.019837060943245888, 0.016306404024362564, 0.008584726601839066, 0.007630141451954842, -0.0387064591050148, -0.029735976830124855, 0.0030353839974850416, 0.011402714066207409, -0.005465979687869549, -0.005083492025732994, 0.006430372130125761, 0.004213904496282339, -0.00825781375169754, 0.012952280230820179, 0.010801194235682487, 0.008807026781141758, 0.004367553163319826, -0.013403419405221939, -0.006273454055190086, -0.017483290284872055, -0.01756174862384796, -0.02632300741970539, 0.025172274559736252, 0.027957571670413017, -0.008140125311911106, 0.022923115640878677, -0.0047402335330843925, -0.0061524962075054646, -0.005835391115397215, 0.002311272546648979, 0.046107761561870575, -0.02297542244195938, 0.033214326947927475, -0.007590912282466888, -0.01769251376390457, -0.014711069874465466, 0.009303934872150421, 0.04278632998466492, -0.011997695080935955, 0.01730021834373474, 0.015822572633624077, -0.016149485483765602, -0.007375149521976709, 0.0004895516904070973, 0.02296234481036663, -0.032298970967531204, -0.028846774250268936, 0.01936630718410015, 0.006917471997439861, -0.010114678181707859, -0.02335464023053646, 0.0028670241590589285, -0.005479056388139725, 0.02504150941967964, 0.00019686271843966097, -0.014541075564920902, -0.0034031609538942575, -0.022216985002160072, -0.008185893297195435, 0.02553841657936573, 0.009552388451993465, 0.016934076324105263, -0.014004938304424286, 0.005135797895491123, -0.01626717485487461, 0.00603153882548213, -0.028192948549985886, 0.034914273768663406, 0.021955454722046852, 0.024060772731900215, -0.025643030181527138, 0.013508031144738197, 0.002190314931795001, -0.01766636036336422, 0.00518810423091054, 0.01664639264345169, -0.012403066270053387, 0.02038627304136753, 0.016541780903935432, -0.008597803302109241, 0.0052109877578914165, -0.0049069589003920555, 0.010990804061293602, -0.024086926132440567, 0.020687034353613853, -0.01743098348379135, -0.015234130434691906, -0.01896093413233757, 0.015547966584563255, 0.020333968102931976, -0.0018830170156434178, -0.00364180700853467, 0.005858275108039379, -0.025329193100333214, -0.026126859709620476, -0.005109644960612059, 0.007277076132595539, 0.07338535785675049, 0.0046748509630560875, -0.019117852672934532, -0.0019925327505916357, 0.03575116768479347, -0.0035764246713370085, -0.00993814505636692, 0.019954748451709747, 0.009794303216040134, -0.019314000383019447, 0.03572501614689827, -0.04861845076084137, 0.01309612113982439, -0.010265057906508446, 0.010421975515782833, -0.001114772167056799, -0.0025123239029198885, 0.03841877728700638, -0.0012798630632460117, -0.033083561807870865, -0.004589853808283806, 0.013318422250449657, 0.03509734570980072, -0.0036973822861909866, -0.016280250623822212, 0.015770267695188522, 0.01690792292356491, -0.014724146574735641, -0.011710011400282383, -0.026885297149419785, -0.0014866353012621403, -0.019902443513274193, -0.005799430888146162, 0.023903854191303253, -0.013017662800848484, 0.012357299216091633, 0.004439474083483219, -0.0004368370573502034, -0.01038274634629488, -0.03185436874628067, -0.00910124834626913, -0.014881064184010029, 0.030337495729327202, -0.0014065417926758528, 0.0016182176768779755, -0.007152849342674017, -0.0039654504507780075, -0.014972600154578686, 0.01052004937082529, 0.005459441337734461, -0.016581010073423386, -0.00048546530888415873, 0.008820103481411934, -0.005956348963081837, 0.019183235242962837, -0.010297749191522598, -0.02335464023053646, 0.020216278731822968, 0.014331851154565811, -0.029605211690068245, 0.005103106610476971, -0.03057287260890007, 0.023380793631076813, 0.02179853618144989, -0.006675556767731905, -0.014881064184010029, -0.008800488896667957, -0.0451139472424984, 0.0033181635662913322, -0.002355405827984214, 0.022896962240338326, 0.028585243970155716, -0.032325126230716705, -0.008800488896667957, 0.01393955573439598, 0.011271948926150799, 0.023014651611447334, -0.02629685401916504, -0.015377972275018692, -0.011788470670580864, -0.03392045944929123, -0.00377257214859128, -0.0009529504459351301, -0.030651330947875977, 0.002164161764085293, 0.0060871136374771595, -0.013965709134936333, -0.016188714653253555, 0.02076549269258976, -0.0004356111166998744, -0.018490180373191833, 0.006270185112953186, 0.006440179422497749, -0.011245795525610447, -0.0062309554778039455, 0.025446882471442223, 0.009558926336467266, -0.002345598302781582, 0.005263294093310833, -0.003347585676237941, -0.02088318020105362, -0.0030321150552481413, 0.018647098913788795, -0.004635621793568134, 0.01353418454527855, -0.011690396815538406, -0.01379571482539177, -0.012239609844982624, -0.029762128368020058, 0.013900326564908028, 0.007852442562580109, 0.00012463545135688037, 0.03891568258404732, 0.009506620466709137, 0.011683858931064606, -0.029055997729301453, 0.01584872603416443, 0.005583668127655983, 0.028820620849728584, 0.012814976274967194, -0.033868152648210526, 0.005256755743175745, -0.006567675620317459, 0.0036385380662977695, -0.041217148303985596, -0.0049134972505271435, -0.0024404029827564955, -0.002187045756727457, -0.031645145267248154, -0.006825936492532492, 0.036195769906044006, -0.00390333728864789, 0.019549377262592316, -0.010023142211139202, 0.008100896142423153, -0.01639793999493122, -0.03624807670712471, 0.01553488988429308, -0.00603480776771903, 0.0029847125988453627, 0.005877889692783356, -0.02053011581301689, 0.018529409542679787, -7.324886973947287e-05, 0.013717255555093288, -0.00844088476151228, 0.006995931267738342, 0.20692263543605804, -0.03122669830918312, -0.0009480467415414751, 0.01626717485487461, 0.0008450692403130233, 0.026401467621326447, 0.02607455477118492, 0.016737928614020348, -0.008081281557679176, 0.022282367572188377, 0.008722029626369476, -0.01919631101191044, -0.017064841464161873, 0.015260282903909683, 0.010892730206251144, -0.018411722034215927, -0.02204699069261551, -0.02423076704144478, 0.0014629341894760728, -0.04137406870722771, 0.011821161955595016, -0.016737928614020348, 0.014541075564920902, -0.01767943613231182, 0.045741621404886246, -0.0021314704790711403, 0.011925773695111275, -0.008362426422536373, 0.0360911600291729, -0.0027607774827629328, -0.02709452249109745, 0.016581010073423386, 0.026506079360842705, -0.0005361367948353291, -0.024727674201130867, 0.0008524247677996755, -0.015142594464123249, 0.0018454219680279493, 0.006080575753003359, -0.019941672682762146, 0.019810907542705536, -0.003991603851318359, -0.0070416987873613834, -0.00953931175172329, 0.020190127193927765, 0.029840588569641113, 0.0040504480712115765, -0.017117146402597427, 0.008480114862322807, -0.005835391115397215, -0.02322387509047985, -0.007826289162039757, -0.01056581735610962, 0.025250734761357307, -0.00993160717189312, -0.0017833085730671883, 0.008578188717365265, -7.12567416485399e-05, -0.008597803302109241, -0.003962181508541107, -0.012422681786119938, -0.004364284221082926, 0.0007073573069646955, 0.028009876608848572, -0.012710364535450935, -0.00212983600795269, 0.012631905265152454, -0.019170159474015236, -0.003654883708804846, -0.005410404410213232, -0.00993160717189312, -0.026636844500899315, -0.02194237895309925, -0.0029111572075635195, 0.0015675462782382965, -0.015364895574748516, 0.031174391508102417, 0.023825395852327347, 0.013991862535476685, 0.04992610216140747, 0.0051456051878631115, -0.00528290867805481, -0.03214205428957939, -0.006580751854926348, -0.00954584963619709, -0.04864460602402687, 0.021693924441933632, -0.009029327891767025, -0.014161856845021248, -0.0031955712474882603, -0.016463322564959526, -0.002245889976620674, -0.004893882665783167, 0.00914701633155346, 0.02361617051064968, -0.001534854993224144, 0.0348619669675827, 0.01999397948384285, -0.01987629011273384, 0.000125350576126948, -0.03057287260890007, 0.036195769906044006, 0.022674662992358208, 0.027669887989759445, 0.0016770620131865144, 0.022792350500822067, -0.007911286316812038, 0.005070415325462818, 0.009238552302122116, -0.004063524305820465, -0.015914108604192734, -0.03169745206832886, 0.0025254003703594208, -0.0060871136374771595, 0.008565112017095089, 0.01792789064347744, -0.006878242362290621, -0.007970131002366543, 0.0014457713114097714, 0.0038248782511800528, 0.012318069115281105, -0.022413132712244987, -0.006534984335303307, 0.0024322301615029573, 0.00037840139702893794, -0.006767092272639275, -0.022661585360765457, 0.009238552302122116, -0.006845551077276468, 0.007891671732068062, 0.005786354187875986, -0.005874620750546455, 0.025067662820219994, 0.013416496105492115, 0.01571796089410782, 0.006234224420040846, 0.01961475983262062, -0.00719207851216197, -0.005665396340191364, -0.007917825132608414, -0.018254803493618965, -0.01540412474423647, -0.01540412474423647, 0.008277428336441517, -0.006211340893059969, -0.01662023924291134, 0.023773089051246643, -0.019693218171596527, -0.033868152648210526, -0.007250922732055187, -0.02876831404864788, 0.029369834810495377, 0.01316804252564907, -0.02257005125284195, 0.014214162714779377, 0.02152393013238907, -0.007492838427424431, -0.0008671358227729797, -0.01571796089410782, -0.005374444182962179, -0.03533272072672844, 0.00211022119037807, 0.0033737386111170053, 0.020857028663158417, -0.006047884467989206, 0.014815681613981724, -0.16288097202777863, 0.007695524021983147, -0.008009360171854496, -0.026859143748879433, 0.009062019176781178, 0.010611585341393948, 0.01033044047653675, 0.007309767417609692, -0.012213457375764847, -0.021837765350937843, 0.021079327911138535, -0.008480114862322807, -0.03368508070707321, -0.016868693754076958, -0.02168084867298603, -0.015364895574748516, -0.011108492501080036, 0.010722735896706581, 0.03214205428957939, 0.03520195558667183, 0.025459958240389824, -0.0490107461810112, 0.022896962240338326, 0.0014008207945153117, -0.024073848500847816, -0.013338036835193634, -8.974774391390383e-05, 0.006904395297169685, -0.016672546043992043, -0.02659761533141136, -0.0018797478405758739, -0.005662127397954464, 0.029605211690068245, 0.004285824950784445, 0.014161856845021248, 0.01922246441245079, -0.019823983311653137, -0.018228650093078613, -0.019274771213531494, 0.0015683635137975216, 0.011925773695111275, 0.03106977976858616, -0.0015716326888650656, 0.009120862931013107, -0.007747830357402563, 0.03392045944929123, 0.01024544332176447, -0.02025550790131092, -0.012599213980138302, -0.014410310424864292, -0.02722528763115406, -0.001122944988310337, 0.011298101395368576, 0.004063524305820465, 0.012841129675507545, 0.011291563510894775, -0.006358451209962368, 0.0017015804769471288, 0.0050802226178348064, -0.010219289921224117, 0.011592322960495949, -0.03208974748849869, 0.027957571670413017, -0.000647287059109658, 0.012350760400295258, -0.003936028573662043, 0.002898080740123987, -0.012723441235721111, -0.02345925383269787, 0.008722029626369476, -0.002012147568166256, 0.0058550057001411915, 0.009879300370812416, -0.03122669830918312, 0.018503256142139435, 0.02748681791126728, 0.0007106264238245785, -0.0005953896907158196, -0.010506972670555115, -0.0014408675488084555, -0.0061263432726264, -0.0007277893018908799, -0.043780144304037094, -0.0348358154296875, -0.014018015004694462, -0.005345022305846214, 0.012801899574697018, 0.0011392906308174133, -0.0057667396031320095, 0.003913144581019878, -0.00026929430896416306, -0.04051101580262184, 0.0020938755478709936, -0.027277592569589615, -0.010899268090724945, 0.019627835601568222, 0.007551682647317648, -0.018032502382993698, -0.00010726822074502707, -0.04113868996500969, -0.011285025626420975, -0.00010205804574070498, 0.010421975515782833, 0.012082692235708237, 0.0028523129876703024, -0.0008605975890532136, -0.015377972275018692, -0.006678825709968805, 0.02568225935101509, -0.016920998692512512, -0.00026888566208072007, -0.003602577606216073, 0.011775393970310688, 0.015495660714805126, -0.009375855326652527, 0.011324254795908928, -0.025368422269821167, 0.0015503832837566733, 0.009493543766438961, -0.016920998692512512, 0.07427455484867096, -0.02284465730190277, 0.0033835461363196373, 0.008212045766413212, 0.002420788398012519, -0.019653989002108574, -0.12239610403776169, -0.02981443516910076, 0.012474987655878067, 0.02759142965078354, 0.026859143748879433, -0.0023750204127281904, -0.014449539594352245, 0.013324960134923458, -0.024701520800590515, 0.012468448840081692, -0.036195769906044006, -0.027539122849702835, -0.0032887414563447237, -0.026035325601696968, 0.025237657129764557, -0.009532772935926914, 0.03813109174370766, -0.03318817541003227, -0.011062724515795708, 0.03313586860895157, 0.008656647056341171, -0.008028974756598473, -0.010631199926137924, -0.021118558943271637, -0.02671530283987522, -0.004145252518355846, -0.006234224420040846, 0.0021739692892879248, 0.009258166886866093, 0.010663891211152077, -0.006080575753003359, -0.00972892064601183, 0.021000869572162628, -0.006319222040474415, 0.008728568442165852, 0.0022246406879276037, -0.0021559889428317547, -0.020412426441907883, 0.030468260869383812, 0.02113163471221924, 0.00941508449614048, -0.005864813458174467, 0.0075712972320616245, 0.012344222515821457, -0.0006812042556703091, -0.009205861017107964, -0.03261280804872513, -0.009604694321751595, -0.008741645142436028, -0.0031726874876767397, -0.02413923107087612, -0.0070940046571195126, 0.0016370151424780488, -0.01392647996544838, 0.024466143921017647, -0.0013493320439010859, 0.007028622552752495, -0.022635433822870255, -0.015299513004720211, -0.003962181508541107, -0.005488863680511713, -0.010637737810611725, -0.010611585341393948, 0.011389637365937233, 0.02916060946881771, -0.02719913423061371, -0.032037440687417984, -0.009016251191496849, 0.006884780712425709, 0.0015765363350510597, 0.0038641076534986496, 0.018620945513248444, -0.005201180465519428, 0.00013669035979546607, -0.026806838810443878, 0.01353418454527855, -0.0032380700577050447, -0.0036123848985880613, -0.0006219513597898185, -0.02039935067296028, -0.022373903542757034, -0.012265763245522976, 0.014449539594352245, -0.014423387125134468, 0.026989908888936043, -0.0004184482095297426, 0.015024906024336815, -0.004867729730904102, 0.010454666800796986, 0.0017947505693882704, 0.007205155212432146, 0.014619534835219383, -0.0006750746397301555, -0.006057691760361195, -0.024949975311756134, -0.0059269266203045845, 0.007335920352488756, 0.002415884518995881, 0.011755779385566711, 0.04563700780272484, -0.021327782422304153, -0.018163267523050308, -0.03279587998986244, 0.01243575755506754, -0.007623603567481041, 0.01329880766570568, 0.0232369527220726, 0.011134644970297813, 0.005815776530653238, -0.0030370187014341354, 0.004606199450790882, 0.028716009110212326, -0.045872386544942856, 0.018516333773732185, 0.0029340412002056837, -0.004638890735805035, -0.03266511484980583, -0.009630846790969372, 0.02166777104139328, 0.00033079474815167487, 0.01663331687450409, 0.032168205827474594, -0.0030402878765016794, 0.00883318018168211, -0.013848020695149899, 0.026989908888936043, -0.021053176373243332, -0.004380629863590002, -0.02735605277121067, 0.027800653129816055, -0.00896394532173872, -0.009630846790969372, -0.006299606990069151, -0.017600977793335915, 0.008002822287380695, 0.021236246451735497, -0.010683505795896053, -0.01237691380083561, 0.014031091704964638, 0.028794467449188232, 0.043152470141649246, 0.07416994869709015, -0.03303125500679016, -0.03057287260890007, 0.0017506172880530357, -0.046003151684999466, 0.0035666171461343765, -0.002780392300337553, -0.03907260298728943, -0.002773853950202465, 0.0029569249600172043, -0.009323549456894398, 0.010238904505968094, 0.009133939631283283, 0.0015626425156369805, -0.014109550975263119, -0.016437169164419174, -0.03324047848582268, 0.006240762770175934, 0.005658858455717564, 0.006361720617860556, -0.03896798938512802, 0.034914273768663406, -0.006364989560097456, -0.00851280614733696, 0.0030991320963948965, 0.0021118558943271637, 0.003128554206341505, -0.003900068113580346, -0.009375855326652527, 0.0023325218353420496, -0.01907862350344658, -0.025106891989707947, 0.017051763832569122, 0.007146310992538929, 0.002255697501823306, 0.004432935733348131, -0.005792892538011074, 0.004701004363596439, 0.0016378324944525957, 0.009892377071082592, 0.020046284422278404, 0.01597949117422104, -0.0019124391255900264, -0.005812507122755051, 0.029997507110238075, 0.03378969430923462, 0.03214205428957939, -0.004939650185406208, 0.000559429288841784, -0.005936733912676573, -0.0038052634336054325, 0.016031797975301743, -0.00026582085411064327, -0.013913403265178204, -0.004344669170677662, -0.0013950997963547707, 0.0014359639026224613, -0.007290152367204428, -0.001544662402011454, 0.012370374985039234, 0.026728380471467972, 0.012272301129996777, 0.00799628347158432, -0.004073331598192453, -0.014501845464110374, -0.014658764004707336, -0.008460499346256256, -0.026035325601696968, -0.02257005125284195, 0.005377713590860367, 0.017862508073449135, 0.0006485130288638175, -0.007754368241876364, 0.015194900333881378, 0.00719207851216197, -0.017980197444558144, -0.007087466772645712, 0.004658505320549011, -0.015443353913724422, -0.03337124362587929, 0.0046748509630560875, 0.022112373262643814, -0.012978432700037956, 0.020948562771081924, 0.006976316217333078, 0.005338483955711126, 0.013691102154552937, 0.040563322603702545, -0.03499273210763931, -0.009905453771352768, 0.00832973513752222, 0.021340858191251755, 0.007976668886840343, -0.01830710843205452, -0.004325054585933685, -0.03240358456969261, -0.02168084867298603, 0.003723535221070051, -0.008185893297195435, -0.004720618948340416, 0.09195399284362793, 0.032272819429636, 0.014554152265191078, 0.005649050697684288, -0.0004781097813975066, 0.0034489287063479424, -0.0006607722025364637, 0.008342810906469822, -0.003929490223526955, -0.009035865776240826, 0.02889907918870449, -0.010421975515782833, 0.021824689581990242, -0.028166795149445534, -0.027696041390299797, 0.029317528009414673, -0.0067736306227743626, 0.024073848500847816, -0.015456430613994598, -0.015796419233083725, 0.03083440288901329, -0.00435120752081275, 0.01651562750339508, -0.014148780144751072, -0.032037440687417984, -0.004808885511010885, 0.00013628171291202307, 0.01101695653051138, -0.022596202790737152, -0.011834238655865192, -0.002832698170095682, -0.0018061924492940307, -0.03185436874628067, -0.010670429095625877, 0.00033753731986507773, -0.01971937157213688, 0.0012569791870191693, -0.011945389211177826, -0.01193231251090765, 0.0010256884852424264, 0.01082734763622284, 0.026493001729249954, -0.006976316217333078, -0.0425771065056324, 0.0035535406786948442, -0.0011016956996172667, -0.0017195605905726552, 0.0031187469139695168, -0.023145416751503944]"
"Los síntomas psicológicos y conductuales de la demencia (SPCD) generan sufrimiento en el paciente y en el cuidador, agravan el deterioro cognitivo y funcional, producen sobrecarga del cuidador y precipitan el internamiento en casas de reposo. Los SPCD pueden aparecer prácticamente en cualquier momento de la enfermedad, con un patrón de agrupación muy variable. Desde 1996, la Asociación Internacional de Psicogeriatría acuñó el término 'behavioral and psychological symptoms of dementia' (Los síntomas psicológicos y conductuales de la demencia-SPCD en castellano) para aludir a un conjunto de síntomas y signos, previamente denominados de forma diversa (por ejemplo, síntomas psiquiátricos, complicaciones conductuales, problemas de conducta) que pueden aparecer en las personas con demencia. El nuevo término implicaba dos clases de síntomas: los síntomas psicológicos, más complejos y elaborados desde el punto de vista mental, obtenidos a través de la entrevista con el paciente y sus cuidadores (por ejemplo, depresión, ansiedad, psicosis); y los 'síntomas' (en realidad signos) conductuales, más básicos, obtenidos mediante la observación directa del paciente (por ejemplo, agresividad, hiperactividad motora, desinhibición). De esta manera, los SPCD constituyen un terreno abierto y multidisciplinario, de potencial interés incluso en fases prodrómicas de la demencia e imprescindible en el manejo clínico de las demencias. Existe variabilidad importante en su aparición y evolución. Los síntomas afectivos tienen más probabilidad de manifestarse al comienzo de la enfermedad. Las conductas de agitación y clínica psicótica son más frecuentes en pacientes cuyas funciones cognitivas se hallan moderadamente deterioradas, aunque se hacen menos evidentes en las etapas avanzadas, probablemente debido al deterioro de la condición física y neurológica del paciente. Algunos síntomas son más persistentes que otros. Así, el vagabundeo y la agitación son los trastornos conductuales más duraderos en la enfermedad de Alzheimer. La diferente tipología de las demencias se asocia con algunos patrones más característicos de alteraciones conductuales, pero estas diferencias no se han demostrado con suficiente consistencia en los estudios realizados hasta ahora.","[-0.020787067711353302, -0.004508154932409525, 0.06147308275103569, -0.03848503530025482, -0.020967263728380203, 0.03961770236492157, 0.002712615765631199, 0.026797939091920853, -0.016990048810839653, -0.023901909589767456, -0.00828908383846283, 0.04842163622379303, 0.004508154932409525, 0.043968185782432556, -0.00860442966222763, 0.014493025839328766, 0.026797939091920853, 0.01675836555659771, 0.049168169498443604, -0.005154935177415609, -0.023992007598280907, 0.01147471833974123, -0.012298477813601494, -0.018907863646745682, -0.015921734273433685, 0.01635935716331005, 0.008572251535952091, -0.010837591253221035, -0.012954912148416042, 7.989224104676396e-05, 0.00600443733856082, -0.016951434314250946, 0.013926691375672817, -0.0162692591547966, 0.005434884689748287, -0.012349963188171387, -0.010026702657341957, -0.017955392599105835, -0.00039538866258226335, -0.013141545467078686, -0.008153935894370079, 0.018071234226226807, -0.014441541396081448, -0.01660391129553318, 0.01429995708167553, 0.04610481485724449, -0.035833556205034256, -0.01742767170071602, -0.033413760364055634, 0.01906231977045536, 0.017414798960089684, 0.015046489425003529, -0.043247394263744354, -0.00877175573259592, 0.04824144020676613, -0.020684096962213516, 0.009286605753004551, 0.006480673793703318, 0.035473160445690155, -0.036322664469480515, 0.005998001899570227, -0.013308871537446976, -0.012266299687325954, 0.025304874405264854, -0.015252429991960526, -0.006232902407646179, 0.01711876131594181, -0.027029622346162796, 0.006982652470469475, 0.024751411750912666, 0.02538210339844227, 0.005209637805819511, -0.021366272121667862, -0.01321877259761095, 0.04453451931476593, 0.003497761907055974, 0.01687420718371868, -0.0011930038454011083, -0.007014830596745014, 0.019654396921396255, 0.027570214122533798, -0.031122678890824318, -0.009820763021707535, -0.001995043596252799, 0.016591040417551994, 0.021752409636974335, -0.01291629858314991, 0.01894647814333439, -0.02143062837421894, -0.002691699890419841, -0.017479155212640762, 0.011925212107598782, 0.016282130032777786, 0.008610865101218224, 0.01092769019305706, 0.018779151141643524, 0.014608867466449738, 0.013759365305304527, -0.011963825672864914, 0.0007919840281829238, -0.013772236183285713, 0.004015829414129257, -0.06451069563627243, -0.008726706728339195, -0.008231163956224918, -0.006528940983116627, -0.0003014687681570649, 0.012086102738976479, 0.009067795239388943, -0.016101932153105736, -0.0224603284150362, 0.02428804710507393, -0.010502939112484455, -0.01180937048047781, 0.010734621435403824, 0.007252948824316263, -0.010399969294667244, 0.0035009796265512705, -0.007040573284029961, -0.03439197689294815, 0.01464748103171587, 0.0074460175819695, 0.017556384205818176, -0.008707399480044842, -0.008160371333360672, -0.018199944868683815, -0.008514330722391605, 0.006937603000551462, -0.014325699768960476, -0.0032757327426224947, -0.027904868125915527, 0.003906424157321453, 0.011912340298295021, -0.008675221353769302, -0.02143062837421894, -0.0020947956945747137, -0.02294943667948246, -0.00822472758591175, -0.022447457537055016, -0.04203749820590019, 0.00037085285293869674, 0.02813654951751232, -0.027209820225834846, -0.02565239928662777, 0.0070534441620111465, 0.021237559616565704, 0.01355342473834753, 0.013566296547651291, 0.0043150861747562885, 0.022975178435444832, 0.021932607516646385, -0.005962606053799391, -0.01283907052129507, -0.01894647814333439, -0.011873726733028889, 0.0001899514754768461, 0.007220770698040724, 0.003439841326326132, -0.030324662104249, -0.019693011417984962, 0.010007396340370178, 0.011667787097394466, -0.002136627212166786, 0.0119766965508461, -0.004665827844291925, 0.023580128327012062, -0.0008897250518202782, -0.018135590478777885, 0.0159088633954525, -0.024905866011977196, -0.006635128986090422, 0.028188034892082214, -0.022563299164175987, 0.022846465930342674, 0.009074230678379536, -0.016050446778535843, -0.013205901719629765, 0.018238559365272522, -0.027055364102125168, -0.0355246476829052, -0.022756367921829224, -0.0007823305786587298, 0.03500979766249657, 0.0046433028765022755, -0.0243137888610363, -0.01970588229596615, 0.0401325523853302, 0.002274993108585477, -0.00474305497482419, -0.008424232713878155, -0.007896510884165764, -0.0025195470079779625, 0.01897221989929676, -0.03318208083510399, -0.6198793649673462, -0.01250441838055849, -0.0011278431629762053, -0.02728704735636711, 0.025189034640789032, 0.022807853296399117, 0.04283551499247551, -0.0015815546503290534, -0.04757213592529297, -0.05338994041085243, 0.02932070568203926, 0.007098493631929159, -0.002931426977738738, -0.018714794889092445, -0.019319744780659676, -0.004292561672627926, -0.021083105355501175, 0.005190331023186445, 0.035344447940588, 0.024661311879754066, -0.0021494985558092594, 0.025639528408646584, -0.008694528602063656, 0.023567257449030876, 0.01321877259761095, -0.003919295035302639, -0.00918363593518734, -0.017685096710920334, 0.011970261111855507, 0.035807814449071884, -0.010361355729401112, 0.005080925300717354, -0.007651957217603922, 0.020194988697767258, 0.05099588632583618, -0.018328657373785973, 0.021803895011544228, 0.016951434314250946, 0.017234602943062782, 0.05187113210558891, 0.009009874425828457, 0.002200983464717865, 0.015046489425003529, -0.014196987263858318, 0.013862335123121738, 0.007085622288286686, 0.004019047599285841, -0.0010457889875397086, -0.010889076627790928, 0.009859376586973667, 0.02556229941546917, 0.00493290601298213, -0.030221691355109215, 0.014840549789369106, 0.02040093019604683, -0.0020465285051614046, 0.030607828870415688, -0.04924539849162102, -0.0028493728023022413, 0.000339881400577724, 0.015059361234307289, 4.4546588469529524e-05, 0.00850145984441042, -0.020799938589334488, -0.0013024094514548779, 0.03506128117442131, -0.028188034892082214, -0.022293003275990486, 0.02249894291162491, -0.00949898175895214, 0.006483891513198614, 0.02346428669989109, -0.01921677403151989, -0.004659391939640045, 0.021726667881011963, -0.010882641188800335, 0.029552387073636055, -0.0038066718261688948, -0.01599896140396595, -0.010934125632047653, -0.019049448892474174, -0.004048007540404797, -0.046825602650642395, 0.006023744586855173, 0.01915241777896881, -0.018869251012802124, 0.0031888519879430532, 0.010876204818487167, -0.022743497043848038, 0.01079254224896431, -0.00035114376805722713, 0.005769537296146154, 0.004562857560813427, -0.03047911636531353, -0.01957716979086399, 0.0177623238414526, 0.010940561071038246, 0.005544290412217379, 0.003317564493045211, -0.001304018427617848, -0.012826199643313885, -0.008160371333360672, 0.019268259406089783, 0.009936603717505932, 0.02482863888144493, 0.024970222264528275, -0.021018749102950096, 0.01205392461270094, 0.049374110996723175, -0.00816680770367384, 0.017080146819353104, 0.0005265145446173847, 0.018804894760251045, -0.026386059820652008, -0.0004251534410286695, -0.020812809467315674, 0.02109597623348236, 0.007651957217603922, 0.0034720194526016712, -0.009840069338679314, -0.015007875859737396, 0.004443798679858446, 0.014209859073162079, 0.006763841025531292, -0.0015759235247969627, -0.007265820167958736, 0.00778710562735796, -0.003751968964934349, 0.009949475526809692, -0.010020267218351364, 0.0018775934586301446, -0.02234448865056038, 0.006873246748000383, -0.001256555668078363, 0.02013063244521618, -0.019525684416294098, 0.02571675553917885, -0.0052032023668289185, -0.0029266001656651497, -0.02962961420416832, -0.011764321476221085, -0.006290822755545378, 0.004652956500649452, 0.009177200496196747, 0.00805740151554346, -0.02288508042693138, -0.0032467725686728954, -0.01448015496134758, -0.024391015991568565, -0.005560379475355148, -0.013695009052753448, -0.023901909589767456, 0.007761362940073013, 0.04098205640912056, -0.007426710333675146, 0.004813847132027149, -0.006313347723335028, -0.0004895096644759178, -0.013135109096765518, -0.012028181925415993, 0.010361355729401112, 0.013759365305304527, -0.010554423555731773, 0.0052579049952328205, -0.02507319301366806, -0.030247434973716736, 0.0038066718261688948, 0.028213776648044586, -0.02777615562081337, -0.030556345358490944, -0.0011383011005818844, -0.01129452046006918, -0.001219550846144557, -0.004221769515424967, 0.0008535246597602963, 0.016861336305737495, -0.0037294442299753428, -0.0027641006745398045, 0.016037575900554657, 0.013057881966233253, -0.0031116243917495012, -0.00037950073601678014, -0.00047100725350901484, -0.011288085021078587, 0.03148307278752327, 0.007639086339622736, 0.026823682710528374, 0.008108886890113354, 0.007272255606949329, 0.006763841025531292, 0.022228647023439407, 0.03215238079428673, 0.016887078061699867, 0.008926210924983025, -0.01657816767692566, 0.0017456631176173687, -0.016037575900554657, -0.0020626175682991743, -0.007980174385011196, 0.013463325798511505, 0.02759595774114132, -0.017659353092312813, 0.007806412409991026, -0.009807891212403774, 0.03364544361829758, -0.026360318064689636, 0.018225688487291336, -0.010631651617586613, 0.028574172407388687, 0.024365274235606194, -0.003668305929750204, -0.01074749231338501, -0.007368789985775948, 0.003912859596312046, -0.016282130032777786, 0.028007837012410164, 0.010013831779360771, 0.01763361133635044, -0.004810629412531853, -0.007484631147235632, -0.018933607265353203, 0.007368789985775948, 0.0020175683312118053, 0.0008937473176047206, 0.007491066586226225, 0.0162692591547966, 0.004073750227689743, 0.01273610070347786, 0.001154390163719654, -0.009383140131831169, -0.007465324364602566, 0.0008229554514400661, 0.011056402698159218, 0.029681099578738213, -0.01611480303108692, 0.03359396010637283, 0.0016362575115635991, -0.008791062980890274, 0.04739193990826607, 0.002653086092323065, -0.028316747397184372, 0.030092978850007057, 0.015432626940310001, 0.0028976399917155504, 0.0009894772665575147, 0.023747453466057777, 0.03186921030282974, 0.037197910249233246, -0.01236927043646574, 0.021906865760684013, 0.0037841470912098885, -0.019898951053619385, -0.032795943319797516, -0.021816765889525414, -0.006207159720361233, 0.008527202531695366, 0.014248472638428211, -0.02185538038611412, 0.014801936224102974, 0.025394974276423454, 0.014673223719000816, -0.012691051699221134, 0.026489030569791794, 0.01092769019305706, -0.005914338864386082, -0.0197959803044796, 0.01482767891138792, -0.020799938589334488, 0.01236927043646574, 0.01180937048047781, -0.009247992187738419, 0.015097974799573421, -0.014505897648632526, -0.015149460174143314, 0.012407884001731873, 0.012214815244078636, -0.004157413262873888, 0.0028300657868385315, 0.020709838718175888, 0.023876165971159935, -0.012047489173710346, -0.014557382091879845, 0.019075190648436546, 0.03742958977818489, 0.0008454801281914115, -0.015085103921592236, -0.01180937048047781, 0.008282648399472237, -0.016681138426065445, 0.006329436786472797, -0.02808506414294243, 0.005727705545723438, -0.022975178435444832, 0.006078447215259075, 0.0006701094098389149, 0.006406663917005062, 0.026090022176504135, 0.024609828367829323, -0.022537557408213615, 0.012330655939877033, 0.01130739226937294, 0.001729574054479599, -0.020529642701148987, -0.026038536801934242, -0.005373746156692505, 0.01682272180914879, -0.047520652413368225, -0.022653397172689438, -0.019873207435011864, -0.014055403880774975, -0.010419275611639023, -0.009601951576769352, -0.026128634810447693, 0.02538210339844227, 0.005550725851207972, 0.009737099520862103, 0.004170284606516361, 0.010683136060833931, 0.02209993451833725, -0.005116321612149477, -0.0054123601876199245, -0.0023956610821187496, 0.006776712369173765, -0.013746493496000767, 0.002770536346361041, 0.025999922305345535, -0.008540073409676552, -0.0027383582200855017, 0.02140488661825657, -0.004089839290827513, -0.002331304829567671, -0.01373362261801958, 0.037172164767980576, -0.005627953447401524, -0.020053405314683914, 0.002257295185700059, 0.03511276841163635, 0.001797148142941296, 0.004163849167525768, 0.01966726779937744, -0.00863660778850317, -0.0258068535476923, 0.014454412274062634, 0.008643043227493763, 0.006886118091642857, -0.02826526202261448, 0.02661774307489395, 0.03421178087592125, -0.014789064414799213, -0.022897951304912567, 0.0002349002897972241, 0.014171244576573372, 0.013862335123121738, -0.024687055498361588, -0.02237023040652275, -0.002514720195904374, 0.0046433028765022755, 0.03670880198478699, 0.022743497043848038, 0.010342048481106758, 0.022061320021748543, 0.014917776919901371, -0.002163978759199381, 0.001501109334640205, 0.0327187143266201, -0.02708110772073269, 0.02339993044734001, -0.02312963455915451, 0.015445498749613762, 0.009093536995351315, 0.025394974276423454, 0.006329436786472797, -0.006416317541152239, -0.01270392257720232, 0.015793021768331528, -0.014595996588468552, -0.0030392236076295376, -0.015432626940310001, 0.04255234822630882, -0.0016700444975867867, 0.0366058312356472, -0.004897510167211294, -0.008282648399472237, 0.00672522746026516, -0.012826199643313885, -0.021469242870807648, -0.013257386162877083, -0.00901630986481905, -0.017504898831248283, 0.0018502420280128717, -0.00370691972784698, 0.026205861940979958, -0.008031658828258514, -0.013643523678183556, 0.0049650841392576694, -0.010013831779360771, -0.017775194719433784, 0.002061008708551526, -0.008347004652023315, 0.013862335123121738, 0.005367310717701912, -0.022782109677791595, 0.00948610994964838, 0.035833556205034256, -0.012266299687325954, -0.005245034117251635, -0.01781380921602249, -0.013785107061266899, 0.02283359505236149, 0.0034816728439182043, 0.009743534959852695, -0.02060686983168125, -0.016101932153105736, 0.02880585566163063, -0.016796980053186417, -0.006265080533921719, -0.005518547724932432, 0.010889076627790928, -0.0006081665051169693, 0.0002065433218376711, 0.021031619980931282, 0.022447457537055016, -0.00020473329641390592, -0.014184116385877132, 0.024300917983055115, -0.028239520266652107, -0.014608867466449738, -0.03709493950009346, 0.009067795239388943, -0.017582125961780548, -0.014776193536818027, -0.00033766916021704674, -0.015677180141210556, -0.006686613894999027, 0.01928113028407097, -0.03992661461234093, 0.0033980095759034157, -0.005164588801562786, -0.011320263147354126, 0.013913819566369057, 0.0007211921620182693, 0.018534598872065544, 0.03367118537425995, -0.001029699924401939, 0.008597994223237038, -0.005206420086324215, 0.034623660147190094, 0.020568255335092545, -0.028239520266652107, 0.012086102738976479, 0.02073558233678341, -0.019602911546826363, -0.03804741054773331, -0.013489068485796452, 0.007368789985775948, 0.03452068939805031, -0.00353315775282681, -0.02388903684914112, -0.031920697540044785, 0.008083144202828407, 0.0006391379283741117, 0.008868290111422539, 0.00372300879098475, -0.017582125961780548, -0.017891036346554756, -0.009428190067410469, -0.020568255335092545, 0.00652572326362133, 0.03197218105196953, -0.032795943319797516, -0.02212567627429962, 0.008520767092704773, 0.012176201678812504, 0.02355438470840454, -0.01076036412268877, 0.008295520208775997, -0.01602470502257347, 0.013952434062957764, 0.006361614912748337, -0.010966303758323193, 0.008597994223237038, -0.0057116164825856686, 0.013244515284895897, 0.008147500455379486, 0.021636569872498512, 0.00966630782932043, 0.01879202388226986, 0.013411841355264187, -0.0027898431289941072, -0.002693308750167489, -0.00826977752149105, 0.004623996093869209, -0.01205392461270094, 0.027673184871673584, -0.00185185088776052, -0.006580425892025232, 0.006454931106418371, -0.019409842789173126, 0.025845468044281006, 0.012626695446670055, -0.018856380134820938, -0.029011795297265053, -0.012954912148416042, -0.04976024851202965, -0.008083144202828407, -0.010683136060833931, 0.008533637970685959, 0.009132150560617447, -0.03488108515739441, -0.0011938082752749324, 0.002020786050707102, 0.025394974276423454, -0.01549698319286108, -0.009441060945391655, 0.014595996588468552, -0.002767318394035101, 0.023592999204993248, 0.032075151801109314, -0.013514811173081398, -0.00805740151554346, -0.017929648980498314, -0.028831597417593002, -0.011197986081242561, -0.001332978717982769, -0.03266723081469536, 0.010116801597177982, 0.008192549459636211, -0.008443539030849934, 0.0022460329346358776, 0.01778806559741497, -0.009312348440289497, 0.0020497464574873447, 0.0063004763796925545, -0.024867253378033638, -0.025819724425673485, -0.026180120185017586, 0.007098493631929159, -0.02170092612504959, -0.014003918506205082, 0.0222801323980093, -0.027132593095302582, 0.029011795297265053, -0.010155415162444115, -0.03047911636531353, 0.007729184813797474, 0.004611124750226736, 0.0024230126291513443, -0.01745341345667839, 0.018766280263662338, 0.03421178087592125, -0.024931609630584717, -0.021971222013235092, 0.014686094596982002, 0.03189495578408241, -0.014325699768960476, 0.01413263101130724, 0.01599896140396595, -0.012427190318703651, -0.00495543098077178, 0.006380921695381403, 0.013527682051062584, -0.026386059820652008, -0.03755830228328705, 0.024519728496670723, 0.0043150861747562885, -0.008179678581655025, -0.01290342677384615, -0.008630172349512577, -0.013875206001102924, 0.014595996588468552, -0.023296959698200226, -0.027364274486899376, 0.00544775603339076, -0.027492986992001534, -0.005727705545723438, 0.0032290746457874775, -0.02386329509317875, 0.019937563687562943, -0.00987868383526802, -0.012639566324651241, -0.021057363599538803, -0.004633649718016386, -0.0009725837153382599, 0.0261672493070364, -0.00564726023003459, 0.015471241436898708, -0.030762284994125366, 0.0010232642525807023, 0.010850463062524796, 0.010322741232812405, 0.009119279682636261, 0.02004053443670273, -0.015895992517471313, 0.031817726790905, 0.005267558619379997, -0.009157893247902393, 0.03629692271351814, -0.030376147478818893, -0.006136368028819561, 0.013270257972180843, 0.014557382091879845, -0.012819764204323292, -0.003423752263188362, -0.02170092612504959, 0.004685134626924992, 0.02216429077088833, 0.017492027953267097, 0.008282648399472237, -0.012079667299985886, -0.01754351146519184, -0.00686681130900979, -0.023695969954133034, 0.0077806697227060795, 0.059156257659196854, 0.009634129703044891, -0.0017504898132756352, -0.0026868730783462524, 0.03658008947968483, 0.004807411227375269, 0.012111845426261425, 0.013514811173081398, 0.004334392957389355, -0.025613784790039062, 0.030736541375517845, -0.02878011204302311, -0.011790064163506031, -0.007175721228122711, 0.014505897648632526, -0.011983132921159267, -0.006686613894999027, 0.028213776648044586, 0.011571252718567848, -0.02303953468799591, 0.008404925465583801, 0.0034816728439182043, 0.011152937076985836, -0.002371527487412095, -0.018161332234740257, 0.008372747339308262, 0.0112752141430974, 0.000699069700203836, -0.0020770977716892958, -0.0367860272526741, 0.007478195708245039, -0.02288508042693138, -0.013398969545960426, 0.007645521778613329, -0.003155064769089222, 0.0012396621750667691, -0.0017376185860484838, 0.006088100839406252, 0.0014447977300733328, -0.02878011204302311, -0.017929648980498314, -0.01666826754808426, 0.003145411377772689, -0.01074749231338501, -0.0029555605724453926, -0.020709838718175888, -0.018689053133130074, -0.018534598872065544, 0.028059322386980057, 0.009762842208147049, -0.0028944220393896103, -0.01534252893179655, 0.01532965712249279, -0.0005450169555842876, 0.01572866551578045, 0.004533897619694471, -0.01733757182955742, -0.005103450268507004, 0.0006773494533263147, -0.020143505185842514, 0.005830675829201937, -0.034289006143808365, 0.03132861852645874, 0.02634744718670845, 0.0201563760638237, -0.008456410840153694, 0.004617560654878616, -0.01745341345667839, 0.024082105606794357, 0.02022073231637478, 0.01930687390267849, 0.011963825672864914, -0.004681916907429695, -0.001690960256382823, 0.003922513220459223, 0.03645137697458267, 0.03500979766249657, -0.026115763932466507, -0.02221577614545822, 0.008836111985147, -0.026720711961388588, -0.016964305192232132, -0.00904848799109459, -0.029578128829598427, -0.01691282168030739, 0.011584123596549034, -0.009254427626729012, -0.010509374551475048, 0.01754351146519184, 0.0034462767653167248, -0.03748107701539993, 0.0026595217641443014, -0.00877175573259592, -0.03369693085551262, -0.0224603284150362, 0.0061942883767187595, 0.0022830376401543617, -0.013347485102713108, -7.86227155913366e-06, 0.008623736910521984, -0.00686681130900979, 0.002175241010263562, 0.030788026750087738, -0.00833413377404213, 0.004038354381918907, -0.019770238548517227, -0.03724939376115799, -0.015599953942000866, -0.014209859073162079, 0.007825719192624092, 0.026180120185017586, 0.00529008312150836, 0.025665270164608955, 3.41641170962248e-05, 0.005171024240553379, -0.03083951212465763, 0.003323999932035804, 0.0013402188196778297, 0.0013748102355748415, 0.003222638973966241, -0.020993007346987724, 0.005898249801248312, -0.007079186849296093, 0.0055732508189976215, -0.01839301362633705, -0.015702923759818077, -0.03017020784318447, 0.007400968112051487, -0.04679986089468002, 0.02632170356810093, 0.028239520266652107, -0.013514811173081398, 0.016256386414170265, -0.023026663810014725, 0.0025211558677256107, 0.0002845752751454711, -0.02746724523603916, 0.00495543098077178, -0.027132593095302582, -0.0027464027516543865, -0.025974180549383163, -0.02225438877940178, 0.035988010466098785, 0.006750970147550106, 0.006226466502994299, -0.0065385946072638035, 0.023605870082974434, 0.19286279380321503, -0.03099396638572216, -0.011796499602496624, 0.016230644658207893, 4.258573244442232e-05, 0.022897951304912567, 0.027698926627635956, 0.005920774303376675, -0.00880393385887146, 0.02911476418375969, 0.0047140950337052345, -0.015316786244511604, -0.022988051176071167, 0.0197959803044796, 0.014029661193490028, -0.012980654835700989, -0.012446497566998005, -0.02728704735636711, -0.0031357579864561558, -0.044972144067287445, 0.012935604900121689, -0.029217734932899475, 0.008997002616524696, -0.008720271289348602, 0.0512533113360405, -0.012813327834010124, -0.011912340298295021, -0.020503899082541466, 0.026025665923953056, 0.00843710359185934, -0.012600952759385109, 0.00493934191763401, -0.0019725188612937927, -0.0048524606972932816, -0.006815326400101185, -0.005689091980457306, -0.00956333801150322, -0.010168286971747875, 0.0038131074979901314, 0.01946132816374302, 0.022923694923520088, 0.012665309011936188, -0.01185442041605711, -0.01599896140396595, 0.0023184337187558413, 0.024905866011977196, 0.005936863366514444, -0.004112363792955875, 0.011217293329536915, -0.010438582859933376, -0.03688899800181389, -0.020709838718175888, 0.005216073710471392, 0.0047752331010997295, 0.00620072428137064, 0.011069273576140404, 0.014595996588468552, 0.0369662269949913, -0.018238559365272522, 0.021984092891216278, -0.004324739798903465, -0.0023667009081691504, -0.030067237094044685, 0.013270257972180843, -0.0011551945935934782, 0.023387059569358826, 0.005393053404986858, 0.003163109300658107, -0.00011835515761049464, -0.011152937076985836, 0.006419535260647535, -0.017221730202436447, -0.0028316746465861797, 0.0060559227131307125, 0.001983781112357974, -0.009627694264054298, 0.03320782259106636, -0.003948255442082882, 0.01937123015522957, 0.04466323181986809, -0.006654435768723488, 0.02000191994011402, -0.02513754926621914, -0.009305913001298904, -0.003854939015582204, -0.030556345358490944, 0.03184346854686737, -0.009769277647137642, -0.011223728768527508, -0.01185442041605711, -0.001267013605684042, 0.0028767241165041924, 0.00017949358152691275, 0.024082105606794357, 0.029784070327878, 0.018740538507699966, 0.01684846542775631, 0.012510853819549084, 0.008392054587602615, -0.015548468567430973, -0.0007034941809251904, 0.07223344594240189, 0.014608867466449738, 0.012723229825496674, -0.008314826525747776, 0.01363065280020237, 0.003755186917260289, -0.002186503494158387, 0.023695969954133034, -0.023837553337216377, -0.009080666117370129, -0.01003313809633255, -0.007729184813797474, -0.01110788807272911, 0.01041284017264843, 0.02321973256766796, 0.023000922054052353, -0.003007045481353998, 0.000812497572042048, -0.01291629858314991, 0.023335574194788933, -0.029166249558329582, -0.03230683505535126, 0.0023071712348610163, 0.0033143465407192707, -0.011918776668608189, -0.011938082985579967, -0.0060559227131307125, -0.005193548742681742, -0.005019787233322859, 0.010290563106536865, -0.04381373152136803, -0.009659872390329838, -0.0022154636681079865, -0.01575440913438797, 0.0039160773158073425, 0.0067831482738256454, 0.013347485102713108, -0.003053703811019659, -0.00563117116689682, -0.005933645647019148, -0.01311580277979374, 0.013810849748551846, -0.006635128986090422, -0.011391054838895798, -0.021392015740275383, 0.0004887052346020937, 0.0032757327426224947, -0.02410784922540188, -0.013952434062957764, -0.025356359779834747, 0.015072232112288475, 0.000718778814189136, -0.013785107061266899, 0.006956909783184528, -0.021713797003030777, -0.023052407428622246, -0.01888212189078331, -0.03220386430621147, 0.0007626214646734297, -0.03189495578408241, -0.0011214076075702906, 0.0013265430461615324, 0.0180326197296381, 0.013643523678183556, 0.012562339194118977, -0.15877972543239594, 0.017903907224535942, -0.01615341752767563, -0.024275174364447594, 0.007941560819745064, 0.014583124779164791, 0.0010176331270486116, -0.007259384263306856, -0.012427190318703651, -0.008327698335051537, 0.011448975652456284, -0.010091058909893036, -0.019255388528108597, 0.0010353310499340296, 0.008610865101218224, -0.018753409385681152, -0.015599953942000866, 0.03202366828918457, 0.021301915869116783, 0.013096495531499386, 0.023580128327012062, -0.041599877178668976, -0.004089839290827513, -0.02310389094054699, -0.00948610994964838, -0.016320742666721344, -0.0024149680975824594, -0.006158892530947924, -0.012272736057639122, -0.012517289258539677, -0.006828197278082371, -0.013952434062957764, 0.024275174364447594, -0.0005301345372572541, -0.005640824791043997, 0.02055538445711136, -0.02270488254725933, -0.04268106073141098, -0.02538210339844227, 0.01114006619900465, 0.001919424976222217, 0.02674645557999611, 0.0018695489270612597, 0.012279171496629715, 0.009106408804655075, 0.0362454354763031, 0.01328312885016203, -0.007400968112051487, -0.011603430844843388, 0.0027914519887417555, -0.018560340628027916, -0.010554423555731773, 0.025021707639098167, 0.0035782072227448225, -0.011545510031282902, -0.006483891513198614, 0.01675836555659771, 0.008038095198571682, 0.0077742342837154865, 0.002775362925603986, -0.014158373698592186, -0.03130287677049637, -0.0010739448480308056, 0.029578128829598427, 0.022936565801501274, -0.021031619980931282, 0.01464748103171587, 0.009737099520862103, -0.02862565778195858, 0.009293041191995144, 0.007059880066663027, 0.005209637805819511, -0.004173502326011658, -0.0198860801756382, 0.032075151801109314, 0.00810245145112276, -0.03663157299160957, -0.004617560654878616, -0.027853382751345634, -0.024764282628893852, -0.021353401243686676, 0.011101451702415943, -0.03858800232410431, -0.03403158113360405, -0.008900468237698078, 0.033285047858953476, 0.010528681799769402, 0.0017649700166657567, 0.014029661193490028, -0.002004696987569332, 0.006789583712816238, -0.02558804303407669, 0.02073558233678341, -0.00620072428137064, -0.018380142748355865, 0.029372189193964005, -0.01287124864757061, -0.01881776563823223, -0.00689898943528533, -0.027184076607227325, 0.004994044546037912, 0.003632910083979368, -0.015316786244511604, 0.01821281760931015, 0.00778710562735796, 0.0037101374473422766, -0.027724670246243477, 0.001974127721041441, 0.020182117819786072, -0.02288508042693138, 0.01973162405192852, 0.016951434314250946, 0.016410842537879944, 0.011661351658403873, 4.537617860478349e-05, 0.01970588229596615, -0.010850463062524796, 0.008153935894370079, -0.001653955434449017, -0.019139546900987625, 0.07007107883691788, -0.01406827475875616, 0.01709301769733429, 0.006828197278082371, -0.0034527124371379614, -0.010161850601434708, -0.1101778894662857, -0.013669266365468502, -0.0007606103317812085, 0.025111805647611618, 0.01715737394988537, -0.0001280085853068158, -0.004736619535833597, 0.018084105104207993, -0.009724228642880917, -0.010483631864190102, -0.007806412409991026, -0.020593998953700066, 0.012510853819549084, -0.015522725880146027, 0.0330791100859642, -0.008688093163073063, 0.009460368193686008, -0.03467514365911484, -0.017440542578697205, 0.024931609630584717, -0.0015727056888863444, -0.00387424579821527, -0.011957390233874321, -0.016861336305737495, -0.012292042374610901, -0.0012042662128806114, 0.00497152004390955, 0.024352403357625008, 0.007349483203142881, 0.017800936475396156, -0.026875168085098267, -0.01321877259761095, 0.027904868125915527, 0.006081664934754372, 0.004945777356624603, -0.005434884689748287, -0.003288604086264968, -0.01845736987888813, 0.031277135014534, -0.012678179889917374, 0.020799938589334488, 0.004379442427307367, 0.009035617113113403, 0.00775492750108242, 0.010464325547218323, -0.01854746975004673, -0.007896510884165764, 0.003488108515739441, 0.004485630430281162, -0.017440542578697205, -0.006007655523717403, -0.007851461879909039, -0.0020240037702023983, -0.02209993451833725, 0.02547220140695572, -0.008076708763837814, 0.020169246941804886, 0.017800936475396156, -0.029732584953308105, -0.009949475526809692, -0.02388903684914112, 0.012684615328907967, -0.016127673909068108, 0.011751450598239899, 0.019409842789173126, -0.010708878748118877, -0.04471471905708313, -0.01899796351790428, 0.010187593288719654, -0.02288508042693138, -0.01363065280020237, 0.003147020237520337, -0.021482113748788834, 0.01363065280020237, -0.018199944868683815, 0.010631651617586613, -0.006641564425081015, -0.01872766762971878, -0.006187852937728167, -0.020709838718175888, -0.013463325798511505, 0.00495543098077178, 0.02690090984106064, -0.010470760986208916, 0.0434790775179863, 0.013991047628223896, 0.035962268710136414, -0.008231163956224918, 0.005187113303691149, -0.004672263283282518, 0.004611124750226736, 0.012227686122059822, -0.017401928082108498, -0.005917556583881378, -0.01413263101130724, 4.0800852730171755e-05, -0.010946997441351414, -0.018508855253458023, 0.02200983464717865, 0.04891074448823929, -0.02194547839462757, -0.025819724425673485, -0.034623660147190094, 0.005167806521058083, -0.0050905789248645306, 0.0011568034533411264, 0.006171763874590397, -0.01007818803191185, 0.016320742666721344, -0.0054413205944001675, -0.013707879930734634, 3.5923854738939553e-05, -0.03511276841163635, 0.0013176940847188234, 0.018341530114412308, -5.8624515077099204e-05, -0.02462269924581051, -0.003639345522969961, 0.0240434929728508, 0.005293300841003656, 0.029423674568533897, 0.03573058545589447, -0.012755407951772213, 0.021572213619947433, 0.012407884001731873, 0.027698926627635956, -0.023412801325321198, -0.0035106330178678036, -0.01270392257720232, 0.019834594801068306, 0.010914819315075874, 0.014055403880774975, -0.0017022226238623261, -0.023451415821909904, -0.006586861796677113, 0.008765320293605328, -0.023605870082974434, -0.015239558182656765, 0.02473854087293148, 0.017311830073595047, 0.03184346854686737, 0.08289084583520889, -0.006429188884794712, -0.028007837012410164, -0.0023007357958704233, -0.05436815321445465, -0.019783109426498413, -0.010844026692211628, -0.025729626417160034, 0.003761622356250882, 0.004640085157006979, -0.023657355457544327, 0.018071234226226807, 0.009582644328474998, 0.037172164767980576, -0.04152264818549156, 0.005299736745655537, -0.0099430400878191, -0.011056402698159218, -0.0023329139221459627, 0.006419535260647535, -0.02346428669989109, 0.018830636516213417, 0.002231552731245756, 0.014801936224102974, 0.0022154636681079865, -0.004366571083664894, -0.008070273324847221, -0.003694048384204507, -0.008050966076552868, 0.017775194719433784, -0.007735620718449354, -0.012954912148416042, 0.014081146568059921, 0.012227686122059822, 0.0023296959698200226, -0.013476197607815266, -0.009807891212403774, -0.0021768498700112104, -0.00616211025044322, 0.007561858743429184, -0.001409401767887175, 0.009093536995351315, 0.03575633093714714, -0.03287316858768463, 0.008913340047001839, 0.021649440750479698, 0.02094152197241783, -0.019409842789173126, -0.0076197790913283825, 0.009840069338679314, -0.009569773450493813, -0.0019419497111812234, -0.0016467154491692781, -0.004086621571332216, 0.024571213871240616, 0.023901909589767456, -0.00036542280577123165, -0.006445277947932482, -0.009589080698788166, 0.010734621435403824, 0.011918776668608189, -0.016140546649694443, 0.021803895011544228, -0.011204422451555729, -0.021572213619947433, -0.0075361160561442375, 0.004701223690062761, -0.019422713667154312, -0.021327659487724304, 0.000316351157380268, 0.009634129703044891, 0.007941560819745064, -0.0258969534188509, -0.005383399780839682, 0.0029362535569816828, -0.028831597417593002, 0.0056504784151911736, -0.009653436951339245, 0.0009951083920896053, -0.0026595217641443014, 0.008340569213032722, 0.01736331544816494, 0.014956391416490078, 0.0028558082412928343, 0.042217694222927094, 0.02677219733595848, -0.018315786495804787, 0.029011795297265053, -0.02310389094054699, -0.008449974469840527, 0.003684394992887974, 0.008630172349512577, -0.007149978540837765, -0.03421178087592125, 0.0028381103184074163, -0.02440388686954975, -0.04280977323651314, 0.01557421125471592, 3.2127842132467777e-05, 0.013991047628223896, 0.09874822199344635, 0.043453335762023926, 0.007330176420509815, 0.01608906127512455, 0.006442060228437185, -0.00406731478869915, -0.006841068621724844, -0.0018663310911506414, -0.01058016624301672, 0.004298997111618519, 0.026205861940979958, -0.027338532730937004, 0.009389575570821762, -0.016796980053186417, -0.00966630782932043, 0.022318745031952858, -0.022138547152280807, 0.028754370287060738, -0.0029523426201194525, -0.008353440091013908, 0.0445602647960186, -0.00438587786629796, 0.02100587822496891, -0.003620038740336895, -0.02962961420416832, -0.007845026440918446, 0.038176123052835464, -0.0003722606343217194, -0.014029661193490028, -0.03338801860809326, -0.029603872448205948, -0.011931647546589375, -0.029063280671834946, -0.023992007598280907, -0.0077806697227060795, -0.008411360904574394, -0.01924251765012741, -0.009479674510657787, -0.005618300288915634, 0.0004251534410286695, -0.018920736387372017, 0.011738578788936138, -0.017582125961780548, -0.006387357134371996, 0.00860442966222763, -0.009614822454750538, 0.005917556583881378, -0.02346428669989109, 0.004179938230663538]"
"Los síntomas psicológicos de SPCD son: 1. Ideas delirantes: Llamadas también ideas delusivas o simplemente delusiones, su frecuencia oscila entre 10-70 %. El contenido más habitual es de tipo persecutorio o paranoide ( «alguien roba las cosas»). Constituye un factor de riesgo de agresividad.
2. Alucinaciones: su presencia oscila entre el 12-40 %. Las alucinaciones más frecuentes son las visuales. En las demencias con cuerpos de Lewy pueden llegar al 80%.
3. Errores de identificación: Llamado también falsas identificaciones o síndromes de falsos reconocimientos, son un trastorno de percepción. Oscilan entre el 6-12 %. Se relacionan con agresividad, especialmente a su pareja no reconocida.
4. Depresión: presenta una prevalencia del 40- 50 % de los pacientes, con elevadas tasas de recurrencia. El diagnóstico de depresión puede ser difícil, especialmente en los estadios moderados y avanzados. Así mismo, en fases iniciales, en muchos casos, debe plantearse el diagnóstico diferencial entre depresión y demencia. Debe
considerarse un trastorno depresivo cuando: Existe un ánimo depresivo constante y pérdida de la capacidad de disfrutar; Se expresan reiterados deseos de muerte manifiestos; Existe una historia familiar o personal de depresión anterior al inicio
de la demencia.
5. Apatía: y los síntomas afines se desarrollan hasta en un 50 % en fases iniciales e intermedias. Debemos diferenciar apatía y depresión pues el abordaje farmacológico es distinto.
6. Ansiedad: también con elevada frecuencia de presentación, hasta en 40% de los casos. Puede manifestarse asociada a otras alteraciones o en forma independiente. En algunos casos, puede asociarse a fobias.
7. Alteraciones del sueño: El más frecuente es el insomnio asociado a otras alteraciones como agitación psíquica nocturna, quejas somáticas, y trastornos de la percepción. De modo característico, se presentan con cambio del ritmo vigilia-sueño. Son motivos frecuentes de consulta por parte de los cuidadores por su repercusión familiar. Ocasionalmente, pueden manifestarse despertares nocturnos e hipersomnias.","[-0.0006804981385357678, 0.0019212166080251336, 0.05285121500492096, -0.030197003856301308, -0.03642239049077034, 0.035053323954343796, -0.009887000545859337, 0.01567971147596836, -0.028569620102643967, -0.01432355772703886, 0.0007943180971778929, 0.045850884169340134, -0.0042008450254797935, 0.0458250530064106, 0.0029464035760611296, 0.030067846179008484, 0.027252215892076492, 0.00583791546523571, 0.03554411977529526, -0.013910253532230854, -0.01885698363184929, 0.00399742228910327, -0.02468198351562023, -0.01632549799978733, -0.005137236323207617, 0.005124320741742849, 0.007910891436040401, -0.007594456430524588, -0.015008091926574707, 0.005741047207266092, 0.02162095159292221, -0.02810465358197689, 0.01440105214715004, -0.004468846600502729, 0.003716504666954279, -0.012457232922315598, -0.006968042813241482, -0.012373280711472034, -0.007923807948827744, -0.012650969438254833, 0.0019841808825731277, 0.02553442120552063, -0.009099139831960201, -0.009835337288677692, 0.027045562863349915, 0.033865075558423996, -0.02429451048374176, -0.015098501928150654, -0.03482083976268768, 0.027975495904684067, 0.01945110782980919, 0.00775590306147933, -0.030067846179008484, -0.005905722733587027, 0.04468846693634987, -0.01597677357494831, 0.016041351482272148, 0.001091380137950182, 0.03270265832543373, -0.026658091694116592, 0.015576384961605072, -0.02360997535288334, -0.01870199479162693, 0.027226382866501808, -0.018689079210162163, 0.011979350820183754, 0.01866324618458748, -0.014736860990524292, 0.017087526619434357, 0.010532787069678307, 0.03378758206963539, 0.010513413697481155, -0.00915726087987423, -0.02717472054064274, 0.035647448152303696, -0.0036034919321537018, 0.014853103086352348, -0.0025702326092869043, -0.008453353308141232, 0.006897006183862686, 0.022202160209417343, -0.01558930054306984, -0.01850825734436512, -0.0017743000062182546, 0.022150497883558273, 0.024074941873550415, -0.002804330550134182, 0.0223184023052454, -0.02602521888911724, -0.0047013298608362675, -0.013871506787836552, 0.0063513158820569515, 0.005066199693828821, 0.003580889431759715, 0.007226357702165842, 0.014362304471433163, 0.017978712916374207, -0.0028124027885496616, -0.022602548822760582, -0.013884422369301319, -0.005831457208842039, 0.0038714935071766376, -0.06385542452335358, -0.010978380218148232, -0.005850831046700478, -0.007361972704529762, 0.010720065794885159, 0.015821782872080803, 0.0029657771810889244, -0.008853740990161896, -0.018779488280415535, 0.027588024735450745, -0.008743957616388798, -0.011566046625375748, 0.01226995512843132, -0.010649029165506363, -0.009183092042803764, 0.00886019878089428, -0.028879599645733833, -0.04009046405553818, 0.015524721704423428, 0.012457232922315598, 0.014581872150301933, -0.014956428669393063, 0.007342599332332611, -0.01948985457420349, 0.009667432866990566, -0.006929295603185892, -0.015008091926574707, 0.01014531496912241, -0.022305486723780632, 0.004003880079835653, 0.003726191585883498, -0.012082676403224468, -0.0063287136144936085, -0.0074200937524437904, -0.020122725516557693, -0.006425581406801939, -0.02153054252266884, -0.04205365478992462, 0.01583470031619072, 0.026361029595136642, -0.030351992696523666, -0.014116905629634857, 0.014465630985796452, 0.022098833695054054, 0.007626745384186506, 0.011637083254754543, -0.006209243088960648, 0.009570565074682236, 0.024074941873550415, -0.0014473702758550644, -0.008446895517408848, -0.010003241710364819, -0.010532787069678307, -0.0029480180237442255, 0.01567971147596836, 0.0026945467106997967, -0.015473058447241783, -0.0333484448492527, -0.004342918284237385, 0.012579932808876038, -0.009376828558743, 0.007394262123852968, 0.002904427470639348, 0.019464023411273956, -0.0036519260611385107, -0.001172103569842875, 0.012573475018143654, -0.0012633210280910134, -0.0025815339758992195, 0.023635808378458023, -0.02934456616640091, 0.02062644064426422, 0.02740720473229885, -0.014556040987372398, -0.004300942178815603, -0.005340659059584141, -0.02701973170042038, -0.015305154025554657, -0.02275753766298294, 0.01440105214715004, 0.03249600529670715, 0.004462388809770346, -0.02880210429430008, -0.023222504183650017, 0.035750772804021835, -0.003664841642603278, -0.01810787059366703, 0.0044365571811795235, 0.007568624801933765, 0.011010670103132725, 0.020768512040376663, -0.02973203733563423, -0.620782196521759, -0.009189550764858723, -0.007516961544752121, -0.010881512425839901, 0.0252890232950449, 0.03443336859345436, 0.02869877777993679, 0.004362291656434536, -0.044662635773420334, -0.061478931456804276, 0.03494999557733536, -0.014052326790988445, -0.0025783050805330276, -0.018921561539173126, -0.02583148330450058, -0.019321950152516365, -0.01558930054306984, 0.002757510868832469, 0.023687470704317093, 0.013781096786260605, 0.0029108852613717318, 0.013199888169765472, -0.009764300659298897, 0.020949333906173706, 0.015059755183756351, -0.001796902623027563, 0.014116905629634857, -0.023235419765114784, 0.010196978226304054, 0.030067846179008484, -0.016687138006091118, 0.014375220984220505, -0.007775276433676481, 0.021207647398114204, 0.053419508039951324, -0.02751052938401699, 0.021414300426840782, 0.01551180612295866, 0.02335166186094284, 0.0560026578605175, 0.010384256020188332, 0.0056183477863669395, 0.02320958860218525, -0.022344233468174934, 0.016648391261696815, 0.007174694444984198, 0.013690686784684658, -0.015008091926574707, -0.02286086231470108, 0.015925109386444092, 0.027097227051854134, -0.012612221762537956, -0.020071063190698624, 0.00023793218133505434, 0.028776273131370544, -0.002772041130810976, 0.0363190658390522, -0.04458514228463173, -0.010842765681445599, -0.012760752812027931, -0.007000332232564688, -0.006819511763751507, 0.010255099274218082, 0.009602854028344154, 0.003881180426105857, 0.03141108527779579, -0.03141108527779579, -0.032186027616262436, 0.02102682739496231, -0.005505335051566362, 0.010552161373198032, 0.011914771981537342, -0.021853435784578323, 0.007846313528716564, 0.020122725516557693, 0.0076202875934541225, 0.018133701756596565, 0.005983217619359493, -0.008866656571626663, -0.010984838008880615, -0.00330320093780756, -0.008588968776166439, -0.04721995070576668, 0.0033774664625525475, 0.018327437341213226, -0.0038198307156562805, 0.0005339852068573236, 0.022744622081518173, -0.008621257729828358, 0.00018808548338711262, 0.00471101701259613, -0.011178574524819851, -0.008543763309717178, -0.018185364082455635, -0.018482426181435585, 0.010707150213420391, -0.0025540878996253014, -0.008576052263379097, -0.010403630323708057, -0.010151772759854794, -0.010519871488213539, -0.012463690713047981, 0.0023232190869748592, 0.015330985188484192, 0.04143369942903519, 0.003735878271982074, -0.03487250208854675, 0.006916379556059837, 0.04378436505794525, -0.02562483213841915, 0.009660975076258183, -0.0059703015722334385, -0.0009065236081369221, -0.019825663417577744, -0.005017765797674656, -0.02048436738550663, 0.034355875104665756, 0.01034550927579403, -0.0013965145917609334, 0.01083630695939064, -0.017991628497838974, 0.012631595134735107, 0.010029073804616928, -0.012476606294512749, -0.00033419483224861324, -0.015266407281160355, -0.007219899911433458, -0.00557960057631135, 0.02097516506910324, -0.013103020377457142, -0.004604462068527937, -0.02444949932396412, 0.021905098110437393, 0.003680986352264881, 0.003484021406620741, -0.01746208220720291, 0.028621284291148186, -0.004178242292255163, -0.0069422111846506596, -0.0129415737465024, -0.0327543206512928, 0.003290285123512149, 0.0035905761178582907, 0.015950940549373627, 0.009402659721672535, -0.03843724727630615, 0.011281900107860565, -0.01014531496912241, -0.02434617280960083, -0.009667432866990566, 0.004698100965470076, -0.03843724727630615, 0.01180498767644167, 0.04096873477101326, 0.0010695848613977432, -0.0016176967183128, -0.000709962157998234, -0.007633203640580177, -0.025056539103388786, -0.017087526619434357, 0.018030375242233276, 0.003038428258150816, -0.006813053973019123, 0.00617372477427125, -0.030145341530442238, -0.03236684948205948, 0.021814687177538872, 0.027898002415895462, -0.03197937831282616, -0.03063613921403885, -0.005463358946144581, -0.006083314307034016, 0.005569913890212774, -0.001236682292073965, -0.007013247814029455, 0.030739465728402138, 0.00046012329403311014, -0.012340991757810116, 0.01766873523592949, 0.0030109824147075415, -0.010041989386081696, 0.003199875121936202, -0.011275442317128181, -0.003680986352264881, 0.03554411977529526, -0.008847283199429512, 0.03123026341199875, 0.011604794301092625, 0.013949001207947731, 0.017849555239081383, 0.007516961544752121, 0.010248641483485699, 0.013871506787836552, 0.00903456099331379, -0.015950940549373627, 0.02158220484852791, 0.002988379681482911, -0.015033923089504242, -0.0181595329195261, 0.021246396005153656, 0.02240881137549877, -0.0181595329195261, 0.014000664465129375, -0.011992266401648521, 0.026683922857046127, -0.032031040638685226, 0.013664854690432549, -0.02271878905594349, 0.031488578766584396, 0.023416239768266678, 0.0005339852068573236, -0.0035421422217041254, -0.01086213905364275, 0.002757510868832469, -0.004129808396100998, 0.02771718241274357, 0.005234104581177235, 0.01543431170284748, -0.00488537922501564, -0.002773655578494072, -0.019774001091718674, 0.011914771981537342, 0.015201828442513943, -0.00942203402519226, 0.014349388889968395, 0.014207315631210804, 0.017927050590515137, 0.00925412867218256, 0.013199888169765472, -0.005337430164217949, -0.01896030828356743, -0.003157898783683777, 0.010577992536127567, 0.02240881137549877, -0.005644179414957762, 0.025211527943611145, 0.009189550764858723, -0.017836639657616615, 0.04437848925590515, -0.0027671977877616882, -0.026632260531187057, 0.027226382866501808, 0.00821441225707531, 0.0008500172407366335, 0.00019111261644866318, 0.023816628381609917, 0.021543458104133606, 0.03360676020383835, -0.0016289979685097933, 0.036990683525800705, -0.00504682632163167, -0.013445287011563778, -0.02820798009634018, -0.016157593578100204, -0.0033742375671863556, 0.006590257398784161, 0.0076202875934541225, -0.010629655793309212, 0.0022763994056731462, 0.0181595329195261, 0.027898002415895462, -0.01137876883149147, 0.03123026341199875, 0.016648391261696815, -0.002428159350529313, -0.025663578882813454, -0.0015369732864201069, -0.020703934133052826, 0.01726834662258625, -0.0037229626905173063, -0.007671950850635767, 0.02048436738550663, -0.002823704155161977, -0.026451438665390015, 0.012082676403224468, -0.0036260944325476885, -0.010597365908324718, 0.0033710086718201637, 0.01885698363184929, 0.013742349110543728, -0.01031322032213211, -0.010952549055218697, 0.018417848274111748, 0.04458514228463173, 0.00929933413863182, -0.0031611279118806124, -0.016248002648353577, 0.018030375242233276, 0.002460448769852519, 0.02048436738550663, -0.016545064747333527, 0.00643203966319561, -0.007194068282842636, 0.013406540267169476, 0.013535697013139725, -0.011288358829915524, 0.028879599645733833, 0.004698100965470076, -0.02686474286019802, -0.0014465630520135164, 0.003383924253284931, -0.001701648929156363, -0.02142721600830555, -0.019670674577355385, 0.004223447758704424, 0.00583791546523571, -0.0327543206512928, -0.022835031151771545, -0.012883452698588371, -0.009344539605081081, -0.008588968776166439, -0.012231207452714443, -0.030946116894483566, 0.02993869036436081, 0.004003880079835653, 0.006335171405225992, -0.004488220438361168, 0.006451413035392761, 0.027846340090036392, -0.002095579169690609, 0.0009799819672480226, -0.009602854028344154, 0.008375858888030052, -0.0087827043607831, -0.016041351482272148, 0.04427516460418701, -0.0035292264074087143, 0.0023183757439255714, 0.012625137344002724, -0.003199875121936202, -0.0075363353826105595, -0.004743305966258049, 0.03443336859345436, -0.000791896425653249, -0.00789151806384325, 0.0009420419228263199, 0.029809532687067986, 0.017849555239081383, -0.0020907355938106775, 0.025444012135267258, -0.016093013808131218, -0.023196673020720482, 0.02429451048374176, 0.016790464520454407, -0.008395232260227203, -0.022047171369194984, 0.015111417509615421, 0.03590576350688934, -0.02009689435362816, -0.015912193804979324, 0.003120766021311283, 0.015188912861049175, 0.01726834662258625, -0.015498890541493893, -0.029861195012927055, 0.006683896295726299, 0.00971909612417221, 0.03905720263719559, 0.008724583312869072, -0.0008023904520086944, 0.014013580046594143, 0.017281262204051018, -0.0012931886594742537, 0.011792072094976902, 0.024901550263166428, -0.019864410161972046, 0.030248668044805527, -0.006083314307034016, 0.017991628497838974, 0.013380708172917366, 0.02211174927651882, 0.014000664465129375, 0.007323225494474173, -0.012153713032603264, 0.007575082592666149, -0.0087827043607831, 0.0064707868732512, -0.0013141767121851444, 0.02701973170042038, -0.014530209824442863, 0.04138203710317612, -0.013496950268745422, -0.006877632346004248, 0.010984838008880615, -0.018172448500990868, -0.018288690596818924, 0.0004572979814838618, -0.001649178797379136, -0.015602216124534607, 0.0035259975120425224, 0.00870520994067192, 0.020006483420729637, -0.02993869036436081, -0.016583813354372978, 0.004326773341745138, -0.006587028503417969, -0.02623187191784382, 0.0019938675686717033, 0.002261869376525283, 0.018882814794778824, 0.0019050718983635306, -0.03290931135416031, 0.012276412919163704, 0.027588024735450745, -0.02202134020626545, -0.006929295603185892, -0.010196978226304054, -0.02123348042368889, 0.009460780769586563, 0.013148224912583828, 0.020820176228880882, -0.02567649446427822, -0.012928657233715057, 0.009564107283949852, -0.012948031537234783, -0.03123026341199875, -0.01281887385994196, -0.0041168928146362305, 0.006209243088960648, -0.001520021352916956, 0.008052964694797993, 0.012140797451138496, 0.0006134977447800338, -0.007168236654251814, 0.020897669717669487, -0.03954800218343735, -0.02983536384999752, -0.04388768970966339, 0.0012568631209433079, -0.005831457208842039, -0.012767210602760315, 0.007956096902489662, -0.008020675741136074, 0.005347117315977812, 0.014116905629634857, -0.022098833695054054, 0.005247020162642002, -0.002226351061835885, 0.003383924253284931, 0.016855042427778244, -0.0163771603256464, 0.013974832370877266, 0.014711029827594757, -0.004998391959816217, 0.011656456626951694, -0.004907981958240271, 0.03600908815860748, 0.01969650574028492, -0.015718458220362663, 0.009066850878298283, 0.01800454407930374, -0.018172448500990868, -0.029912857338786125, -0.007297394331544638, 0.0012003567535430193, 0.03719733655452728, -0.0006522449548356235, -0.022770453244447708, -0.029422059655189514, 0.009809506125748158, -0.009338080883026123, 0.025792736560106277, 0.008007760159671307, -0.006154350936412811, -0.01372943352907896, 0.005547311156988144, -0.02459157258272171, 0.006260905880481005, 0.03425254672765732, -0.027433035895228386, -0.024410752579569817, 0.002226351061835885, -0.007781734224408865, 0.020406872034072876, -0.008640631102025509, 0.0029803074430674314, -0.022008424624800682, 0.015821782872080803, 0.01845659501850605, -0.009712637402117252, 0.010926717892289162, -0.019812747836112976, 0.021362636238336563, -0.010474666953086853, 0.01004844717681408, 0.02256380021572113, 0.02088475413620472, 0.01167583093047142, 0.0016362630994990468, 0.006315797567367554, -0.024617403745651245, -0.00955119077116251, -0.015266407281160355, 0.03484667092561722, 0.00399742228910327, 0.00504682632163167, 0.005624805577099323, -0.014594788663089275, 0.03161773458123207, 0.03135942295193672, -0.028621284291148186, -0.014091074466705322, -0.011985808610916138, -0.05254123732447624, -0.01691962219774723, -0.011062332428991795, 0.005547311156988144, 0.012902826070785522, -0.03595742583274841, 0.0006042145541869104, 0.023674555122852325, 0.009183092042803764, -0.02063935622572899, -0.024423668161034584, 0.025159865617752075, -0.00858251005411148, 0.03458835557103157, 0.025508590042591095, -0.0072069838643074036, -0.001700034481473267, -0.011417515575885773, -0.03389090672135353, -0.018275775015354156, 0.009557648561894894, -0.020794345065951347, 0.016144677996635437, 0.013742349110543728, -0.007374888751655817, -0.0009751385077834129, 0.026709754019975662, 0.010481124743819237, -0.0008847283315844834, -0.003484021406620741, -0.018779488280415535, -0.011385226622223854, -0.022835031151771545, -0.0019712650682777166, -0.025314854457974434, -0.015343901701271534, 0.004326773341745138, -0.030816959217190742, 0.014581872150301933, -0.010797560214996338, -0.03652571886777878, 0.004152411129325628, 0.009066850878298283, 0.010158230550587177, -0.004691643174737692, 0.015253490768373013, 0.02913791313767433, -0.020471449941396713, -0.011837277561426163, 0.028543788939714432, 0.02618020959198475, -0.014723945409059525, 0.013031983748078346, 0.019683590158820152, -0.019709421321749687, 0.009977410547435284, -0.0015305153792724013, -0.0012778511736541986, -0.03032616153359413, -0.026787249371409416, 0.016196340322494507, 0.0053245145827531815, 0.016415907070040703, -0.010816933587193489, -0.006241532042622566, -0.0051146335899829865, 0.01548597402870655, -0.012734921649098396, -0.02390703745186329, -0.0008161134319379926, -0.023429155349731445, -0.029964521527290344, 0.0027187636587768793, -0.035259976983070374, 0.015253490768373013, -0.00971909612417221, -0.008040049113333225, -0.01796579733490944, -0.009118514135479927, -0.004888608120381832, 0.024552825838327408, -0.000841944944113493, 0.02023896761238575, -0.018572837114334106, 0.00801421795040369, 0.004210531711578369, 0.015356817282736301, 0.007148863282054663, 0.014904766343533993, 0.0009032947127707303, 0.03404589369893074, -0.0004912018193863332, 0.0016871187835931778, 0.014362304471433163, -0.03918636217713356, -0.003848891006782651, 0.003201489569619298, -5.019985474064015e-05, -0.011811445467174053, -0.005431069526821375, -0.019024888053536415, 0.01222474966198206, 0.018237028270959854, 0.0039360723458230495, 0.010816933587193489, -0.015847615897655487, -0.026193125173449516, -0.009757842868566513, -0.02118181623518467, 0.011365853250026703, 0.05070720240473747, 0.013651939108967781, -0.01978691667318344, 0.0034420453011989594, 0.028724608942866325, 0.0009969337843358517, 0.008001302368938923, 0.02032937854528427, 0.007587998174130917, -0.027433035895228386, 0.017100442200899124, -0.0235066507011652, -0.003974819555878639, -0.028569620102643967, 0.018198279663920403, -0.010242183692753315, -0.025301938876509666, 0.027588024735450745, 0.01681629568338394, -0.01850825734436512, -0.00627059256657958, 0.006535365246236324, 0.0005323707591742277, 0.012967404909431934, -0.01521474402397871, 0.029525386169552803, 0.0012988393427804112, -0.00492412643507123, -0.012470148503780365, -0.043810196220874786, 0.014491462148725986, -0.03345176950097084, -0.012386196292936802, 0.00389732513576746, 0.004933813586831093, 0.006961585022509098, -0.009977410547435284, 0.003002909943461418, 0.011139827780425549, -0.03138525411486626, -0.030016183853149414, -0.02612854540348053, -0.006577341351658106, -0.021840520203113556, 0.0016031664563342929, -0.01329029817134142, -0.006716185715049505, -0.01303844153881073, 0.032676827162504196, 0.012063303031027317, -0.0031611279118806124, -0.01194706093519926, 0.023687470704317093, -0.006509534083306789, 0.016260918229818344, 0.0021876038517802954, -0.013406540267169476, 0.0009097525617107749, -0.006583799608051777, -0.009409117512404919, 0.013083646073937416, -0.03042948804795742, 0.02825964242219925, 0.030946116894483566, 0.006189869251102209, -0.007788192480802536, 0.003597034141421318, -0.007613829802721739, 0.014943513087928295, 0.005818541627377272, 0.017177937552332878, 0.0087827043607831, 0.0027123058680444956, -0.008498557843267918, 0.009467238560318947, 0.0357249416410923, 0.03536330163478851, -0.03761063888669014, -0.016196340322494507, 0.00032713153632357717, -0.018224110826849937, -0.003464647801592946, -0.028337137773633003, -0.03484667092561722, -0.016144677996635437, 0.005812083836644888, -0.007646119222044945, -0.0027978725265711546, 0.01955443248152733, -0.00317404349334538, -0.032082702964544296, 0.013128851540386677, -0.017733313143253326, -0.03649988770484924, -0.021453047171235085, 0.0026897031348198652, 0.0030642596539109945, -0.016015520319342613, -0.005104946903884411, 0.03409755975008011, -0.003419442567974329, 0.009015187621116638, 0.0398838110268116, -0.011501467786729336, 0.0037229626905173063, -0.017642904072999954, -0.02320958860218525, -0.015770120546221733, -0.014723945409059525, 0.016997115686535835, 0.032986804842948914, -0.0028317763935774565, 0.030842792242765427, -0.012805958278477192, 0.008898946456611156, -0.03319345787167549, 0.0016935766907408834, -0.0028188605792820454, 0.020071063190698624, 0.015188912861049175, -0.021246396005153656, -0.0010962235974147916, 0.006128519307821989, 0.008808535523712635, -0.016635475680232048, -0.008395232260227203, -0.03241851180791855, -0.0028188605792820454, -0.052722059190273285, 0.03195354714989662, 0.019567348062992096, -0.011856650933623314, 0.010474666953086853, -0.02434617280960083, -0.0034904791973531246, -0.0025557023473083973, -0.032444342970848083, 0.005227646324783564, -0.02681308053433895, -0.0033871533814817667, -0.015382648445665836, -0.01735875755548477, 0.04567006230354309, -0.006057483144104481, -0.007413635961711407, -0.00886019878089428, 0.023984532803297043, 0.19290952384471893, -0.023222504183650017, -0.005582829471677542, 0.03507915511727333, 0.005434298422187567, 0.02548275887966156, 0.033477604389190674, 0.0025201840326189995, -0.005163067951798439, 0.03197937831282616, 0.03306429833173752, -0.024126606062054634, -0.0020858922507613897, 0.02420409955084324, 0.022847946733236313, -0.008873114362359047, -0.014478546567261219, -0.01642882451415062, -0.0016774319810792804, -0.05507272481918335, 0.014646450988948345, -0.029628712683916092, 0.018882814794778824, -0.012547642923891544, 0.039367180317640305, 0.004636751487851143, -0.010151772759854794, -0.03983214870095253, 0.047323279082775116, 0.0062350742518901825, -0.017449166625738144, 0.003932843450456858, -0.005934783257544041, -0.002873752498999238, -0.01632549799978733, -0.009241213090717793, -0.021440131589770317, -0.01702294684946537, -0.009163718670606613, 0.013768181204795837, 0.006838885135948658, 0.0011115610832348466, -0.015899278223514557, -0.01880531944334507, -0.005611889995634556, 0.016441740095615387, 0.006218929775059223, -0.005560226738452911, 0.014116905629634857, 0.0018227340187877417, -0.036990683525800705, -0.023829543963074684, -0.010177604854106903, 0.005812083836644888, 0.001372297527268529, 0.017823724076151848, 0.030506981536746025, 0.036784034222364426, -0.03768813610076904, 0.005950928200036287, 0.016958368942141533, 0.0022909296676516533, -0.027536362409591675, 0.0016209256136789918, 0.008227327838540077, 0.026244787499308586, 0.0008165170438587666, 0.002031000331044197, 0.00809171237051487, -0.01865033060312271, 0.018133701756596565, -0.016286751255393028, -0.016144677996635437, -0.010707150213420391, -0.0017436251509934664, -0.023170839995145798, 0.013277382589876652, 0.00494672916829586, 0.027975495904684067, 0.042234476655721664, -0.0011317419121041894, 0.0027106914203613997, -0.013329045847058296, 0.014220232143998146, -0.014168568886816502, -0.02518569678068161, 0.03696485236287117, 0.002893126104027033, -0.0046141487546265125, -0.02014855667948723, -0.007626745384186506, 0.006897006183862686, 0.00020947719167452306, 0.023519566282629967, 0.019089465960860252, 0.014904766343533993, 0.03595742583274841, 0.01623508706688881, -0.016493402421474457, -0.022680042311549187, -0.01236682292073965, 0.06897006183862686, 0.013406540267169476, 0.013406540267169476, -0.021194731816649437, 0.01078464463353157, -0.006335171405225992, 0.002095579169690609, 0.03378758206963539, -0.02360997535288334, -0.002177916932851076, -0.02128514274954796, -0.00947369635105133, -0.014775608666241169, 0.016002604737877846, 0.02518569678068161, 0.027433035895228386, 0.0035130816977471113, -0.004898295272141695, -0.01513724960386753, 0.018882814794778824, -0.023235419765114784, -0.025366516783833504, 0.002791414735838771, 0.0075363353826105595, -0.00962868519127369, -0.007465298753231764, 0.000941234698984772, 0.006787222344428301, -0.014039411209523678, 0.011598336510360241, -0.023093346506357193, 0.008130459114909172, 0.001037295558489859, -0.00135453836992383, 0.01291574165225029, 0.006851801183074713, 0.018973223865032196, 0.004591546021401882, -0.0028527644462883472, 0.005992904305458069, 0.0003945355420000851, -0.0031143082305788994, -0.000958186574280262, -0.016700053587555885, -0.01137876883149147, -0.0025379431899636984, -0.008337111212313175, -0.020807260647416115, 0.0026945467106997967, -0.03600908815860748, 0.014956428669393063, -0.005288996268063784, -0.0087827043607831, 0.006286737509071827, -0.009170176461338997, -0.018327437341213226, -0.01905071921646595, -0.02167261391878128, -0.002242495771497488, -0.032986804842948914, 0.007697782013565302, -0.0018340353854000568, 0.014685198664665222, 0.0044042677618563175, 0.02008397877216339, -0.15994854271411896, 0.013484034687280655, -0.0014788524713367224, -0.025741074234247208, 0.007600914221256971, 0.01313530933111906, -0.00034771597711369395, 0.0033548639621585608, -0.021905098110437393, -0.011372311040759087, 0.004468846600502729, -0.001916373148560524, -0.00034771597711369395, -0.00488537922501564, 0.0006377147510647774, -0.006254448089748621, -0.017539577558636665, 0.028957093134522438, 0.018094955012202263, 0.017048779875040054, 0.014853103086352348, -0.03934134915471077, -0.009234755299985409, -0.020768512040376663, -0.002875366946682334, -0.015305154025554657, 0.0004988705040886998, 0.015550552867352962, -0.008001302368938923, -0.020058147609233856, -0.004949958063662052, 0.001235875068232417, 0.025715241208672523, -0.006577341351658106, 0.001041331677697599, 0.0175654087215662, -0.017048779875040054, -0.026335198432207108, -0.018417848274111748, 0.01608009822666645, -0.007310309913009405, 0.02009689435362816, 0.010300303809344769, 0.014762693084776402, 0.004933813586831093, 0.0404779352247715, 0.023635808378458023, -0.007323225494474173, -0.012889910489320755, 0.0008879572269506752, -0.01402649562805891, -0.018275775015354156, 0.03528580814599991, -0.00023288697411771864, -0.0028269330505281687, -0.0009638372575864196, 0.011139827780425549, -0.0014812741428613663, 0.015718458220362663, -0.006609630770981312, -0.020794345065951347, -0.03838558495044708, -0.0016871187835931778, 0.021905098110437393, 0.023145008832216263, -0.02275753766298294, 0.00791735015809536, 0.0011010669404640794, -0.015873447060585022, 0.01840493269264698, 0.004362291656434536, -0.0006958355661481619, -0.019024888053536415, -0.01955443248152733, 0.0247336458414793, 0.014517294242978096, -0.029422059655189514, 0.007071368861943483, -0.02869877777993679, -0.016299666836857796, -0.009447865188121796, 0.0006243953830562532, -0.025444012135267258, -0.02468198351562023, -0.00577656552195549, 0.016958368942141533, 0.006632233504205942, 0.004384894389659166, -0.0009807891910895705, -0.010235724970698357, -0.0027316794730722904, -0.014465630985796452, 0.018921561539173126, -0.003383924253284931, -0.011126911267638206, 0.02399744838476181, -0.012948031537234783, 0.00634808698669076, -0.008169206790626049, -0.023480819538235664, 0.005931554362177849, 0.0007043115328997374, -0.01017114706337452, 0.011766240932047367, 0.012353907339274883, 0.0037746254820376635, -0.01726834662258625, 0.011766240932047367, 0.008892488665878773, -0.036241572350263596, 0.013987747952342033, 0.004029711242765188, 0.005757192149758339, 0.007032621651887894, -0.022899610921740532, 0.022150497883558273, -0.007252188865095377, 0.0117533253505826, 0.004068458452820778, -0.016248002648353577, 0.08917028456926346, -0.014543125405907631, 0.0025863773189485073, 0.009047477506101131, -0.012650969438254833, -0.012121424078941345, -0.10125941783189774, -0.001961578382179141, -0.002604136476293206, 0.03665487468242645, 0.012592848390340805, 0.005931554362177849, -0.01283824723213911, 0.020006483420729637, 0.002376496559008956, -0.008634173311293125, -0.0008165170438587666, -0.029757868498563766, 0.007600914221256971, -0.0008661619503982365, 0.02034229412674904, -0.002986765233799815, 0.006612859666347504, -0.02420409955084324, -0.024359088391065598, 0.022473391145467758, 0.0005247020162642002, 0.02088475413620472, -0.004988705273717642, -0.020355209708213806, -0.03843724727630615, -0.013419455848634243, -0.002725221449509263, 0.02004523202776909, -0.004866005852818489, 0.016803380101919174, -0.013031983748078346, -0.0031288384925574064, 0.02128514274954796, 0.009060393087565899, 0.004704558756202459, 0.006590257398784161, -0.015240575186908245, -0.02751052938401699, 0.017255431041121483, -0.018082039430737495, 0.020226052030920982, 0.01031322032213211, -0.002744595054537058, -0.008291906677186489, 0.00575396278873086, -0.01093963347375393, -0.013393624685704708, -0.009060393087565899, 0.015343901701271534, -0.015330985188484192, 0.0018033604137599468, -0.021155985072255135, 0.0015886361943557858, -0.03197937831282616, 0.014633535407483578, -0.016196340322494507, 0.018585752695798874, 0.020523114129900932, -0.03350343555212021, -0.007368430495262146, -0.011346478946506977, 0.0013287069741636515, 0.009150803089141846, 0.007381346542388201, 0.015460142865777016, -0.006406208034604788, -0.03210853412747383, -0.01651923358440399, 0.015602216124534607, -0.01742333546280861, -0.01777205988764763, -0.0020245425403118134, -0.023584144189953804, 0.002768812235444784, -0.022783368825912476, 0.015111417509615421, -0.008479184471070766, -0.021310973912477493, 0.004807884804904461, -0.021504709497094154, -0.02707139402627945, 0.007051995024085045, 0.005812083836644888, -0.005773336626589298, 0.04740077257156372, 0.01905071921646595, 0.030403656885027885, -0.0012996465666219592, 0.009208924137055874, -0.003367779776453972, 0.0030642596539109945, 0.010500498116016388, -0.0067420173436403275, 0.0009137887391261756, -0.005905722733587027, -0.00664514908567071, -0.01681629568338394, -0.016609644517302513, 0.029525386169552803, 0.04339689388871193, -0.030739465728402138, -0.027200551703572273, -0.04809822142124176, 0.006225387565791607, -0.001222959253937006, 0.014685198664665222, -0.005137236323207617, -0.007471756543964148, 0.004811113700270653, 0.004933813586831093, -0.0044107260182499886, 2.840454180841334e-05, -0.019967736676335335, -0.013949001207947731, 0.00957702286541462, -0.0011454648338258266, -0.03668070584535599, -0.016557980328798294, 0.023571228608489037, 0.013174057006835938, 0.029422059655189514, 0.024578657001256943, -0.015447227284312248, 0.007910891436040401, 0.0012132724514231086, 0.022537969052791595, -0.016764633357524872, -0.010003241710364819, -0.014207315631210804, 0.017642904072999954, 0.010545703582465649, 0.010584450326859951, -0.003584118327125907, -0.026451438665390015, -0.010229267179965973, 0.010506955906748772, -0.032625164836645126, -0.029964521527290344, 0.0012495979899540544, 0.009899916127324104, 0.021814687177538872, 0.063132144510746, 0.007452383171766996, -0.027639687061309814, 0.016067182645201683, -0.03345176950097084, -0.01742333546280861, -0.01521474402397871, -0.027639687061309814, 0.002114952774718404, 0.006131748668849468, -0.0054084667935967445, 0.021465962752699852, 0.002691317815333605, 0.023480819538235664, -0.025366516783833504, -0.010229267179965973, -0.018043290823698044, 0.0053794062696397305, -0.016984200105071068, 0.01303844153881073, -0.026348114013671875, 0.022499222308397293, 0.009021645411849022, 0.009144345298409462, 0.0025992931332439184, -0.0035550580359995365, -0.005702299997210503, -0.01281887385994196, -0.012386196292936802, 0.020768512040376663, -0.011876024305820465, -0.02939622849225998, 0.022150497883558273, 0.023984532803297043, 0.019528601318597794, -0.0068582589738070965, -0.0030432716012001038, -0.004656124860048294, -0.012980320490896702, 0.0006348894094116986, 0.00890540424734354, 0.005831457208842039, 0.036189910024404526, -0.033813413232564926, 0.018792403861880302, 0.026761416345834732, 0.016170509159564972, -0.024772392585873604, 0.012186001986265182, 0.004213760606944561, -0.007297394331544638, -0.01177269872277975, -0.01014531496912241, -0.007956096902489662, 0.015653878450393677, 0.0259218942373991, 0.010649029165506363, -0.014452715404331684, -0.004759450908750296, 0.011359394527971745, 0.02003231644630432, -0.008989356458187103, 0.005075886379927397, -0.001122055109590292, -0.02246047556400299, -0.015085586346685886, 0.00027809207676909864, -0.017604155465960503, -0.025741074234247208, -0.0030319704674184322, 0.0039909640327095985, 0.012360365130007267, -0.016402991488575935, -0.009899916127324104, 0.007510503754019737, -0.028957093134522438, -0.0069422111846506596, -0.0034291294869035482, 0.009447865188121796, -0.01083630695939064, 0.012166628614068031, 0.018469510599970818, 0.023584144189953804, -0.0029964521527290344, 0.036990683525800705, 0.010984838008880615, -0.01751374639570713, 0.03905720263719559, -0.03200520947575569, 0.006541823036968708, -0.0037100468762218952, 0.0017064923886209726, 0.00046173777082003653, -0.03766230493783951, 0.009150803089141846, -0.01244431734085083, -0.032831814140081406, 0.0163771603256464, -0.00287698139436543, 0.027329709380865097, 0.10621906071901321, 0.035259976983070374, -0.0022715560626238585, 0.011656456626951694, -0.0029851507861167192, -0.015576384961605072, -0.004468846600502729, -0.01252181176096201, 0.005521479528397322, -0.004020024556666613, 0.02286086231470108, -0.03032616153359413, 0.006228616461157799, -0.019670674577355385, -0.02508237026631832, 0.018224110826849937, -0.016609644517302513, 0.02286086231470108, -0.007981928065419197, -0.013367792591452599, 0.036189910024404526, -0.008052964694797993, 0.02221507579088211, -0.00018626921519171447, -0.031591903418302536, -0.006612859666347504, 0.03825642913579941, -0.0015127562219277024, -0.019360696896910667, -0.03469168394804001, -0.02568941004574299, -0.006909921765327454, -0.03482083976268768, -0.02385537512600422, 0.0013674541842192411, -0.004417183808982372, -0.010842765681445599, -0.0259218942373991, -0.009428491815924644, -0.016842126846313477, -0.023480819538235664, 0.021698446944355965, -0.00856313668191433, -0.002591220661997795, 0.008795619942247868, -0.01741041988134384, 0.015266407281160355, -0.013522781431674957, -0.01219246070832014]"
"Los síntomas conductuales de estos SPCD son: 1. Vagabundeo: Llamado también conducta motora aberrante o deambulación errante, supone importante sobrecarga a los cuidadores. La frecuencia estimada en estudios es muy variable (del 3 al 53%), sobre todo por la diferente definición de la alteración (caminar sin rumbo, actividad excesiva, caminar de noche, comprobar continuamente el paradero del cuidador, entre otras).
2. Agitación psíquica: síntoma presente en el 50 % de casos, sobre todo en estadios intermedios y finales. Utilizando escalas que permiten objetivar el tipo y grado de agitación se han identificado diferentes subtipos que incluyen conductas de agitación físicamente no agresivas, físicamente agresivas, verbalmente no agresivas y verbalmente agresivas. Estos subtipos se relacionarían con la probabilidad de presentación: La agresividad física y verbal tiene altas probabilidades de ocurrir en los pacientes con demencia que tienen muy limitadas las relaciones sociales; La agresividad física es típica de pacientes con deterioro cognitivo grave, más frecuente en varones; La agresividad verbal se relaciona con depresión y problemas de salud; Las conductas físicas no agresivas se observan en pacientes con niveles de deterioro funcional entre moderado y grave; Las conductas verbales no agresivas son más probables en mujeres con demencia y depresión, mal estado de salud y dolores crónicos. Son formas de deterioro leve o moderado.
3. Reacciones catastróficas: o de rabia, suponen una reacción emocional o física excesiva o brusca. En ocasiones se manifiesta con agitación o agresividad, estallidos de cólera, gritos, amenazas. Los factores de riesgo incluyen deterioro grave, edad avanzada y rasgos de personalidad pre-mórbida.
4. Desinhibición: presentan un comportamiento impulsivo e inapropiado, inestabilidad emocional, escasa capacidad de juicio e incapacidad para mantener una conducta social adecuada. Incluye la desinhibición sexual y otras conductas sociales alteradas pudiendo provocar accidentes, problemas económicos, actos de violencia entre otros.
5. Negativismo: supone rechazo a hacer cosas, por ejemplo al cuidado personal. Esta conducta se produce de modo característico en fases tempranas de la demencia vascular, y más tardíamente en Enfermedad de Alzheimer.","[-0.013180861249566078, -0.0035809658002108335, 0.05000138282775879, -0.013451746664941311, -0.021314013749361038, 0.036126792430877686, -0.0036404284182935953, 0.009031698107719421, -0.019886914640665054, -0.01744234375655651, 0.008740992285311222, 0.056026920676231384, -0.008701350539922714, 0.039641689509153366, 0.000578107952605933, 0.018274817615747452, 0.019649064168334007, 0.007102469448000193, 0.03876957297325134, -0.005378055851906538, -0.014284221455454826, 0.013676382601261139, -0.01897515542805195, -0.02864772640168667, -0.010808967053890228, 0.018473027274012566, 0.005001459736377001, -0.017059139907360077, -0.01823517680168152, -0.0004905659006908536, 0.02366608753800392, -0.02840987779200077, 0.026850637048482895, -0.010009526275098324, -0.0008555997628718615, -0.020190833136439323, -0.0017640551086515188, -0.018724091351032257, -0.00854939129203558, -0.0058768801391124725, -0.008034048601984978, 0.021300800144672394, -0.012196426279842854, -0.006824977230280638, 0.031158367171883583, 0.04453083127737045, -0.029651982709765434, -0.0056951893493533134, -0.04273374006152153, 0.023890724405646324, 0.02431356906890869, 0.01295622531324625, -0.0251064021140337, 0.00952061265707016, 0.04313015565276146, -0.00194079102948308, 0.022622190415859222, 0.004063273314386606, 0.020362613722682, -0.023560376837849617, 0.008635281585156918, -0.0098906010389328, -0.020745817571878433, 0.028489159420132637, -0.014271007850766182, 0.0034983791410923004, 0.02489498071372509, -0.024260712787508965, 0.001280096243135631, 0.015063841827213764, 0.009309190325438976, 0.0058768801391124725, -0.0056522442027926445, -0.015790605917572975, 0.03739532455801964, -7.597990042995661e-05, 0.011687691323459148, -0.0002682007907424122, 0.0005785208777524531, 0.013213896192610264, 0.02332252636551857, -0.030391961336135864, -0.009388472884893417, 0.007703701499849558, 0.02600494772195816, 0.03324616327881813, -0.003911313135176897, 0.018909085541963577, -0.030418388545513153, -0.0055201053619384766, -0.01897515542805195, 0.017825545743107796, 0.021023308858275414, 0.007624418009072542, 0.017323417589068413, 0.022053992375731468, 0.02193506807088852, 0.002535416278988123, -0.018274817615747452, 0.002482560696080327, -0.004730574786663055, 0.0036503388546407223, -0.05481124296784401, -0.012136964127421379, -0.017851972952485085, -0.007941551506519318, -0.00039538455894216895, 0.005744741298258305, 0.0017310203984379768, -0.013768879696726799, -0.024445708841085434, 0.017851972952485085, -0.0008287590462714434, -0.024115361273288727, 0.012064287438988686, 0.0027468386106193066, 0.0034917721059173346, 0.016993070021271706, -0.018591951578855515, -0.04416084289550781, 0.009038304910063744, 0.01897515542805195, 0.02190864086151123, -0.016319161280989647, -0.001508861780166626, -0.02702241763472557, 0.005952860228717327, 0.004496028181165457, -0.023560376837849617, -0.0029533058404922485, -0.023058248683810234, 0.005847149062901735, 0.0031812454108148813, -0.01383494958281517, -0.00417559128254652, 0.013887804932892323, -0.023705730214715004, -0.008278505876660347, -0.01916014961898327, -0.04307730123400688, 0.004849500022828579, 0.025925664231181145, -0.03916598856449127, -0.023533949628472328, 0.019556567072868347, 0.010571116581559181, 0.02101009525358677, 0.01845981366932392, 0.0031333451624959707, 0.013194075785577297, 0.022067205980420113, -0.004657898563891649, -0.006362490821629763, -0.025991734117269516, -0.004829679150134325, 0.0021191786509007215, 0.008727778680622578, 0.009150623343884945, -0.01580381952226162, -0.027907749637961388, -0.0022182827815413475, 0.01980763114988804, -0.010174700058996677, -0.0005958641413599253, 0.0036767665296792984, 0.022780757397413254, -0.005480463616549969, 0.00019036269804928452, 0.024141788482666016, -0.009784890338778496, 0.00019469849939923733, 0.033166877925395966, -0.024577846750617027, 0.020574036985635757, 0.02239755354821682, -0.007915124297142029, -0.004172287881374359, 0.008602246642112732, -0.03102622926235199, -0.019649064168334007, -0.023983221501111984, 0.0046446844935417175, 0.03842601180076599, 0.0006458291900344193, -0.019001582637429237, -0.029969116672873497, 0.03699890896677971, 0.010835395194590092, -0.01906765252351761, -0.0012668822892010212, -0.002874022349715233, 0.006197317503392696, 0.014297435991466045, -0.02914985455572605, -0.6110105514526367, -0.006858012173324823, -0.0156188253313303, -0.015182767063379288, 0.02970483899116516, 0.037025336176157, 0.03691962733864784, -0.002616351470351219, -0.02951984480023384, -0.047464314848184586, 0.028145598247647285, 0.0028046495281159878, -0.016438087448477745, -0.017918042838573456, -0.01814267970621586, -0.018129466101527214, -0.01968870498239994, 0.009315797127783298, 0.03047124482691288, 0.027009204030036926, 0.0025634958874434233, 0.02556888945400715, -0.015275264158844948, 0.022476837038993835, 0.009295975789427757, -0.007452637422829866, -0.0024709985591471195, -0.014046371914446354, 0.013940660282969475, 0.028277738019824028, -0.012117142789065838, 0.0005128643242642283, -0.0005041927215643227, 0.017944471910595894, 0.051824901252985, -0.024353209882974625, 0.018433384597301483, 0.025212114676833153, 0.016213450580835342, 0.05909254401922226, 0.0024842123966664076, 0.0051236883737146854, 0.017204493284225464, -0.022542906925082207, 0.013451746664941311, -0.0010926240356639028, 0.014733494259417057, -0.01879016123712063, -0.031105510890483856, 0.012698554433882236, 0.02375858463346958, -0.00771691557019949, -0.02864772640168667, 0.011192169971764088, 0.030021972954273224, -0.006540878675878048, 0.02729990892112255, -0.03937740996479988, -0.012381420470774174, -0.0005727398092858493, 0.01799732632935047, -0.01383494958281517, 0.01115252822637558, -0.005658851005136967, -0.013398890383541584, 0.037818171083927155, -0.02681099623441696, -0.02677135355770588, 0.01929228939116001, -0.010729683563113213, -0.00576786557212472, 0.008337968960404396, -0.021974708884954453, 0.011515910737216473, 0.03382757306098938, 0.005989198572933674, 0.012837300077080727, -0.0024875160306692123, -0.0036404284182935953, -0.008410644717514515, -0.001641826587729156, 0.005417697597295046, -0.05782400816679001, 0.01968870498239994, 0.018380530178546906, -0.006293118000030518, -0.001584841636940837, 0.013061936013400555, -0.0006623465451411903, 0.0017789207631722093, 0.008384217508137226, -0.006329456344246864, -0.0016690802294760942, -0.02646743506193161, -0.016385231167078018, 0.011548945680260658, 0.0078028058633208275, 0.005553139839321375, 0.00587027333676815, -0.00878063403069973, -0.014588141813874245, -0.006441774312406778, 0.018288033083081245, 0.004832982551306486, 0.022635404020547867, 0.018169106915593147, -0.03499039635062218, 0.010326660238206387, 0.03250618651509285, -0.0232564564794302, 0.0022843522019684315, 0.010974140837788582, 0.003997203428298235, -0.02135365642607212, -0.007459244225174189, -0.027537759393453598, 0.029044143855571747, 0.012830693274736404, 0.002997902687638998, -0.007597990334033966, -0.02369251661002636, 0.006990151014178991, 0.01586988940834999, 0.0009018484270200133, 0.0030193752609193325, -0.011377165094017982, 0.0026972866617143154, 0.0002584968460723758, 0.01514312531799078, -0.01845981366932392, -0.01623987779021263, -0.015248836018145084, 0.014654210768640041, -0.0012594495201483369, 0.014350291341543198, -0.008086904883384705, 0.0253310389816761, -0.0020283330231904984, -0.015645252540707588, -0.02073260396718979, -0.02914985455572605, 0.003838636912405491, 0.0008787240949459374, 0.009342224337160587, 0.012579629197716713, -0.03850529342889786, 0.002413187874481082, -0.0032010662835091352, -0.020415470004081726, 0.0012999169994145632, -0.00975185539573431, -0.0269563477486372, 0.016213450580835342, 0.031105510890483856, -0.005936342757195234, 0.00145600619725883, -0.013365856371819973, -0.004406834486871958, -0.007023185957223177, -0.01148948259651661, 0.005936342757195234, 0.00577777624130249, -0.0042053223587572575, -6.921810563653708e-05, -0.03176620602607727, -0.03506968170404434, 0.01737627387046814, 0.029070571064949036, -0.0416502021253109, -0.03025982156395912, -0.006976937409490347, -0.011912327259778976, 0.004922176245599985, 0.0032010662835091352, -0.014971344731748104, 0.013967088423669338, 0.0027237143367528915, -0.010161486454308033, 0.02070617489516735, 0.02209363505244255, -0.011925541795790195, -0.018843015655875206, -0.0063591874204576015, -0.007644238881766796, 0.04009095951914787, 0.00035718813887797296, 0.029651982709765434, 0.005368145182728767, 0.006791942752897739, 0.017429128289222717, 0.016847718507051468, 0.020534394308924675, 0.013755666092038155, 0.00269233132712543, -0.019054438918828964, -0.0017343239160254598, 0.004112825263291597, -0.0052161854691803455, 0.004743788857012987, 0.01731020398437977, 0.0259124506264925, -0.006127944216132164, 0.014958130195736885, 0.0042284466326236725, 0.03512253612279892, -0.030946945771574974, 0.017865188419818878, -0.014812777750194073, 0.0346996933221817, 0.017508411779999733, 0.006022233050316572, -0.006104819942265749, -0.011687691323459148, 0.00825868546962738, -0.021789714694023132, 0.031501930207014084, 0.002778221620246768, 0.007109076250344515, 0.0027336247731000185, 0.0014138869009912014, -0.02899128757417202, 0.014059585519134998, 0.010049168020486832, -0.004469600506126881, 0.005866969935595989, 0.00990381557494402, 0.0026345206424593925, 0.004373799543827772, -0.010987354442477226, 0.0006953813135623932, -0.01543383114039898, -0.011780188418924809, 0.02788132056593895, 0.011159135028719902, -0.02200113795697689, 0.03641749918460846, 0.001996950013563037, -0.004565401002764702, 0.03295545652508736, 0.002492471132427454, -0.018354101106524467, 0.0312376506626606, 0.011813223361968994, 0.007816019468009472, -0.003841940313577652, 0.012672126293182373, 0.02665242925286293, 0.03691962733864784, 0.0017822242807596922, 0.02052118070423603, 0.0023851082660257816, -0.008337968960404396, -0.03488468751311302, -0.013286572881042957, -0.014244579710066319, 0.01259944960474968, 0.019080866128206253, -0.014720280654728413, 0.0078028058633208275, 0.013299786485731602, 0.020441897213459015, -0.016372017562389374, 0.02357359044253826, 0.023097891360521317, -0.008503141812980175, -0.023745371028780937, 0.01731020398437977, -0.008047263137996197, 0.012084107846021652, -0.00015598592290189117, -0.005678671877831221, 0.01950371079146862, -0.009058126248419285, -0.018380530178546906, 0.0011388726998120546, 0.006236959248781204, -0.00766405975446105, 0.004324247594922781, 0.021512223407626152, 0.018539097160100937, -0.0011694298591464758, -0.007234608288854361, 0.012394635006785393, 0.041333068162202835, 0.0061345514841377735, -0.0036239109467715025, -0.014284221455454826, 0.014429574832320213, -0.009434722363948822, 0.021023308858275414, -0.024630703032016754, 0.015817033126950264, -0.020666534081101418, 0.009599895216524601, -0.0028327289037406445, -0.0027369281742721796, 0.022053992375731468, 0.009850959293544292, -0.033695437014102936, 0.00017807789845392108, 0.01663629524409771, -0.005711706820875406, -0.018869444727897644, -0.021036522462964058, 0.01020112819969654, 0.01198500394821167, -0.04125378280878067, -0.017600908875465393, -0.008470107801258564, -0.0083313612267375, -0.012751409783959389, 0.00961310975253582, -0.03475254774093628, 0.022252202033996582, 0.0006966200890019536, 0.013636740855872631, 0.001213200856000185, 0.0050906534306705, 0.031131939962506294, -0.005209578666836023, 0.0010884946677833796, -0.0010141665115952492, 0.009758462198078632, -0.020296543836593628, -0.011225204914808273, 0.030180538073182106, -0.004922176245599985, 0.008793847635388374, 0.02507997490465641, -0.018988369032740593, -0.01255320105701685, -0.00380890560336411, 0.0321626216173172, 0.00043853616807609797, 0.000664824154227972, -0.00596937770023942, 0.030339105054736137, 0.004885837901383638, -0.0022314966190606356, 0.025132831186056137, -0.00975185539573431, -0.02519889920949936, 0.01959620788693428, 0.011185563169419765, 0.01543383114039898, -0.028357021510601044, 0.030603382736444473, 0.03694605454802513, -0.014746707864105701, -0.01756126806139946, 0.004377102944999933, 0.006891046650707722, 0.02307146228849888, -0.03472612053155899, -0.02588602341711521, 0.014337077736854553, 0.00921008549630642, 0.03253261372447014, 0.022331485524773598, -0.011634835973381996, 0.018433384597301483, 0.03102622926235199, 0.0006536749424412847, 0.01096753403544426, 0.03417113423347473, -0.019173363223671913, 0.028330594301223755, -0.022688260301947594, 0.026322081685066223, 0.004965121392160654, 0.01719127967953682, 0.012150177732110023, -0.008417251519858837, -0.015658466145396233, 0.020930811762809753, -0.006666410714387894, 0.010657006874680519, -0.00925633404403925, 0.013623527251183987, -0.008562604896724224, 0.027722753584384918, -0.005008066538721323, -0.008509749546647072, 0.011337523348629475, -0.018169106915593147, -0.020362613722682, 0.00188132852781564, -0.007247821893543005, -0.015380974858999252, 0.009434722363948822, -0.004420048091560602, 0.020204046741127968, -0.02079867199063301, -0.01679486222565174, -0.0030672757420688868, -0.00018189754337072372, -0.03234761953353882, 0.0052822548896074295, 0.0006896001868881285, 0.015473472885787487, -0.0006896001868881285, -0.024577846750617027, 0.010868429206311703, 0.02692992053925991, -0.01633237488567829, 0.005975984502583742, -0.017178064212203026, -0.007915124297142029, 0.016900572925806046, 0.008476714603602886, 0.0020712781697511673, -0.012936403974890709, -0.009606502950191498, 0.02526496909558773, -0.009335617534816265, -0.030206967145204544, -0.003775870893150568, -0.0021786410361528397, 0.0026328687090426683, -0.014958130195736885, 0.008886345662176609, 0.01795768551528454, 0.002360332291573286, -0.002593227196484804, 0.021684003993868828, -0.03499039635062218, -0.020930811762809753, -0.03533395752310753, 0.012672126293182373, -0.027802037075161934, -0.026705283671617508, 0.006577217020094395, -0.0023520735558122396, 0.0019490496488288045, 0.009421507827937603, -0.028383448719978333, 0.007155324798077345, 0.001930880593135953, -0.006365794688463211, 0.014389933086931705, 0.00412934273481369, 0.017230920493602753, 0.004690933041274548, -0.0039608655497431755, 0.014680638909339905, 0.009190265089273453, 0.026982776820659637, 0.022635404020547867, -0.02667885646224022, 0.02588602341711521, 0.013167647644877434, -0.026150301098823547, -0.0330875962972641, -0.008053869940340519, 0.000581411411985755, 0.036681775003671646, -0.006613554898649454, -0.02375858463346958, -0.04093664884567261, 0.01096753403544426, -0.004410137888044119, 0.018935512751340866, 0.008364396169781685, -0.011449840851128101, -0.023282885551452637, -0.002383456565439701, -0.014997771941125393, 0.0077829849906265736, 0.02412857487797737, -0.03049767203629017, -0.022410767152905464, 0.01734984666109085, -0.01832767389714718, 0.027035631239414215, -0.012711768038570881, 0.008807062171399593, -0.009005269967019558, 0.011258239857852459, -0.00018200077465735376, -0.016742005944252014, 0.010987354442477226, -0.012685340829193592, 0.02128758653998375, 0.005820721387863159, 0.02864772640168667, 0.015486686490476131, 0.008100118488073349, 0.025740670040249825, 0.004836285952478647, 0.0039377412758767605, -0.016279520466923714, -0.01329317968338728, -0.02877986617386341, 0.026731712743639946, 0.0034389165230095387, 0.00034211602178402245, 0.014138869009912014, -0.010187913663685322, 0.03213619440793991, 0.016808075830340385, -0.01814267970621586, -0.017244134098291397, -0.012943011708557606, -0.04408155754208565, -0.010472012683749199, -0.015565969981253147, 0.014429574832320213, -0.0017227616626769304, -0.03691962733864784, -0.0027930873911827803, 0.01315443404018879, 0.00999631267040968, -0.012348386459052563, -0.020838314667344093, 0.002044850494712591, -0.003703194437548518, 0.028885576874017715, 0.024472136050462723, -0.00835118256509304, 0.008106725290417671, -0.018248390406370163, -0.025899237021803856, -0.021644361317157745, 0.0010728031629696488, -0.029810549691319466, 0.014178510755300522, 0.006276600528508425, -0.0058108107186853886, -0.010432370938360691, 0.00990381557494402, 0.009811317548155785, 0.008483321405947208, 0.019741561263799667, -0.0234810933470726, -0.01802375353872776, -0.028700582683086395, -0.00799440685659647, -0.024273928254842758, -0.008417251519858837, 0.02397000789642334, -0.03813530504703522, 0.024049291387200356, -0.006530968006700277, -0.029229138046503067, 0.018565524369478226, -0.0017574481898918748, 0.01586988940834999, -0.02283361181616783, 0.010280411690473557, 0.02445892244577408, -0.01589631661772728, -0.011793402023613453, 0.019834058359265327, 0.021855784580111504, -0.021340442821383476, 0.004522455856204033, 0.02748490497469902, -0.012539987452328205, -0.003980686422437429, -0.014667424373328686, 0.010597544722259045, -0.039641689509153366, -0.030233394354581833, 0.031501930207014084, 0.010478619486093521, 0.012057680636644363, -0.01155555248260498, -0.006996758282184601, -0.020349400117993355, 0.009454542770981789, -0.01707235351204872, -0.028172027319669724, 0.005027887411415577, 0.0029698230791836977, -0.02064010500907898, 0.014720280654728413, -0.027405621483922005, 0.02098366804420948, 0.0006454162648878992, -0.010399335995316505, -0.016134167090058327, -0.0009728731238283217, -0.006550788879394531, 0.02704884484410286, -0.015473472885787487, 0.019014796242117882, -0.018591951578855515, 0.008714564144611359, 0.010372908785939217, 0.00891937967389822, 0.004046755842864513, 0.020137978717684746, 0.0012388027971610427, 0.03477897495031357, 0.011951969005167484, -0.007888696156442165, 0.03176620602607727, -0.023216815665364265, -0.0035148963797837496, -0.007128897123038769, -0.004168984480202198, -0.013445139862596989, -0.02064010500907898, -0.020930811762809753, 0.009262940846383572, 0.023586804047226906, 0.008318147622048855, 0.008080297149717808, -0.0063558840192854404, -0.014046371914446354, -0.01645130105316639, -0.02600494772195816, 0.01941121369600296, 0.06152389943599701, 0.000737913534976542, -0.005543229635804892, 0.009804710745811462, 0.023824654519557953, -0.003073882544413209, 0.018710877746343613, 0.020957238972187042, 0.005909915082156658, -0.02459106035530567, 0.021142233163118362, -0.03247975558042526, 0.001296613598242402, -0.014284221455454826, 0.016094526275992393, 0.0020762335043400526, -0.007115683052688837, 0.03366900607943535, 0.0179312564432621, -0.037633176892995834, -0.0031911558471620083, -0.007743343245238066, 0.01383494958281517, 0.01300247386097908, -0.012962832115590572, 0.024657130241394043, -0.0007697094697505236, 0.005166633520275354, -0.007690487429499626, -0.024696772918105125, 0.0168873593211174, -0.015513114631175995, -0.0098906010389328, 0.006844798102974892, -0.006679624319076538, 0.009236513637006283, -0.010690041817724705, -0.011793402023613453, -0.007109076250344515, -0.022172918543219566, -0.013702810741961002, -0.011317702010273933, 0.007003365084528923, -0.012222854420542717, -0.020653320476412773, -0.012401241809129715, -0.021485796198248863, -0.022053992375731468, 0.030788378790020943, 0.008318147622048855, -0.008014228194952011, 0.0029698230791836977, 0.025991734117269516, -0.0036437318194657564, 0.017178064212203026, 0.004076486919075251, -0.009494184516370296, 0.008701350539922714, 0.007842447608709335, -0.01707235351204872, 0.010035954415798187, -0.04500653222203255, 0.035783231258392334, 0.02424749918282032, 0.007446030620485544, 0.0073204985819756985, 0.015354547649621964, -0.011119493283331394, 0.02748490497469902, -0.00208779564127326, 0.0264938622713089, 0.004043452441692352, -0.014191724359989166, -0.00925633404403925, 0.004102914594113827, 0.036153219640254974, 0.0358625128865242, -0.03522824868559837, -0.016107739880681038, 0.005546533036977053, -0.017244134098291397, -0.009434722363948822, -0.02264861762523651, -0.03028625063598156, -0.009295975789427757, 0.007340319454669952, 0.0028393359389156103, -2.0117640815442428e-05, 0.022040778771042824, -0.006293118000030518, -0.033166877925395966, 0.0020035570487380028, -0.0193187166005373, -0.0293877050280571, -0.02089116908609867, 0.010260590352118015, -0.012883548624813557, -0.016675937920808792, -0.0017987416358664632, 0.016715578734874725, 0.002186899771913886, 0.011416805908083916, 0.022159703075885773, -0.00853617675602436, -0.005906611680984497, -0.013914233073592186, -0.03522824868559837, -0.014825991354882717, -0.010280411690473557, 0.009514004923403263, 0.038928139954805374, 0.0009893905371427536, 0.044319406151771545, -0.008371002972126007, 0.0068844398483633995, -0.01814267970621586, 0.0040731835179030895, -0.0004637251840904355, 0.01830124668776989, -0.0011859472142532468, -0.020534394308924675, -0.012943011708557606, 0.003941044677048922, 0.01682128943502903, -0.021459367126226425, -0.0014188421191647649, -0.013015687465667725, 0.0004930435097776353, -0.05338414013385773, 0.03898099437355995, 0.013134612701833248, -0.017429128289222717, 0.009441329166293144, -0.019728347659111023, 0.0050807432271540165, -0.009309190325438976, -0.026639215648174286, 0.008450286462903023, -0.02692992053925991, -0.00298468885011971, -0.024075718596577644, -0.018869444727897644, 0.040249526500701904, 0.012738196179270744, -0.003399274777621031, -0.010736290365457535, 0.012103929184377193, 0.18795445561408997, -0.025780310854315758, -0.00858242530375719, 0.02864772640168667, 0.0012511907843872905, 0.02975769340991974, 0.03181906044483185, -0.005364841781556606, -0.007446030620485544, 0.03068266622722149, 0.02523854188621044, -0.008357789367437363, -0.008661708794534206, 0.025648172944784164, 0.01879016123712063, -0.0002684072533156723, -0.017045926302671432, -0.026824209839105606, 0.0010694997617974877, -0.056925464421510696, 0.020124763250350952, -0.036681775003671646, 0.018314460292458534, -0.00839743111282587, 0.049499254673719406, -0.015077055431902409, -0.00436719274148345, -0.03274403512477875, 0.03773888945579529, 0.010121844708919525, -0.013808521442115307, 0.012018038891255856, 0.0014262748882174492, -0.013583885505795479, -0.0029995543882250786, -0.009428114630281925, -0.02214648947119713, -0.004393620416522026, -0.005113777704536915, 0.013128005899488926, 0.016596654430031776, 0.005771168973296881, -0.010756111703813076, -0.02313753217458725, -0.017508411779999733, 0.024141788482666016, 0.012744802981615067, -0.007677273824810982, 0.02126115933060646, -0.0020861439406871796, -0.03739532455801964, -0.009388472884893417, -0.005797597113996744, 0.008516356348991394, -0.002213327679783106, 0.011357343755662441, 0.029784122481942177, 0.03102622926235199, -0.020944025367498398, 0.010405943728983402, -0.00020275071437936276, 0.0025998339988291264, -0.03348401188850403, 0.00868813693523407, -0.00373622914776206, 0.01814267970621586, 0.00952061265707016, -0.010703256353735924, 0.005840542260557413, -0.008001014590263367, -0.0015526327770203352, -0.015394189395010471, -0.00790190976113081, -0.002345466520637274, -0.002167078899219632, -0.015565969981253147, 0.013260144740343094, 0.004796644207090139, 0.02991626039147377, 0.04476867988705635, -0.0018862836295738816, 0.016015242785215378, -0.014323863200843334, -0.009044911712408066, -0.005302075762301683, -0.028013460338115692, 0.017733048647642136, -0.006471505854278803, -0.02128758653998375, -0.018063396215438843, -0.011595194227993488, -0.002456133021041751, -0.001262752921320498, 0.020441897213459015, 0.01934514380991459, 0.017865188419818878, 0.021670790389180183, 0.012566415593028069, -0.006676320917904377, -0.02751133218407631, -0.007974586449563503, 0.07484351098537445, 0.005744741298258305, 0.012282316572964191, -0.019186576828360558, 0.020098336040973663, 0.008390824310481548, 0.0024577847216278315, 0.01340549811720848, -0.03895456716418266, -0.015949172899127007, -0.014138869009912014, -0.010894857347011566, -0.0013965436955913901, 0.014138869009912014, 0.016041669994592667, 0.03549252450466156, 0.010848608799278736, 0.0013833297416567802, -0.003765960456803441, 0.021221516653895378, -0.03044481761753559, -0.033166877925395966, 0.007267642766237259, 0.00397407915443182, -0.016834503039717674, -0.010808967053890228, 0.008668315596878529, -0.008053869940340519, -0.007849054411053658, 0.010425764136016369, -0.030418388545513153, 0.004317640792578459, -0.016649508848786354, -0.008496535010635853, 0.012797658331692219, 0.002525505842640996, 0.009124195203185081, 0.005615905858576298, -0.0027798733208328485, 0.008034048601984978, 0.005364841781556606, 0.016768435016274452, 0.005804203916341066, -0.021036522462964058, -0.02110259234905243, 0.00897884275764227, -0.00936865247786045, -0.012117142789065838, -0.021776501089334488, -0.0393245555460453, 0.02473641373217106, 0.0068381913006305695, -0.017045926302671432, 0.007214787416160107, -0.01864480786025524, -0.021366870030760765, -0.022595763206481934, -0.027088487520813942, -0.009771675802767277, -0.0367874875664711, -0.0053285034373402596, -0.0014972996432334185, 0.021604720503091812, 0.004396923817694187, 0.0116282282397151, -0.16459229588508606, 0.01115252822637558, 0.0028145599644631147, -0.01947728358209133, 0.003822119440883398, 0.00864188838750124, 0.00995006412267685, -0.0022116759791970253, -0.013861376792192459, -0.02091759815812111, 0.010333267040550709, -0.012533380649983883, -0.01626630686223507, -0.0056522442027926445, 0.00611473061144352, -0.009454542770981789, -0.013213896192610264, 0.0236000195145607, 0.012381420470774174, 0.030973372980952263, 0.027062060311436653, -0.034488268196582794, -0.001891238847747445, -0.009732034988701344, -0.017944471910595894, -0.017336631193757057, -0.008152973838150501, 0.009758462198078632, -0.014429574832320213, -0.023890724405646324, -0.010941105894744396, -0.004304426722228527, 0.020944025367498398, -0.00039827509317547083, -0.0018532489193603396, 0.014284221455454826, -0.02970483899116516, -0.03126407787203789, -0.02729990892112255, 0.0039608655497431755, -0.006322849541902542, 0.025278182700276375, 0.008437072858214378, -0.008437072858214378, -0.0050377980805933475, 0.0393245555460453, 0.012103929184377193, -0.006375704891979694, -0.013147826306521893, -0.00859563983976841, -0.019609421491622925, -0.001432881923392415, 0.026295652613043785, -0.0006582171772606671, -0.004069880116730928, 0.0033678917679935694, 0.008846703916788101, 0.003908009734004736, -0.0003929069498553872, -0.0006726699066348374, -0.014376719482243061, -0.03504325449466705, 0.002735276473686099, 0.01925264671444893, 0.017045926302671432, -0.026612786576151848, 0.00756495539098978, 0.002689027925953269, -0.03181906044483185, 0.009388472884893417, -0.001379200373776257, 0.0029632162768393755, -0.01647772826254368, -0.02440606616437435, 0.029281994327902794, 0.006481416057795286, -0.027352765202522278, 0.0008489928441122174, -0.025833167135715485, -0.032400473952293396, -0.008840096183121204, 0.008813668973743916, -0.040434520691633224, -0.032638322561979294, -0.011793402023613453, 0.025251755490899086, -0.0016930304700508714, 0.003455433761700988, 0.018776945769786835, -0.013180861249566078, 0.0014964737929403782, -0.018380530178546906, 0.017481984570622444, -0.008754205889999866, -0.01947728358209133, 0.031131939962506294, -0.018631594255566597, -0.01523562241345644, -0.015830248594284058, -0.03269118070602417, 0.013167647644877434, 0.005559746641665697, -0.005572960712015629, 0.0150374136865139, 0.003164728172123432, -0.0010884946677833796, -0.01867123506963253, 0.019490497186779976, 0.022199345752596855, -0.019464069977402687, 0.00896562822163105, 0.0009183657821267843, 0.011588587425649166, 0.0068844398483633995, -0.013425318524241447, 0.006990151014178991, -0.02440606616437435, 0.008608853444457054, 0.01227570977061987, -0.03432970121502876, 0.07907195389270782, -0.013227109797298908, 0.022608976811170578, 0.00014132674550637603, 0.006303028669208288, -0.023348955437541008, -0.10460120439529419, -0.006752301007509232, 0.0027633560821413994, 0.0293877050280571, -0.00616097915917635, -0.001053808256983757, -0.011337523348629475, 0.02674492634832859, 0.010472012683749199, -0.0077829849906265736, 0.0005752174183726311, -0.01707235351204872, 0.0025734063237905502, -0.004538973327726126, 0.03440898656845093, -0.0031019621528685093, 0.0174687709659338, -0.024075718596577644, -0.011086459271609783, 0.028568442910909653, 0.0027369281742721796, 0.0009844353189691901, -0.006260083522647619, -0.01956978067755699, -0.039509549736976624, 0.012150177732110023, -0.006339366547763348, 0.01864480786025524, 0.0014650907833129168, 0.02859487198293209, -0.020190833136439323, -0.011568766087293625, 0.030709095299243927, 0.0019193184562027454, 0.005939646158367395, -0.0009778282837942243, 0.004780126735568047, -0.02714134193956852, 0.024194644764065742, -0.019767988473176956, 0.02505354769527912, 0.01737627387046814, -0.002603137632831931, 0.002515595406293869, 0.0003313797351438552, -0.015645252540707588, -0.005202971864491701, -0.01374245248734951, 0.0027435352094471455, -0.014429574832320213, -0.01150930393487215, -0.01768019236624241, -0.00397407915443182, -0.02600494772195816, 0.024168215692043304, -0.00582402478903532, 0.028013460338115692, 0.027749182656407356, -0.032585468143224716, -0.01082878839224577, -0.03522824868559837, -0.006471505854278803, -0.02005869522690773, 0.015222408808767796, 0.009639536961913109, -0.015156338922679424, -0.03990596532821655, -0.020204046741127968, 0.007353533059358597, -0.03876957297325134, -0.026507075875997543, 0.007928337901830673, -0.018446600064635277, 0.01765376515686512, -0.016107739880681038, 0.030973372980952263, -0.0027831769548356533, -0.0007792069227434695, -0.0013255189405754209, -0.01897515542805195, -0.024855338037014008, 0.0023900633677840233, 0.020930811762809753, -0.017336631193757057, 0.04939354583621025, 0.020349400117993355, 0.03028625063598156, -0.005288862157613039, 0.01568489521741867, 0.0017822242807596922, 0.004634774290025234, 0.019516924396157265, -0.011337523348629475, -0.01860516518354416, -0.012381420470774174, 0.0062898145988583565, -0.007578169461339712, -0.015248836018145084, 0.012685340829193592, 0.03908670321106911, -0.028277738019824028, -0.0187373049557209, -0.04659219831228256, 0.0003509941161610186, 0.0074328165501356125, 0.008721171878278255, -0.0017855276819318533, -0.0056951893493533134, 0.011337523348629475, -0.00450593838468194, -0.013980302028357983, -0.003047454869374633, -0.03728961572051048, -0.0015402447897940874, 0.0056522442027926445, 0.0134781738743186, -0.029440561309456825, -0.025899237021803856, 0.026824209839105606, 0.0007779681473039091, 0.03694605454802513, 0.0232564564794302, -0.012705161236226559, -0.0008031571051105857, 0.014429574832320213, 0.029255567118525505, -0.007624418009072542, -0.012057680636644363, -0.006976937409490347, 0.032056912779808044, 0.012189819477498531, 0.016834503039717674, 0.002462739823386073, -0.03422399237751961, -0.001996950013563037, 0.019952982664108276, -0.017548054456710815, -0.012513559311628342, 0.0090250913053751, 0.017918042838573456, 0.016253093257546425, 0.07225358486175537, 0.0031928077805787325, -0.026573145762085915, -0.0017442343523725867, -0.046539343893527985, -0.011271453462541103, -0.018406957387924194, -0.03081480599939823, 0.0021389995235949755, 0.010960927233099937, -0.004766913130879402, 0.004155770409852266, -0.002888888120651245, 0.03528110310435295, -0.03639107197523117, -0.00016765130567364395, -0.020838314667344093, 0.002613048069179058, -0.0017838759813457727, 0.017336631193757057, -0.028568442910909653, 0.012156784534454346, 0.00859563983976841, 0.014456002041697502, 0.0068381913006305695, 0.0004934564349241555, -0.003789084730669856, -0.005463946145027876, -0.006081695668399334, 0.005966074299067259, -0.015288477763533592, -0.020349400117993355, 0.023084675893187523, 0.013808521442115307, 0.016002029180526733, -0.0004773520049639046, -0.011430020444095135, -0.010359694249927998, 0.0012222854420542717, -0.0047338781878352165, 0.004631470423191786, 0.006524361204355955, 0.03234761953353882, -0.03237404674291611, 0.013914233073592186, 0.03311402350664139, 0.018010539934039116, -0.025185685604810715, -0.0073667471297085285, -0.005434214603155851, -0.015275264158844948, -0.01962263509631157, -0.013392283581197262, -0.022476837038993835, 0.01542061660438776, 0.016041669994592667, 0.0020696264691650867, -0.0150374136865139, -0.02255612052977085, 0.008417251519858837, 0.024723200127482414, -0.0026196548715233803, 0.03160763904452324, -0.013121399097144604, -0.02711491473019123, 0.0005715010338462889, 0.009289368987083435, -0.005219488870352507, -0.028938433155417442, -0.0073667471297085285, 0.012282316572964191, 0.010452192276716232, -0.023084675893187523, 0.0007969631114974618, 0.006210531108081341, -0.02089116908609867, 0.0025007298681885004, -0.013286572881042957, -0.005589478183537722, -0.010405943728983402, 0.01879016123712063, 0.007393174804747105, 0.016742005944252014, 0.011132707819342613, 0.038003165274858475, 0.01568489521741867, -0.005051011685281992, 0.04159734398126602, -0.02970483899116516, -0.01672879233956337, -2.0401532310643233e-05, 0.0004525759431999177, -0.007492279168218374, -0.04825714975595474, 0.008027441799640656, -0.011529124341905117, -0.034673262387514114, 0.0010422461200505495, 0.006580520421266556, 0.0033711951691657305, 0.0976242646574974, 0.040593087673187256, 0.0029665196780115366, 0.011529124341905117, 0.00015082424215506762, 0.0019391393288969994, -0.006583823822438717, -0.00918365828692913, -0.011172349564731121, -0.004063273314386606, 0.010789146646857262, -0.027775609865784645, 0.005265737418085337, -0.0293877050280571, -0.01731020398437977, 0.024604273959994316, -0.019926555454730988, 0.023560376837849617, -0.000993519788607955, -0.014429574832320213, 0.034673262387514114, -0.016279520466923714, 0.026692070066928864, -0.004043452441692352, -0.03414470702409744, -0.009725427255034447, 0.03173977881669998, 0.010848608799278736, -0.014376719482243061, -0.03662892058491707, -0.019014796242117882, -0.008939201012253761, -0.03250618651509285, -0.019754774868488312, -0.004400227218866348, -0.0053483243100345135, -0.01941121369600296, -0.011654656380414963, -0.007558348588645458, -0.012242674827575684, -0.0160813108086586, 0.01848624087870121, -0.024141788482666016, 0.005354931578040123, 0.0019853878766298294, -0.020137978717684746, 0.0017293686978518963, -0.01314121950417757, -0.0007680577109567821]"
"Las delusiones son un trastorno del contenido del pensamiento en el que se expresa una idea errónea o una interpretación anómala de la realidad. Resulta imposible, a través de una argumentación lógica ofrecida al paciente, que este salga de su error y por lo tanto sólo agregamos frustración y posibilidad de incrementar la confusión con riesgo de generar agresividad verbal y tal vez, agresividad física. El tema más frecuente quizás sea la sospecha o certeza de robo que puede presentarse en más del 60% de los casos. Siguen en frecuencia delirios de sospecha, de referencia (pensar que se refieren o le miran a uno) y la idea de que hay extraños en la casa. Otras temáticas delirantes menos frecuentes son la idea de que el lugar donde viven (en el caso de que siga siendo su domicilio) no es su casa, delirios de abandono, grandeza, de infidelidad, hipocondríacos o depresivos. La ideación delirante celotípica o síndrome de Otelo es frecuente en individuos con demencia; pero también se presenta en un 15.8% de la población general sin demencia, y en un 1.4% de individuos de tercera edad no dementes internados en casa de reposo. Puede presentarse también el síndrome de Capgras (delirio de que el cónyuge o cuidador no es el mismo, sino que ha sido suplantado por un doble), así como otros síndromes que se incluyen dentro de idead delirantes de falsa identificación. Ejemplos de pacientes con ideas delirantes: La Sra. RZD desde hace un año ha ""notado"" que algunas de sus joyas se han estado perdiendo, aunque la familia reporta que no ha habido falta alguna en el recuento detallado de ""todas"" las joyas que ella tiene; y piensa que la hija que vive con ella es la responsable, aunque a veces también sospecha de la señora que viene una vez por semana para limpiar la casa; motivo por el cual, ella prefiere usarlas, de tal manera que tiene una sortija en cada dedo de la mano, 3 pulseras en cada mano, y 4 cadenas de oro y plata en el cuello con varios dijes; y en la noche al ir a dormir, las guarda debajo de su almohada. Desde hace 6 meses, además está guardando de su cama, los juegos de cubiertos de mesa y copas de vino. Cómo pueden deducir, ella está presentando delusiones paranoides de robo.","[-0.01127102691680193, 0.009540004655718803, 0.03500800579786301, -0.028445618227124214, -0.028109747916460037, 0.0038302114699035883, -0.020307226106524467, 0.0049573141150176525, -0.011180601082742214, 0.00019457862072158605, -0.01574714295566082, 0.026391644030809402, -0.01329270750284195, 0.02517734281718731, -0.009811284020543098, 0.019519222900271416, 0.04699598625302315, 0.004327557981014252, 0.024324750527739525, -0.04392148181796074, -0.022167431190609932, -0.00021819448738824576, -0.008622820489108562, -0.004292033147066832, -0.010082563385367393, -0.0021557051222771406, 0.009979219175875187, -0.014817041344940662, -0.00014381459914147854, 0.004359852988272905, 0.013912775553762913, -0.009223511442542076, 0.0059229410253465176, 0.010140694677829742, -0.0030163724441081285, -0.016134684905409813, 0.0012191440910100937, -0.020746441558003426, -0.01791738159954548, 0.00698868278414011, 0.017077704891562462, 0.009888792410492897, -0.005674268119037151, -0.029608245939016342, -0.0029743886552751064, 0.03283776715397835, -0.04521328955888748, -0.012291556224226952, -0.04071779549121857, 0.013331461697816849, 0.04399899020791054, 0.028368109837174416, -0.03937431797385216, -0.0019441714975982904, 0.002675657859072089, -0.01603134162724018, -0.009656267240643501, -0.004233901854604483, 0.026740431785583496, -0.016263866797089577, 0.006717402953654528, -0.011309782043099403, -0.013576905243098736, 0.010360302403569221, -0.004857199266552925, 0.022387037053704262, 0.0017746216617524624, -0.025887837633490562, 0.016522228717803955, -0.014674942009150982, 0.027644697576761246, 0.016961442306637764, -0.014907468110322952, -0.02632705308496952, 0.023278385400772095, -0.025513213127851486, 0.007615210022777319, -0.0024011486675590277, -0.004253278952091932, 0.01582465134561062, 0.004330787342041731, -0.018537448719143867, -0.04547165334224701, 0.018950827419757843, 0.015178747475147247, 0.019493388012051582, -0.012472408823668957, 0.029169030487537384, -0.01225926075130701, -0.008164227940142155, -0.014416580088436604, -0.006659271661192179, 0.01059928722679615, 0.023562584072351456, -0.003045438090339303, 0.03482715040445328, 0.0030648151878267527, 0.0026465922128409147, -0.019842175766825676, -0.009565840475261211, -0.012536999769508839, 0.011548765935003757, -0.06443540006875992, -0.010696172714233398, -0.007899407297372818, -0.001842441619373858, 0.007356848102062941, 0.002315566409379244, 0.012071948498487473, -0.0369715541601181, -0.02351091057062149, 0.004078884609043598, 0.0080027524381876, -0.01896374486386776, 0.025371115654706955, 0.005015445873141289, 0.009223511442542076, 0.03542138263583183, -0.015359601005911827, -0.03309612721204758, 0.00488303555175662, 0.00022263509163167328, 0.0035589318722486496, -0.009094330482184887, 0.01632845588028431, -0.028703980147838593, 0.017529837787151337, -0.025345278903841972, -0.028083913028240204, 0.012711393646895885, 0.0010286023607477546, 0.0013313699746504426, 0.0015590511029586196, -0.0043630823493003845, 0.004627902992069721, 0.017826953902840614, -0.02365300990641117, 0.005961695220321417, -0.007221208419650793, -0.03159762918949127, 0.013357297517359257, 0.015101239085197449, -0.03469797223806381, -0.009914628230035305, 0.005868039093911648, 0.03583476319909096, -0.005454660393297672, 0.014481171034276485, 0.006019826512783766, 0.0016268710605800152, 0.02705046534538269, -0.015437109395861626, -0.01845994032919407, -0.007789603900164366, 0.01153584849089384, 0.01776236481964588, 0.010883484967052937, 0.0007569189183413982, -0.027515515685081482, -0.026895448565483093, 0.015798814594745636, -0.016586817800998688, 0.0014888090081512928, 0.009146003052592278, 0.03188182786107063, 0.027024628594517708, -0.005438513122498989, 0.021986577659845352, 0.001063319738022983, -0.004272656049579382, -0.0034749642945826054, 0.02397596277296543, -0.021353591233491898, 0.03420708328485489, 0.020061783492565155, -0.0033037997782230377, -0.0011384061072021723, 0.02141818217933178, -0.02564239501953125, -0.014997893944382668, -0.03487882390618324, 0.014855795539915562, 0.016664326190948486, 0.025836165994405746, -0.0352405309677124, -0.021973658353090286, 0.009488332085311413, 0.002840363420546055, -0.010999747551977634, -0.0033813081681728363, -0.018847482278943062, 0.014804122969508171, 0.043869808316230774, -0.022038249298930168, -0.6287489533424377, -0.009436659514904022, 0.0030680447816848755, -0.02668876014649868, -0.008661574684083462, 0.03257940337061882, 0.016134684905409813, 0.01388693880289793, -0.038444213569164276, -0.0566328763961792, 0.010483024641871452, -0.033535342663526535, 0.008500098250806332, 0.0016502850921824574, -0.027205482125282288, -0.01300205010920763, -0.028833160176873207, 0.004669887013733387, 0.01743941195309162, 0.005402988288551569, -0.0016825803322717547, -0.004634362179785967, -0.02777387760579586, -0.002738633658736944, -0.00536423409357667, 0.002378541976213455, 0.01218821108341217, -0.01689685322344303, 0.0010019588517025113, 0.03449128195643425, -0.014403662644326687, -0.0032650453504174948, -0.005257659591734409, 0.015462945215404034, 0.052783288061618805, -0.029194867238402367, 0.008693870157003403, 0.026172036305069923, -0.004466427024453878, 0.010960993357002735, 0.02134067378938198, -0.002525485120713711, 0.03441377356648445, -0.017206886783242226, 0.03121008910238743, 0.010134235955774784, 0.014920385554432869, -0.027799714356660843, -0.002430214313790202, 0.026637086644768715, 0.017814036458730698, -0.015204583294689655, -0.028729816898703575, -0.00783481728285551, 0.03575725480914116, 0.026391644030809402, 0.02813558466732502, -0.03376786783337593, 0.005157544743269682, -0.015514617785811424, -0.03831503540277481, -0.0039206380024552345, -0.01968715898692608, 0.015450026839971542, -0.013693167828023434, 0.02636580727994442, -0.007208290044218302, -0.015798814594745636, 0.025694066658616066, 0.0050025274977087975, -0.003591227112337947, 0.023601338267326355, -0.025125671178102493, -0.01410654652863741, 0.030150804668664932, 0.01041843369603157, 0.019997192546725273, 0.020320143550634384, 0.0005482111591845751, 0.0004073232994414866, -0.006071499083191156, -0.008286950178444386, -0.046530935913324356, 0.0034620461519807577, 0.03423291817307472, -0.010935157537460327, -0.0025109522975981236, 0.02199949510395527, -0.013796512968838215, 0.0211598202586174, 0.0049573141150176525, 0.011316240765154362, 0.012381982058286667, -0.006924092303961515, -0.003387767355889082, 0.008041506633162498, -0.00028904210194014013, 0.015127074904739857, 0.015760060399770737, 0.004178999923169613, -0.002602993743494153, -0.023782189935445786, 0.006659271661192179, 0.016405966132879257, 0.021108146756887436, 0.011445421725511551, -0.03304445743560791, 0.007757308892905712, 0.03500800579786301, -0.03456879034638405, 0.012394900433719158, -0.009436659514904022, 0.005612906999886036, 0.0027628550305962563, -0.023175040259957314, -0.012536999769508839, 0.011154764331877232, 0.014571597799658775, 0.017168132588267326, -0.017000196501612663, 0.010734926909208298, -0.0043630823493003845, 0.0039044904988259077, -0.016134684905409813, 0.027928894385695457, -0.03252773359417915, 0.009391446597874165, 0.001942556700669229, 0.005448201671242714, -0.0021734675392508507, -0.018434103578329086, -0.016987279057502747, 0.013744840398430824, -0.005826055537909269, -0.0015259485226124525, -0.007938161492347717, 0.021909069269895554, -0.013551069423556328, 0.012039653025567532, -0.018356595188379288, -0.026482069864869118, 0.0034136034082621336, 0.006349237635731697, 0.009811284020543098, 0.004660198464989662, -0.05508270487189293, -0.0036655059084296227, -0.007285798899829388, -0.025913674384355545, 0.009372069500386715, 0.00215731980279088, -0.037359096109867096, -0.0055838413536548615, 0.04301721602678299, 0.002146016573533416, 0.003943244926631451, -0.006000449415296316, -0.009985677897930145, -0.024531438946723938, -0.008177146315574646, 0.02976326271891594, 0.023020023480057716, -0.0027919206768274307, 0.004417984280735254, -0.02105647511780262, -0.02329130284488201, 0.00968210306018591, 0.022232020273804665, -0.035343874245882034, -0.03387121483683586, 0.022051166743040085, -0.00782189890742302, 0.0003425310424063355, -0.0010277950204908848, 8.972012437880039e-05, 0.03575725480914116, -0.010108400136232376, -0.007628127932548523, 0.012130079790949821, 0.01244011428207159, -0.005125249270349741, -0.007027436979115009, -0.007789603900164366, -0.0015525920316576958, 0.02025555446743965, -0.003148782765492797, 0.023394647985696793, 0.017969053238630295, 0.014261563308537006, 0.018330760300159454, 0.019273780286312103, 0.019441714510321617, 0.007066191174089909, -0.01964840479195118, -0.017168132588267326, 0.011006206274032593, 0.01410654652863741, -0.003739784937351942, -0.023213794454932213, 0.028393946588039398, 0.02336881123483181, -0.0062265158630907536, 0.016845179721713066, -0.00222998415119946, 0.008190064691007137, -0.025306524708867073, 0.01910584419965744, -0.006397680379450321, 0.02095312997698784, 0.012595131061971188, 0.0073891435749828815, -0.029349884018301964, -0.009669184684753418, -0.0038043754175305367, -0.011632733978331089, 0.040536943823099136, 0.026055773720145226, 0.03663568198680878, -0.007589373737573624, -0.010153613053262234, -0.014041956514120102, -0.0008348310948349535, 0.016961442306637764, 0.011019124649465084, -0.0013128002174198627, 0.0062135979533195496, 0.014739532954990864, -0.0010019588517025113, 0.008978067897260189, -0.011154764331877232, -0.016380129382014275, 0.002042671898379922, 0.017646100372076035, 0.029840771108865738, -0.035447221249341965, 0.006704485043883324, 0.012517622672021389, -0.006891797296702862, 0.026972956955432892, -0.03188182786107063, -0.01953214220702648, 0.021766969934105873, 0.010185908526182175, 0.0027838468085974455, 0.01725855842232704, 0.0022477463353425264, 0.019893847405910492, 0.014442416839301586, 0.008364458568394184, 0.023562584072351456, -0.02109522931277752, -0.002685346407815814, -0.03686820715665817, -0.01392569299787283, -0.03219186142086983, -0.020617259666323662, 0.01570838876068592, -0.016367211937904358, 0.024169733747839928, 0.006749698426574469, 0.021715296432375908, -0.019312534481287003, 0.022089920938014984, 0.020668933168053627, -0.0002779406204354018, -0.009191215969622135, 0.006006908603012562, -0.016199275851249695, 0.0034685053396970034, -0.005241512320935726, -0.020023029297590256, -0.004495492670685053, -0.006023056339472532, -4.3850835936609656e-05, 0.018085315823554993, -0.0021993035916239023, -0.023020023480057716, 0.008441966958343983, 0.03260524198412895, 0.019222106784582138, -0.02391137182712555, -0.017581511288881302, 0.011871717870235443, 0.013460642658174038, 0.009598135948181152, -0.0006689144647680223, -0.0001359426387352869, 0.02079811319708824, -0.0007601484539918602, 0.023058777675032616, -0.013370215892791748, -0.007957539521157742, -0.018576202914118767, -0.003597686067223549, 0.011510011740028858, -0.00394647428765893, 0.009701480157673359, 0.006262040697038174, -0.011865259148180485, 0.0032811930868774652, -0.006982223596423864, -0.0021169509273022413, -0.02441517636179924, -0.007382684387266636, -0.0010447499807924032, 0.02362717315554619, -0.022477464750409126, -0.01401611976325512, -0.002323640277609229, -0.004824903793632984, -0.0016220267862081528, 0.00014341089990921319, -0.018408268690109253, -0.0010447499807924032, 0.0048378221690654755, -9.16881108423695e-05, 0.0024076076224446297, 0.0034071444533765316, 0.020940212532877922, -0.004715100396424532, 0.009352692402899265, -0.013434805907309055, 0.0050025274977087975, 0.0014145300956442952, 0.005015445873141289, 0.012640343979001045, -0.014610351994633675, 0.009029739536345005, 0.03250189498066902, -0.008848886936903, -0.028161421418190002, -0.02539695054292679, 0.01845994032919407, 0.009062035009264946, -0.0038980315439403057, 0.007647505030035973, 0.03549889102578163, 0.01220758818089962, -0.0011367913102731109, 0.013434805907309055, -0.004928248468786478, 0.008228818885982037, -0.003187536960467696, 0.004208065569400787, -0.013447724282741547, -0.0023559352848678827, 0.02095312997698784, 0.019118763506412506, -0.02220618538558483, -0.034362100064754486, 0.024893146008253098, 0.02499649114906788, 0.021121066063642502, -0.019583813846111298, -0.013169985264539719, -0.0004133786424063146, -0.004246819764375687, 0.03224353492259979, -0.0005897912196815014, 0.007343930192291737, 0.004030441865324974, -0.008409672416746616, 0.019493388012051582, 0.01247886847704649, -0.003263430669903755, 0.0052027576602995396, 0.01776236481964588, -0.023162122815847397, -0.011865259148180485, -0.004899182822555304, 0.010631581768393517, 0.013357297517359257, -0.0070791095495224, -0.007259962614625692, 0.016354292631149292, -0.005312561523169279, -0.0068659610114991665, -0.022955432534217834, 0.017452329397201538, -0.007124322932213545, 0.026714595034718513, -0.0022897301241755486, -0.025435704737901688, 0.020630178973078728, -0.002360779559239745, -0.019080009311437607, 0.004637591540813446, 0.0015566289657726884, -0.020216800272464752, -0.03691988065838814, 0.013305624946951866, 0.019661322236061096, -0.035912271589040756, -0.007938161492347717, -0.00698868278414011, -0.010218203999102116, -0.03552472963929176, -0.0056452020071446896, 0.017969053238630295, 0.004950855392962694, -0.02354966476559639, -0.009100789204239845, 0.026314135640859604, 0.03356117755174637, -0.02336881123483181, -0.007072650361806154, -0.012750147841870785, -0.015372518450021744, 0.013874021358788013, -0.0013580134836956859, 0.005835744086652994, -0.020100537687540054, -0.01719396747648716, -0.0014815425965934992, 0.007847735658288002, -0.031158415600657463, 0.003969080746173859, 0.029272375628352165, 0.00871970597654581, 0.0001646046293899417, 0.007072650361806154, -0.007188912946730852, 0.0044244434684515, -0.02069476805627346, 0.015075402334332466, -0.029169030487537384, -0.023136286064982414, -0.021766969934105873, 0.02041057124733925, -0.01215591561049223, -0.006788452621549368, -0.006639894563704729, -0.0006188569241203368, 0.001921564806252718, 0.007092027459293604, -0.01038613822311163, 0.004585919436067343, 0.004411525093019009, -0.006232975050806999, 0.013408970087766647, -0.019945520907640457, 0.01669016294181347, 0.029659917578101158, -0.01856328547000885, -0.0025416328571736813, -0.0048055266961455345, 0.024828555062413216, 0.0056904153898358345, -0.011994440108537674, 0.007957539521157742, 0.04157039150595665, -0.033612851053476334, -0.008151310496032238, -0.0006709329318255186, 0.009856496937572956, 0.041802916675806046, -0.01657390035688877, -0.007234126329421997, -0.0283164381980896, 0.009171838872134686, 0.0027160269673913717, 0.00960459467023611, -0.00615869602188468, -0.005700103938579559, 0.009740234352648258, -0.011064337566494942, -0.026055773720145226, 0.007789603900164366, 0.022399956360459328, -0.032708585262298584, 0.007292257621884346, 0.02596534602344036, -0.02748968079686165, 0.013396051712334156, 0.018627876415848732, 0.018304923549294472, -0.012872869148850441, -0.002094344235956669, 0.018124070018529892, -0.007931702770292759, -0.006368614733219147, -0.020578505471348763, 0.02167654223740101, 0.0022751973010599613, 0.008506557904183865, 0.000288032868411392, 0.02336881123483181, 0.007666882127523422, -0.011135387234389782, 0.00433401670306921, -0.02274874411523342, 0.0011626274790614843, -0.03482715040445328, 0.038883429020643234, 0.002385001163929701, 0.010256958194077015, 0.024712292477488518, -0.016535146161913872, -0.0017439412185922265, 0.027799714356660843, -0.0026482068933546543, -0.011335617862641811, -0.013305624946951866, -0.029711591079831123, -0.01034738402813673, 0.003781768726184964, 0.007796063087880611, 0.013964447192847729, -0.02387261763215065, 0.008803673088550568, 0.019712993875145912, 0.008519475348293781, -0.008131933398544788, -0.02019096352159977, 0.0065623861737549305, -0.030150804668664932, 0.025616558268666267, 0.013370215892791748, 0.007505406159907579, -0.026133282110095024, -0.019299615174531937, -0.035808924585580826, -0.008519475348293781, 0.014442416839301586, 0.0009341388940811157, 0.015165829099714756, -0.007188912946730852, 0.008106096647679806, 0.0002587653580121696, 0.013370215892791748, 0.008086719550192356, -0.00016813691763672978, -0.00525443023070693, -0.015398355200886726, -0.0040724254213273525, -0.007563537452369928, -0.01599258743226528, -0.0141194649040699, -0.017504002898931503, 0.0016583588439971209, -0.02177988737821579, 0.03542138263583183, -0.008874722756445408, -0.03474964201450348, -0.01892499066889286, 0.0004791801329702139, 0.022632481530308723, -0.010321548208594322, 0.0034620461519807577, 0.01737482100725174, -0.02922070398926735, -0.03030582331120968, 0.019984275102615356, 0.03503384068608284, -0.0025464771315455437, 0.013641495257616043, 0.0045342473313212395, -0.015501699410378933, -0.0031326350290328264, 0.006578533910214901, 0.014339071698486805, -0.03121008910238743, -0.03784998133778572, 0.022632481530308723, 0.01910584419965744, 0.035163022577762604, 0.007421438582241535, 0.0059229410253465176, -0.004120868630707264, 0.020681850612163544, -0.012142998166382313, -0.0023414024617522955, -0.013357297517359257, -0.011619815602898598, -0.012065489776432514, -0.006539779249578714, -0.027024628594517708, 0.0282389298081398, -0.043973155319690704, 0.002024909481406212, -0.034801315516233444, -0.015437109395861626, -0.04410233348608017, 0.023536747321486473, 0.0003217410121578723, 0.025190262123942375, -0.02896234206855297, 0.0036784240510314703, 0.017697773873806, 0.003390996716916561, 0.0076798005029559135, 0.011400207877159119, 7.397621084237471e-05, 0.02986660785973072, 0.007434356492012739, 0.017943216487765312, 0.01136145368218422, -0.03474964201450348, -0.004524558316916227, -0.004915330559015274, 0.001869892468675971, -0.01067033689469099, 0.0020232948008924723, -0.012937460094690323, 0.015630880370736122, 0.013783594593405724, -0.01650930941104889, -0.01610885001718998, -0.007802522275596857, -0.027360498905181885, -0.013408970087766647, -0.003552472684532404, 0.022309528663754463, 0.07528658956289291, 0.008416131138801575, -0.01484287716448307, -0.011464798822999, 0.02538403309881687, -0.015320845879614353, -0.014287400059401989, 0.016987279057502747, 0.005593529902398586, -0.03219186142086983, 0.007802522275596857, -0.049062877893447876, -0.03474964201450348, -0.01564379781484604, 0.003591227112337947, 0.0010116474004462361, -0.008028588257730007, 0.026972956955432892, -0.010696172714233398, -0.024660620838403702, -0.012414277531206608, 0.02365300990641117, 0.002050745766609907, 0.0077637676149606705, -0.020126372575759888, 0.033716198056936264, -0.00950124952942133, -0.0025739280972629786, -0.01824033260345459, -0.053584206849336624, 0.03211435303092003, -0.014817041344940662, -0.009540004655718803, 0.009042657911777496, -0.012524081394076347, 0.0038560477551072836, 0.024182651191949844, -0.00667219003662467, 0.011871717870235443, -0.0247381292283535, 2.1231575374258682e-05, -0.015475863590836525, 0.0011844267137348652, -0.01143250335007906, -0.015953833237290382, -0.008131933398544788, -0.0020894999615848064, -0.003894801950082183, 0.009914628230035305, 0.013512314297258854, 0.0009720857487991452, 0.009527086280286312, 0.029194867238402367, -0.0030664298683404922, 0.014132382348179817, -0.0025965345557779074, -0.02413097955286503, -0.025590721517801285, -0.017361903563141823, -0.024001797661185265, 0.0017923839623108506, -0.013861102983355522, 0.05580611899495125, 0.020397653803229332, 0.017090624198317528, 0.017943216487765312, -0.0008299868204630911, -0.01123227272182703, 0.010315089486539364, 0.02455727569758892, 0.03286360204219818, 0.03756578639149666, -0.004828133620321751, -0.010483024641871452, 0.005012216046452522, 0.015760060399770737, 0.03549889102578163, -0.04141537472605705, 0.015475863590836525, -0.008202983066439629, -0.037359096109867096, -0.008693870157003403, -0.015915079042315483, -0.05518605187535286, 0.0003849185013677925, 0.004695723298937082, -0.010780139826238155, 0.007285798899829388, 0.008661574684083462, -0.006723862141370773, -0.029711591079831123, 0.009346232749521732, -0.013693167828023434, -0.023459238931536674, -0.036609847098588943, 0.030460840091109276, -0.0010673565557226539, -0.004498722497373819, -0.020539751276373863, 0.0077056363224983215, -0.009417282417416573, 0.010334466584026814, 0.015760060399770737, 0.002695034956559539, -0.007240585517138243, -0.020165126770734787, -0.006578533910214901, -0.015295010060071945, -0.025293605402112007, 0.015902159735560417, 0.011258109472692013, 0.0057711536064744, 0.011891094967722893, 0.0005934244254603982, 0.002934019546955824, -0.013473560102283955, 0.0160055048763752, -0.009184757247567177, 0.006433205213397741, 0.013990283943712711, -0.02622370794415474, -0.017788199707865715, 0.013770676217973232, 0.005270577967166901, -0.0301249697804451, -0.006568845361471176, -0.0031471678521484137, 0.017426494508981705, -0.058131374418735504, 0.03095172718167305, 0.01506248489022255, -0.013357297517359257, 0.02236120216548443, -0.0033748492132872343, 0.006840124726295471, 0.010276335291564465, -0.024363504722714424, 0.0016599736409261823, -0.015501699410378933, -0.008351540192961693, -0.01661265455186367, -0.018769973888993263, 0.024906063452363014, -0.006872420199215412, -0.0033054144587367773, -0.010024432092905045, 0.010818894021213055, 0.17992305755615234, -0.034258756786584854, 0.0023317139130085707, 0.03968435153365135, -0.0020927293226122856, 0.030925890430808067, 0.021573198959231377, -0.003339324379339814, -0.02228369377553463, 0.012588671408593655, 0.015682552009820938, -0.018149906769394875, -0.010896403342485428, 0.01603134162724018, 0.013176444917917252, -0.007524783257395029, -0.022077003493905067, -0.0211985744535923, -0.01338313426822424, -0.03668735548853874, 0.003726867027580738, -0.012763066217303276, 0.002959855832159519, -0.014584515243768692, 0.059681542217731476, -0.005683956667780876, 0.0049314782954752445, -0.028187256306409836, 0.030719202011823654, 0.005725940223783255, -0.018679548054933548, -0.01161335688084364, 0.015772979706525803, 0.015088320709764957, -0.012272179126739502, 0.0057356287725269794, -0.013486478477716446, 0.004705411847680807, 0.007479569874703884, 0.015940913930535316, 0.0077637676149606705, 0.005073577165603638, -0.00444059120491147, -0.01755567453801632, 0.00020315703295636922, 0.031830158084630966, 0.00571625167503953, -0.006982223596423864, 0.02329130284488201, -0.003166545182466507, -0.03121008910238743, -0.01848577708005905, -0.0017051869072020054, 0.027825551107525826, 0.008403212763369083, 0.006462270859628916, 0.029711591079831123, 0.022335365414619446, -0.03668735548853874, -0.006846583914011717, 0.014145300723612309, -0.0011593978852033615, -0.0007629742613062263, 0.02813558466732502, -0.01043781079351902, 0.02274874411523342, 0.004589148797094822, 0.0014597433619201183, 0.001270008971914649, -0.0031051840633153915, 0.016703080385923386, -0.018873319029808044, -0.009940464980900288, -0.010340925306081772, -0.0010835041757673025, -0.014713696204125881, 0.022890843451023102, 0.008454885333776474, 0.013563986867666245, 0.02795473113656044, 0.001512223039753735, 0.011335617862641811, -0.007001601159572601, 0.01309247687458992, -0.010483024641871452, -0.04635008051991463, 0.01578589715063572, 0.013486478477716446, 0.004392147995531559, -0.03239855170249939, -0.01824033260345459, -0.01610885001718998, 0.007227667607367039, 0.014946222305297852, 0.0194675512611866, 0.003587997518479824, 0.04319806769490242, 0.014623269438743591, -0.019131680950522423, -0.014868712984025478, -0.004954084753990173, 0.03764329478144646, 0.04257800057530403, 0.021754052489995956, -0.011348536238074303, 0.001966778188943863, 0.015256255865097046, 0.0008768148836679757, 0.011942767538130283, -0.017504002898931503, -0.0031600859947502613, -0.019222106784582138, 0.0005449816235341132, -0.0032408239785581827, -0.0011190288932994008, 0.011096633039414883, 0.007318093907088041, -0.008119015023112297, -0.010941616259515285, -0.012530540116131306, 0.01397736556828022, 0.003794686868786812, -0.003629981307312846, 0.0017229493241757154, 0.004589148797094822, -0.011858800426125526, -0.0008307942189276218, 0.02083686739206314, 0.001612338237464428, -0.01043781079351902, 0.0030066838953644037, -0.030435003340244293, 0.0320110097527504, 0.011219355277717113, 0.006610828917473555, 0.007641045842319727, 0.010205285623669624, 0.002790305996313691, 4.158007868682034e-05, -0.02274874411523342, -0.016276784241199493, -0.0005042089032940567, 0.0015913463430479169, 0.010043809190392494, 0.007860653102397919, -0.007718554697930813, 0.014080710709095001, -0.003282807767391205, -0.012595131061971188, -8.433338734903373e-06, -0.030176641419529915, 0.0141582190990448, -0.009326855652034283, -0.03849588707089424, 0.0029469376895576715, -0.0041176388040184975, -0.007731472607702017, -0.014313235878944397, -0.007163077127188444, 0.0008437123033218086, -0.04229380190372467, 0.007770226802676916, 0.006181302480399609, 0.015359601005911827, 0.00175201497040689, -0.003494341392070055, -0.15977084636688232, 0.004589148797094822, -0.019131680950522423, -0.036997389048337936, 0.013473560102283955, -0.003739784937351942, 0.0265854150056839, 0.020397653803229332, -0.01888623647391796, 0.004650509916245937, -0.00039743288652971387, -0.007718554697930813, -0.0248156376183033, -0.010715549811720848, -0.007802522275596857, -0.010030891746282578, -0.014080710709095001, 0.012769524939358234, 0.06670898199081421, 0.022877924144268036, 0.030564183369278908, -0.05048386752605438, 0.02592659182846546, -0.013499396853148937, -0.019725913181900978, -0.01240781880915165, 0.01068971399217844, 0.018434103578329086, 3.388473851373419e-05, -0.036454830318689346, 0.00334578356705606, -0.012013817206025124, 0.02542278729379177, 0.00021435943199321628, 0.012304473668336868, 0.012859951704740524, -0.011154764331877232, -0.006462270859628916, -0.00975315272808075, 0.014287400059401989, -0.0042435904033482075, 0.020811030641198158, 0.012381982058286667, 0.020927295088768005, 0.002882347209379077, 0.04800359532237053, 0.02427307702600956, -0.0026498218066990376, -0.021069392561912537, -0.005700103938579559, -0.0039077200926840305, -0.02805807627737522, 0.007789603900164366, -0.01072846818715334, 0.006236204411834478, 0.01824033260345459, 0.012595131061971188, 0.017749445512890816, 0.005312561523169279, -0.024221405386924744, -0.018253251910209656, -0.04283636435866356, 0.013744840398430824, 0.0007726628100499511, 0.0160055048763752, 0.008655115962028503, 0.00982420239597559, -0.019712993875145912, -0.00895869079977274, 0.014700778760015965, -0.018679548054933548, -0.002094344235956669, 0.00564197264611721, -0.004576230887323618, 0.028083913028240204, 0.019984275102615356, -0.02228369377553463, -0.008286950178444386, -0.020668933168053627, -0.02163778804242611, -0.028445618227124214, 0.0015025344910100102, -0.03219186142086983, -0.028988178819417953, 0.00032315391581505537, 0.012104243971407413, -0.0015025344910100102, -0.004828133620321751, 0.006937010679394007, -0.006536549888551235, 0.024156814441084862, -0.015010812319815159, 0.007815440185368061, -0.0007924436358734965, -0.009540004655718803, 0.013305624946951866, -0.00580667844042182, 0.0030405938159674406, -0.01141312625259161, -0.03867673873901367, 0.007292257621884346, 0.001081889495253563, 0.008474262431263924, 0.00244151777587831, 0.006604369729757309, 0.0022348284255713224, -0.005490185227245092, 0.002906568581238389, 0.019080009311437607, -0.007712095510214567, 0.01755567453801632, -0.0015978054143488407, 0.0070791095495224, 0.0024463620502501726, -0.023859698325395584, 0.0029356342274695635, -0.002992150839418173, 0.0211985744535923, 0.02849729172885418, -0.007382684387266636, 0.06924092769622803, -0.008170687593519688, -0.002094344235956669, 0.009830661118030548, -0.006142548285424709, -0.025629475712776184, -0.1168828159570694, -0.01614760421216488, 0.00034071443951688707, 0.032992783933877945, 0.010030891746282578, 0.007014519069343805, -0.019596731290221214, 0.01964840479195118, -0.00861636083573103, -0.0024964194744825363, -0.039245136082172394, -0.009998596273362637, 0.0028435930144041777, 0.004447049926966429, 0.0018198349280282855, 0.013589823618531227, 0.017568591982126236, -0.018847482278943062, -0.021973658353090286, 0.020888540893793106, 0.007498946972191334, 0.006381533108651638, -0.005147856194525957, -0.006081187631934881, -0.029065687209367752, 1.931404767674394e-05, -0.0020345980301499367, 0.033354490995407104, 0.003307029139250517, -0.0024560505989938974, -0.02041057124733925, 0.013318543322384357, 0.009204134345054626, -0.0015477477572858334, 0.00966272596269846, 0.005987531505525112, -0.02218034863471985, -0.008952231146395206, 0.033897049725055695, -0.010767222382128239, -0.0020862703677266836, 0.009972760453820229, 0.011103092692792416, 0.02015220932662487, 0.010198826901614666, -0.013512314297258854, -0.0230458602309227, -0.014377825893461704, 0.003794686868786812, -0.0016922688810154796, -0.010715549811720848, -0.021392345428466797, -0.0021540902089327574, -0.029117358848452568, 0.031080907210707664, 0.005971383769065142, 0.011471257545053959, 0.0001052621882990934, -0.040071893483400345, -0.012084866873919964, -0.0040013762190938, 0.00010208313324255869, 0.006291106343269348, 0.017633182927966118, 0.032269369810819626, -0.00569687457755208, -0.028342273086309433, -0.015307928435504436, 0.013693167828023434, -0.008487180806696415, -0.018627876415848732, 0.008228818885982037, 0.00046868418576195836, 0.008661574684083462, -0.01845994032919407, 0.029349884018301964, 0.010941616259515285, -0.01610885001718998, 0.004107950255274773, -0.03493049740791321, -0.006846583914011717, -0.007808980997651815, 0.010050268843770027, -0.015695471316576004, 0.03828919678926468, 0.016263866797089577, 0.03604144975543022, -0.010915780439972878, 0.007356848102062941, -0.004182229284197092, -0.00569687457755208, 0.0058744982816278934, -0.01669016294181347, 0.0019199501257389784, 0.00029388637631200254, 0.010483024641871452, -0.0019619339145720005, -0.013266870751976967, 0.03854756057262421, 0.041802916675806046, -0.02329130284488201, -0.03658401221036911, -0.03428459167480469, 0.01298267301172018, 0.0026562807615846395, 0.007783145178109407, -0.0007803329499438405, -0.001379005378112197, 0.009042657911777496, 0.006394451018422842, -0.010134235955774784, 0.029608245939016342, -0.010696172714233398, -0.0050832657143473625, -0.0011553610675036907, -0.02336881123483181, -0.05193069204688072, -0.01392569299787283, 0.012091325595974922, 0.009268724359571934, -0.0007867919630371034, 0.00805442500859499, 0.005377152003347874, 0.016845179721713066, -0.023342976346611977, 0.05107809975743294, -0.009068494662642479, -0.014364908449351788, -0.011774832382798195, 0.035266365855932236, 0.004275885410606861, -0.006236204411834478, -0.0011440577218309045, -0.022774580866098404, 0.0026159118860960007, 0.0073891435749828815, -0.020358897745609283, -0.013408970087766647, 0.0065042548812925816, 0.012026735581457615, 0.014636187814176083, 0.08246903866529465, -0.010153613053262234, -0.04629841074347496, 0.014209890738129616, -0.026843776926398277, -0.004204836208373308, -0.003888342995196581, -0.02628829888999462, 0.014455335214734077, 0.012104243971407413, 0.004427672829478979, 0.016302620992064476, 0.019402960315346718, -0.009049116633832455, -0.026133282110095024, -0.021947823464870453, -0.01701311580836773, 0.014261563308537006, -0.016909770667552948, 0.015398355200886726, -0.020320143550634384, 0.023756355047225952, 0.0003655413747765124, -0.005667808931320906, 0.004682804923504591, 0.005457890219986439, 0.001979696098715067, -0.015527535229921341, 0.0005752583965659142, 0.00222998415119946, 0.007602291647344828, -0.022697072476148605, 0.027102138847112656, 0.02383386343717575, -0.012265719473361969, 0.024156814441084862, -0.005745317321270704, 0.001439558807760477, 0.002675657859072089, 0.02528068795800209, 0.001069778692908585, 0.006239434238523245, 0.00042589305667206645, -0.033535342663526535, 0.01610885001718998, 0.01639304682612419, 0.00962397176772356, -0.017129378393292427, -0.004598837345838547, 0.006626976653933525, -0.00890055950731039, -0.008190064691007137, -0.00392709719017148, -0.026029936969280243, 0.004660198464989662, 0.016819344833493233, -0.001439558807760477, -0.0021750822197645903, -0.0018585891230031848, 0.005987531505525112, 0.024906063452363014, 0.02841978147625923, -0.003691342193633318, 0.0070791095495224, -0.014326154254376888, -0.02311045117676258, -0.006333090364933014, -0.015307928435504436, -0.01953214220702648, 0.025590721517801285, 0.01493330392986536, -0.004098261706531048, -0.0055838413536548615, 0.007001601159572601, 0.015514617785811424, -0.009578758850693703, 0.0028952653519809246, -0.0009551307302899659, -0.025254851207137108, -0.014080710709095001, 0.015527535229921341, 0.004841051530092955, 0.018214497715234756, 0.018808728083968163, 0.019958438351750374, -0.018899155780673027, 0.01218821108341217, 0.03722991421818733, -0.03428459167480469, -0.010909320786595345, -0.008978067897260189, -0.007298716809600592, -0.007808980997651815, -0.02333005703985691, 0.005370692815631628, -0.014377825893461704, -0.034620463848114014, 0.019958438351750374, -0.008067342452704906, 0.01900249905884266, 0.07290966063737869, 0.024324750527739525, -0.006071499083191156, 0.02445393055677414, -0.013796512968838215, -0.0265854150056839, 0.003985228482633829, 0.012356146238744259, -0.017181050032377243, -0.005151085555553436, 0.03684237226843834, -0.020307226106524467, 0.030925890430808067, -0.031184252351522446, -0.004934707656502724, 0.023523829877376556, -0.016948524862527847, 0.015243337489664555, -0.015075402334332466, -0.001596997957676649, 0.04368895664811134, 0.010715549811720848, 0.018149906769394875, 0.010612204670906067, -0.02715381048619747, -0.014261563308537006, 0.0020959589164704084, -0.0009688562131486833, -0.021805724129080772, -0.024867309257388115, -0.00866803340613842, 0.010973911732435226, -0.006245892960578203, -0.030822545289993286, -0.002271967940032482, -0.016741834580898285, 0.020759359002113342, -0.029014013707637787, 0.0016954983584582806, -0.0025803870521485806, -0.01824033260345459, 0.03255356848239899, -0.006291106343269348, -0.008390294387936592, -0.02015220932662487, -0.022852089256048203, 0.016819344833493233, -0.009940464980900288, -0.02202533185482025]"
"Las alucinaciones son percepciones en ausencia de un objeto o estímulo externo con total convencimiento de la realidad de dicha percepción. Existen tantos tipos de alucinaciones como sentidos existen. Por lo tanto tendremos alucinaciones visuales, auditivas, olfativas, gustativas y táctiles; siendo las alucinaciones visuales las más frecuentes en pacientes con demencia. En las alucinaciones visuales el paciente ve personas, animales o destellos de luz. Las alucinaciones más frecuentes en casos de pacientes con demencia suele ser la visión de pequeños bichos (refieren ver hormigas por el suelo, techo, en su ropa de dormir, o en su plato de comida) o de personas fallecidas (refieren ver a sus padres, hermanos, o familiares lejanos). Las alucinaciones visuales deben distinguirse de las ilusiones, que son percepciones erróneas de estímulos externos reales (ve una sombra y le parece un ""atacante"", o cuando se ve reflejado en un espejo al pasar delante de él, puede asumir que alguien lo está persiguiendo). Ejemplos de pacientes con alucinaciones visuales: El Sr. GRE con diagnóstico previo de parkinsonismo, algunas noches por la madrugada, se despierta para ir al baño; cuando regresa a intentar reiniciar el sueño, no lo logra, debido a que un extraño perro marrón ingresa a su habitación y se recuesta al lado de la puerta frente a él (ver figura 6). Luego de varias semanas él ha tomado conciencia de que ello no es real; sin embargo, en algunas ocasiones lo ha escuchado ladrar por lo que ha tenido que levantar la voz y ordenar ""silencio"".","[-0.0014387854607775807, 0.021199442446231842, 0.04883694648742676, -0.015197422355413437, -0.018185608088970184, 0.016941599547863007, -0.009195402264595032, -0.009862293489277363, -0.0235592108219862, -0.014466406777501106, -0.009939242154359818, 0.01845492795109749, -0.014928100630640984, 0.013324997387826443, -0.0126260444521904, 0.00897096749395132, 0.04001346603035927, 0.01986565999686718, 0.03680725768208504, -0.004033408593386412, -0.02299491874873638, 0.015684764832258224, -0.010824155993759632, -0.0037416438572108746, -0.010003366507589817, 0.007278090342879295, 0.010202151723206043, -0.02304621785879135, -0.009304413571953773, -0.010554834268987179, 0.02160983718931675, 0.0019092963775619864, 0.006518219131976366, -0.011305086314678192, 0.0059443083591759205, 0.011516696773469448, -0.0015293608885258436, -0.015069173648953438, -0.0007478478364646435, 0.006681735627353191, -0.004238605964928865, 0.014748552814126015, -0.009188990108668804, -0.012728642672300339, 0.00820147804915905, 0.0499911829829216, -0.03929527476429939, 0.003085974371060729, -0.03139518201351166, 0.0248673427850008, 0.020211929455399513, 0.014338159002363682, -0.03234421834349632, -0.014517705887556076, 0.021494412794709206, -0.015081998892128468, -0.0023309127427637577, 0.011491046287119389, 0.0117796054109931, -0.029727952554821968, -0.005691017955541611, 0.009913592599332333, -0.0048285480588674545, 0.0011245771311223507, -0.016826175153255463, 0.013042851351201534, 0.012529857456684113, -0.03103608638048172, 0.012420847080647945, -0.021494412794709206, 0.03588386997580528, 0.007393513806164265, -0.0024222894571721554, -0.03249811753630638, 0.04334792122244835, -0.0076948972418904305, -0.0011261802865192294, -0.011003702878952026, 0.00048333575250580907, 0.013196748681366444, 0.0028086374513804913, -0.02320011518895626, -0.020968595519661903, 0.044014811515808105, 0.01238237228244543, 0.03985956683754921, -0.024931468069553375, 0.01812148280441761, -0.013991888612508774, -0.025457285344600677, -0.02491864189505577, -0.0077718463726341724, 0.015928437933325768, 0.008310489356517792, 0.00041199763654731214, 0.01877554878592491, 0.010413761250674725, 0.008156591095030308, -0.00694464473053813, -0.016390131786465645, -0.027137337252497673, 0.016069510951638222, -0.04460475593805313, -0.004588082432746887, 0.0014788630651310086, -0.005787204019725323, 0.021725259721279144, 0.02098141983151436, 0.010657432489097118, -0.03747415170073509, -0.03970567137002945, 0.013260873034596443, 0.0009498388972133398, -0.0274707842618227, -0.003385754767805338, -0.0033312493469566107, 0.0078103207051754, 0.012747880071401596, -0.0035941582173109055, -0.02729123644530773, -0.0037801184225827456, 0.011946327984333038, 0.008342551067471504, -0.01830103062093258, 0.0003162121865898371, -0.003299187170341611, 0.01960916258394718, -0.005950720515102148, -0.02304621785879135, -0.004014171659946442, -0.007188316434621811, 0.011414097622036934, 0.015889963135123253, 0.007566649001091719, -0.004539989400655031, 0.022866670042276382, -0.016031036153435707, -4.799291491508484e-05, -0.011721893213689327, -0.027958126738667488, 0.01832668110728264, 0.007021593861281872, -0.014094486832618713, -0.0026884046383202076, 0.014107312075793743, 0.04688757285475731, 0.011632120236754417, 0.015351320616900921, -0.01200404018163681, 0.01032398734241724, 0.03578127175569534, -0.015351320616900921, -0.029830552637577057, -0.010644608177244663, 0.008682409301400185, -0.009618621319532394, 0.01814713329076767, 0.00568781141191721, -0.0382692888379097, -0.007137017324566841, -0.0029641385190188885, -0.013555844314396381, -0.0016592122847214341, -0.0047035058960318565, 0.01377386599779129, 0.028009425848722458, -0.005386427976191044, 0.0003867487539537251, -0.007868032902479172, -0.015851488336920738, -0.00849003717303276, 0.02588050439953804, -0.03424229472875595, 0.024123502895236015, 0.00947754830121994, 0.0011870982125401497, 0.011279436759650707, 0.02729123644530773, -0.0497346855700016, -0.01733916811645031, -0.03244681656360626, 0.000444861245341599, 0.013696917332708836, 0.00454960810020566, -0.0429631769657135, -0.0022395357955247164, 0.015248721465468407, 0.005524294916540384, -0.00736786425113678, -0.009535260498523712, -0.012164350599050522, 0.023264240473508835, 0.013914939016103745, -0.01655685342848301, -0.6295452117919922, 0.0005149970529600978, 0.0008171820663847029, -0.013286522589623928, 0.0218663327395916, 0.03762804716825485, 0.014761378057301044, 0.002141746459528804, -0.013517369516193867, -0.06181567534804344, 0.019852835685014725, -0.01973741129040718, 0.00916334055364132, -0.013273698277771473, -0.020365828648209572, -0.01723656989634037, -0.020109331235289574, 0.007739784196019173, 0.01383799035102129, 0.01700572296977043, 0.002550537930801511, -0.003517209319397807, -0.025367511436343193, 0.0009490373195149004, 0.01619775965809822, 0.0037192003801465034, -0.009887943044304848, -0.028984112665057182, 0.006454095244407654, 0.02137899026274681, -0.022045880556106567, -0.0025152696762233973, -0.007104955147951841, 0.031754277646541595, 0.05396687984466553, -0.005261385813355446, 0.01472290325909853, 0.012927427887916565, -0.020340178161859512, 0.02772727981209755, 0.022481925785541534, 0.00018185206863563508, 0.03757674992084503, -0.01864730194211006, 0.004132801201194525, 0.0026242805179208517, 0.007835970260202885, -0.01126019936054945, -0.007028006017208099, 0.010041841305792332, 0.006572724785655737, -0.0024848105385899544, -0.03157472983002663, -0.0019221212714910507, 0.035550426691770554, 0.003172541968524456, 0.02962535433471203, -0.02588050439953804, -0.004068676847964525, -0.0005875374772585928, -0.002124112332239747, 0.013350646942853928, -0.018865322694182396, 0.00434761680662632, 0.0005975568783469498, 0.05550586059689522, -0.024751920253038406, -0.002433511195704341, 0.015120473690330982, -0.004193719010800123, -0.0011438144138082862, 0.018762724474072456, -0.013966239057481289, -0.011811667121946812, 0.013517369516193867, -0.014902451075613499, 0.007124192547053099, -0.004046233370900154, -0.001864409539848566, -0.0022074736189097166, -0.01114477589726448, -0.01968611218035221, -0.045964185148477554, -0.005187643226236105, 0.03095913678407669, -0.011189662851393223, -0.002762147458270192, 0.0007322175661101937, -0.02236650139093399, -0.002819859189912677, -0.00109491974581033, 0.012933840043842793, -0.0004340402956586331, -0.03095913678407669, -0.02926625870168209, 0.028958464041352272, -0.02087882161140442, 0.022635823115706444, 0.015389794483780861, -5.3353291150415316e-05, 0.0018900592112913728, -0.025316212326288223, 0.0036550762597471476, 0.0273425355553627, 0.030779588967561722, 0.006466920021921396, -0.03660206124186516, -0.00040117668686434627, 0.045656390488147736, -0.03506308048963547, 0.004171275533735752, -0.006739447358995676, 0.018185608088970184, -0.005905833560973406, -0.005681399255990982, -0.012100226245820522, 0.015094823203980923, 0.016710752621293068, -0.0008512480417266488, -0.011164013296365738, 0.015941262245178223, -0.0025040479376912117, 0.019416790455579758, -0.009977716952562332, 0.03939787298440933, -0.015069173648953438, -0.008861957117915154, -0.006617611739784479, 0.003015437861904502, 0.003510796930640936, -0.009952067397534847, -0.0009161737398244441, -0.005953926593065262, -0.001739367377012968, -0.008951730094850063, -0.023661809042096138, 0.012677343562245369, -0.014876801520586014, 0.007008769083768129, -0.021725259721279144, -0.037345901131629944, -0.005620481446385384, -0.001463633612729609, -0.011183250695466995, 0.006396383512765169, -0.03847448527812958, -0.022404976189136505, 0.0025072540156543255, -0.022135654464364052, -0.0074255759827792645, -0.004331585951149464, -0.042501483112573624, -0.0002430705790175125, 0.03326760604977608, 0.015825839713215828, 0.012132287956774235, -0.006797159090638161, -0.005142756272107363, -0.020186280831694603, -0.0012247711420059204, 0.015813013538718224, 0.02014780603349209, 0.009926417842507362, -0.003211016533896327, -0.031882524490356445, -0.026701293885707855, 0.01261321920901537, 0.02481604367494583, -0.03942352533340454, -0.023084692656993866, 0.017428942024707794, -0.006149505265057087, 0.019506564363837242, 0.01287612784653902, -0.004344410728663206, 0.017800861969590187, 0.0022924381773918867, 0.0027974157128483057, 0.010497122071683407, 0.010176502168178558, 0.004007759038358927, -0.003211016533896327, 0.00582567835226655, 0.008849131874740124, 0.011914266273379326, 0.002165792975574732, 0.018262555822730064, 0.002842302666977048, 0.010452235117554665, 0.0005506660672836006, 0.033575400710105896, 0.014325333759188652, 0.0008664774941280484, 0.007970631122589111, -0.031959474086761475, 0.014338159002363682, 0.0030747526325285435, -0.005178024526685476, -0.014748552814126015, 0.03406274691224098, 0.025572707876563072, 0.0026980233378708363, 0.00643806392326951, 0.004976033698767424, 0.022020231932401657, -0.020583851262927055, -0.0047804550267755985, -0.012767117470502853, 0.02559835836291313, 0.01472290325909853, 0.005726286210119724, -0.02908671274781227, -0.013094150461256504, -0.0034979721531271935, 0.011946327984333038, 0.02906106226146221, 0.01473572850227356, 0.021135317161679268, -0.0025473316200077534, -0.026803892105817795, -0.00955449789762497, 0.008669584058225155, 0.013914939016103745, -0.007566649001091719, 0.0054729958064854145, 0.022610172629356384, 0.0009113643900491297, 0.004344410728663206, -0.020276054739952087, -0.004918321967124939, -0.008451562374830246, 0.004841372836381197, 0.008560573682188988, 0.03480658680200577, -0.02411067858338356, 0.019878484308719635, 0.0015269562136381865, -0.013761041685938835, 0.035550426691770554, 0.005482614506036043, -0.014120136387646198, 0.03578127175569534, -0.0007490501739084721, 0.007605123333632946, 0.006008432246744633, 0.023751582950353622, 0.007438400760293007, 0.023867007344961166, -0.008207890205085278, 0.014928100630640984, 0.012658106163144112, -0.007451225537806749, -0.03834623843431473, -0.007720546796917915, -0.02780422940850258, -0.028112024068832397, 0.016184933483600616, 0.0007967425044625998, 0.02062232419848442, 0.008861957117915154, 0.01394058857113123, -0.0037576749455183744, 0.007355039473623037, 0.005399252753704786, -0.011927090585231781, -0.007233203388750553, 0.0023341188207268715, -0.001431571552529931, -0.022302377969026566, 0.003185366978868842, -0.016261883080005646, -0.008387438021600246, -0.0015429871855303645, -0.005011301953345537, 0.03590952232480049, 0.004661825485527515, -0.035704322159290314, 0.0020086888689547777, 0.03657641261816025, 0.020391477271914482, -0.025354687124490738, -0.033601053059101105, 0.013094150461256504, 0.019557863473892212, 0.01978871040046215, 0.0005017714574933052, -0.01382516510784626, 0.010067490860819817, -0.008778595365583897, -0.00037532663554884493, -0.03247246518731117, 0.0014243575278669596, -0.011689831502735615, 0.0016511967405676842, 0.015954086557030678, 0.008817070163786411, 0.031677328050136566, 0.01025986298918724, -0.017621314153075218, 0.004046233370900154, -0.011029352433979511, -0.016043860465288162, -0.010170089080929756, 0.006220041774213314, -0.0004813318664673716, 0.015171772800385952, -0.03637121617794037, -0.017929110676050186, -0.005206880625337362, -0.02934320829808712, -0.01031116209924221, 0.003728819079697132, -0.006239279173314571, -0.002826271578669548, 0.012786353938281536, 0.008445150218904018, -0.006258516572415829, 0.0037256127689033747, 0.028830215334892273, 0.0006236073095351458, 0.00041119608795270324, -0.02729123644530773, 0.015684764832258224, -0.0022715977393090725, 0.005979576613754034, -0.009092804044485092, -0.015415444038808346, 0.019570689648389816, 0.023700283840298653, -0.003943634685128927, -0.03572997450828552, -0.023815706372261047, 0.00821430329233408, 0.0038346238434314728, -0.022199777886271477, 0.013594318181276321, 0.047426216304302216, 0.013094150461256504, 0.00955449789762497, 0.01564629189670086, -0.003063530893996358, -0.020173456519842148, -0.0070023564621806145, 0.002840699627995491, -0.01383799035102129, -0.010695907287299633, 0.012792767025530338, 0.033831898123025894, -0.01916029490530491, -0.02335401251912117, 0.02087882161140442, 0.01739046722650528, 0.02211000584065914, -0.029009763151407242, -0.004257843364030123, -0.01885249838232994, 0.003219031961634755, 0.03278026357293129, 0.006886932998895645, -0.01120890025049448, -5.3703970479546115e-05, 0.008015518076717854, 0.012286186218261719, 0.000845637172460556, -0.012138700112700462, 0.013581493869423866, 0.01781368814408779, -0.023777233436703682, -0.0019958640914410353, -0.0036005706060677767, 0.011843729764223099, 0.011138363741338253, -0.014350983314216137, 0.006341877859085798, 0.013414771296083927, -0.004228987265378237, 0.010343224741518497, -0.02942015789449215, 0.01832668110728264, 0.0013281713472679257, 0.026316549628973007, 0.009894355200231075, -0.02593180350959301, 0.011010115966200829, 0.0017746357480064034, -0.008047579787671566, -0.01540261972695589, -0.011458984576165676, -0.019596338272094727, -0.02004520781338215, 0.005437727551907301, -0.006293784826993942, -0.03139518201351166, 7.334198744501919e-05, -0.01546674408018589, 0.0017666202038526535, -0.031805574893951416, -0.01968611218035221, 0.005777585320174694, 0.010740794241428375, -0.007528174668550491, -0.019955433905124664, 0.013171099126338959, 0.03324195742607117, -0.017198095098137856, 0.005658955778926611, -0.021417465060949326, -0.014158611185848713, 0.0037865308113396168, -0.003953253384679556, 0.019314192235469818, -0.019429616630077362, -0.013094150461256504, 0.008111704140901566, 0.015364144928753376, -0.0173135194927454, 0.02585485577583313, 0.019442440941929817, 0.004200131632387638, 0.005549944471567869, 0.012254123575985432, -0.008669584058225155, 0.011016528122127056, -0.03275461122393608, 0.014799852855503559, -0.043681368231773376, -0.006543869152665138, -0.03283156082034111, 0.002959329169243574, -0.03283156082034111, -0.018467754125595093, 0.015492393635213375, -0.011029352433979511, -0.013543019071221352, 0.0012592378770932555, -0.019339842721819878, 0.004591288510710001, 0.011657769791781902, -0.0252520889043808, 0.013081325218081474, -0.01395341381430626, 0.01973741129040718, 0.017595665529370308, -0.02059667557477951, 0.007464050315320492, -0.002920854836702347, 0.03390884771943092, 0.017300693318247795, -0.01744176633656025, 0.0217380840331316, 0.027137337252497673, -0.028060724958777428, -0.014094486832618713, -0.003360105212777853, 0.003517209319397807, 0.045605093240737915, -0.013312172144651413, -0.030189646407961845, -0.03455008938908577, 0.010862629860639572, 0.005925070960074663, 0.018108658492565155, -0.018288206309080124, -0.001345003955066204, 0.0023485468700528145, 0.0005218102014623582, -0.00870805885642767, 0.0002488818427082151, 0.019314192235469818, -0.031754277646541595, -0.005524294916540384, 0.029727952554821968, -0.008765770122408867, 0.0273425355553627, 0.019044870510697365, 0.015941262245178223, -0.00691258255392313, -0.010798505507409573, -0.001191907562315464, -0.004020583815872669, -0.00915051531046629, -0.02350791171193123, 0.0032158258836716413, -0.004979239776730537, 0.029753603041172028, -0.0004941566730849445, 0.012773529626429081, -0.0038987479638308287, -0.011638532392680645, 0.024123502895236015, -0.023469436913728714, -0.002007085829973221, -0.035447828471660614, 0.03678160905838013, 0.0024126709904521704, 0.007592298556119204, 0.016877474263310432, -0.004427772015333176, 0.02145593799650669, 0.03588386997580528, -0.019724586978554726, -0.005258179735392332, -0.02093012072145939, -0.026803892105817795, -0.007047243416309357, -0.004520752001553774, 0.009240289218723774, 0.013530194759368896, -0.006191186141222715, 0.0024527485948055983, 0.02507254108786583, 0.005117106717079878, -0.0028054313734173775, -0.020276054739952087, 0.01655685342848301, -0.024405648931860924, 0.03506308048963547, 0.005399252753704786, 0.0031597171910107136, -0.00864393450319767, -0.014697253704071045, -0.03919267654418945, -0.024610847234725952, -0.0006123855710029602, 0.014363808557391167, -0.002367784036323428, 0.0155565170571208, -0.011471809819340706, -0.0010516359470784664, 0.013427595607936382, 0.001278475159779191, 0.008451562374830246, -0.018506228923797607, -0.009368537925183773, -0.0343705415725708, -0.027239937335252762, -0.003825005143880844, -0.017980409786105156, -0.02166113629937172, 0.025354687124490738, -0.016005385667085648, 0.033780600875616074, 0.0018772343173623085, -0.020737748593091965, -0.012363134883344173, 0.001991054741665721, 0.03390884771943092, -0.010727968998253345, 0.00010460251360200346, 0.025008415803313255, -0.027983777225017548, -0.03662770986557007, 0.01632600650191307, 0.026701293885707855, -1.9362485545570962e-05, 0.015094823203980923, -0.0015726446872577071, -0.007624360732734203, -0.004488690290600061, 0.015492393635213375, 0.01708267256617546, -0.02337966300547123, -0.04786226153373718, 0.0157488901168108, 0.025213614106178284, 0.006450888700783253, 0.009913592599332333, -0.008361788466572762, 0.00019998717471025884, 0.014979399740695953, -0.007021593861281872, -0.022481925785541534, -0.002731688553467393, -0.025944629684090614, -0.03147213160991669, -0.0008680805913172662, -0.024777568876743317, 0.014081662520766258, -0.02400808036327362, 0.0032623158767819405, -0.030087048187851906, -0.002566568786278367, -0.042244985699653625, 0.024610847234725952, 0.002518475754186511, 0.011330735869705677, -0.044117409735918045, 0.016005385667085648, 0.004463040269911289, -0.004761217627674341, 0.003472322365269065, 0.010708732530474663, 0.011131951585412025, 0.02418762631714344, -0.004414947237819433, -0.015415444038808346, 0.0070793055929243565, -0.011587233282625675, 0.010054665617644787, -0.003369723679497838, 0.0024623670615255833, -0.008637522347271442, -0.012414433993399143, -0.01721092127263546, -0.001298513961955905, 0.025059714913368225, -0.0007486494141630828, -0.011349973268806934, -0.010304749943315983, -0.021237917244434357, -0.020968595519661903, 0.009182577021420002, 0.006095000077039003, 0.06263646483421326, 0.030163997784256935, -0.01266451831907034, -0.0011798843042925, 0.024777568876743317, -0.015889963135123253, 0.01382516510784626, 0.012286186218261719, 0.0012175572337582707, -0.054274674504995346, 0.005562769714742899, -0.02931755967438221, -0.01708267256617546, -0.030523093417286873, -0.01238237228244543, -0.001857997034676373, -0.01238237228244543, 0.022930793464183807, -0.005238942801952362, -0.0429631769657135, 0.00736786425113678, 0.01114477589726448, 0.009272350929677486, 0.0012856890680268407, 0.0015606213128194213, 0.01003542821854353, 0.0054441397078335285, 0.00691258255392313, -0.011317911557853222, -0.035370878875255585, 0.005841709673404694, -0.01127302460372448, -0.0062488978728652, 0.010516359470784664, -0.02160983718931675, -0.0029000143986195326, 0.02782987803220749, -0.00941342394798994, 0.006842046044766903, -0.033421505242586136, -0.019416790455579758, -0.03272896260023117, 0.005800028797239065, -0.004200131632387638, -0.01467160414904356, -0.009073566645383835, -0.00813735369592905, -0.009381362237036228, 0.02103271894156933, -0.0009017458069138229, -0.012273360975086689, 0.0007554625626653433, 0.017403293401002884, -0.005094663240015507, 0.0273425355553627, 0.002992994384840131, 0.0028054313734173775, -0.012850478291511536, -0.006473332177847624, -0.0045592267997562885, -0.0038474486209452152, -0.020865997299551964, 0.03765369579195976, 0.02234085276722908, 0.01545391883701086, 0.018083008006215096, 0.016043860465288162, -0.003597364528104663, 0.016659453511238098, 0.02228955179452896, 0.01984000951051712, -0.0015413841465488076, -0.02387983165681362, -0.018429279327392578, 0.008175828494131565, 0.019339842721819878, 0.028317222371697426, -0.04103945195674896, -0.012754292227327824, 0.02337966300547123, -0.02269994653761387, -0.01222206186503172, -0.015223071910440922, -0.0380127914249897, 0.0034594975877553225, 5.507537480298197e-06, -0.01468442939221859, 0.0007562641403637826, 0.007310152519494295, -0.003982109483331442, -0.03449878841638565, 0.0164029560983181, 0.002324500121176243, -0.03673030808568001, -0.02143028937280178, 0.01817278191447258, 0.014517705887556076, -0.027111688628792763, -0.026496095582842827, 0.008156591095030308, -0.019314192235469818, 0.017826512455940247, 0.017685439437627792, 0.019878484308719635, 0.03239551931619644, -0.018531877547502518, -0.014145785942673683, -0.0020904471166431904, -0.023905480280518532, 0.004251430742442608, 0.01650555431842804, 0.013042851351201534, 0.010798505507409573, -0.005206880625337362, 0.012183587066829205, -0.009637858718633652, 0.01781368814408779, 0.002502444665879011, 0.02160983718931675, 0.019442440941929817, -0.003353692824020982, 0.010727968998253345, 0.006752272602170706, 0.017146795988082886, -0.022661471739411354, 0.0005562769365496933, 0.007387101650238037, 0.0033729299902915955, -0.05376168340444565, 0.026367848739027977, 0.008714471012353897, -0.007996280677616596, 0.019352667033672333, -0.023572035133838654, 0.005691017955541611, -0.016018211841583252, -0.026419147849082947, 0.004594495054334402, -0.026983439922332764, -0.011240962892770767, -0.0059154522605240345, -0.006668910849839449, 0.03778194636106491, -0.018031708896160126, 0.01120890025049448, -0.014645954594016075, 0.02916366048157215, 0.17616185545921326, -0.042552780359983444, -0.012286186218261719, 0.025790730491280556, -0.002409464679658413, 0.030779588967561722, 0.03226726874709129, 0.004068676847964525, 0.012529857456684113, 0.02267429791390896, 0.004677856341004372, -0.0240850280970335, -0.014004712924361229, 0.016723576933145523, 0.015261546708643436, -0.012273360975086689, -0.018134307116270065, 0.0018227287800982594, -0.012799179181456566, -0.040475159883499146, -7.649810140719637e-05, -0.02481604367494583, -0.00024868143373169005, -0.01038811169564724, 0.059199411422014236, -0.009855881333351135, -0.00782314594835043, -0.03106173500418663, 0.03839753940701485, 0.020314529538154602, -0.02216130495071411, -0.016646627336740494, -0.01864730194211006, -0.012529857456684113, 0.0008608666248619556, -0.010458648204803467, -0.015415444038808346, 0.0028551274444907904, 0.0029368859250098467, 0.05229965224862099, 0.020660798996686935, 0.003061927855014801, -0.01695442385971546, -0.009990541264414787, 0.002093653427436948, 0.04106510058045387, 0.0024030522909015417, -0.013440420851111412, 0.026957789435982704, -0.008066817186772823, -0.029651004821062088, -0.03275461122393608, -0.004479071591049433, 0.02009650692343712, 0.022225428372621536, 0.003252697177231312, 0.029830552637577057, 0.0226486474275589, -0.021250741556286812, 0.022853845730423927, -0.012908190488815308, 0.01551804319024086, -0.014350983314216137, 0.023315539583563805, 0.010073903016746044, 0.011183250695466995, -0.003203001106157899, -0.005671780556440353, 0.003642251482233405, -0.006694560870528221, 0.02246909961104393, 0.00280222506262362, -0.024046553298830986, -0.008092466741800308, 0.00470671197399497, -0.017544366419315338, 0.0248673427850008, 0.020365828648209572, 0.014748552814126015, 0.022058704867959023, 0.007213966455310583, 0.010009778663516045, -0.011580820195376873, 0.0001532967871753499, -0.017480241134762764, -0.022892318665981293, 0.021173791959881783, 0.006245691794902086, 0.009810994379222393, -0.009336475282907486, -0.022430624812841415, -0.014197085984051228, 0.011067827232182026, -0.006373940035700798, 0.02924061007797718, 0.016159284859895706, 0.03108738549053669, 0.002165792975574732, -0.0058192661963403225, -0.0005322304205037653, 0.0012191602727398276, 0.030779588967561722, 0.02572660706937313, 0.019429616630077362, -0.000932204769924283, 0.01299155130982399, -0.005258179735392332, -0.005094663240015507, 0.01556934230029583, -0.0061366804875433445, 0.008740120567381382, -0.019070520997047424, -0.0025874092243611813, -0.016838999465107918, -0.001771429437212646, 0.012856891378760338, -0.003150098491460085, -0.0028214624617248774, -0.005822472274303436, -0.007784671150147915, -0.0048574041575193405, -0.012286186218261719, -0.0013353852555155754, -0.014543356373906136, -0.0026547396555542946, -0.007964218966662884, -0.007194729056209326, 0.023687459528446198, 0.007720546796917915, -0.010003366507589817, 0.01370974164456129, -0.0026868015993386507, 0.025547059252858162, 0.03319065645337105, 0.00898379273712635, -0.012029689736664295, 0.01122172549366951, 0.012690167874097824, -0.002622677478939295, -0.023969605565071106, -0.011196075938642025, -0.01043941080570221, 0.03580692037940025, 0.00772695941850543, -0.01791628636419773, -0.027034739032387733, 0.008823482319712639, -0.020558200776576996, -0.011119126342236996, 0.0059635452926158905, -0.008329726755619049, 0.013466070406138897, 0.0076948972418904305, -0.009060741402208805, 0.006325847003608942, -0.009721220470964909, -0.010907516814768314, -0.006700973026454449, -0.017223745584487915, -0.0005871367175132036, -0.03262636438012123, -0.014376632869243622, 0.02317446656525135, 0.013312172144651413, -0.005033745430409908, 0.016762051731348038, -0.15810449421405792, 0.006668910849839449, -0.009483961388468742, -0.037140704691410065, 0.008419499732553959, 0.005290241912007332, 0.004350823350250721, 0.015197422355413437, -0.033626701682806015, -0.011971977539360523, -0.003029865911230445, -0.005514676216989756, -0.022084355354309082, -0.03457573801279068, 0.0025697750970721245, 0.00046129306429065764, 0.004501515068113804, 0.029651004821062088, 0.044271308928728104, 0.011369210667908192, 0.03080523945391178, -0.041911542415618896, 0.03503743186593056, -0.012792767025530338, 0.0023277064319700003, -0.01960916258394718, 0.008111704140901566, 0.01926289312541485, 0.0051748184487223625, -0.031933825463056564, 0.01071514468640089, -0.013299347832798958, 0.01963481307029724, -0.020173456519842148, 0.008797832764685154, 0.007611535955220461, -0.001445197849534452, -0.003879510797560215, -0.02403372898697853, 0.023187290877103806, 0.0009378156391903758, 0.03319065645337105, 0.006316228304058313, 0.01261321920901537, 0.002534506842494011, 0.020789047703146935, 0.02411067858338356, 0.009618621319532394, -0.010125202126801014, -0.0020680036395788193, 0.0017329549882560968, -0.0257779061794281, 0.007008769083768129, 0.0013514163438230753, 0.015428269281983376, 0.011786017566919327, 0.025470109656453133, 0.00018235303286928684, 0.016864649951457977, -0.033524103462696075, -0.007752608973532915, -0.044399555772542953, 0.017198095098137856, 0.006784334313124418, 0.011029352433979511, 0.005803234875202179, 0.01635165698826313, -0.010978053323924541, -0.007444813381880522, -0.00036791228922083974, -0.017736738547682762, -0.03131823241710663, -0.00524535495787859, -0.01544109359383583, 0.019403966143727303, 0.008701646700501442, -0.02765033021569252, -0.010227801278233528, -0.028419820591807365, -0.007835970260202885, -0.01882684789597988, 0.018531877547502518, -0.027239937335252762, -0.020814696326851845, -0.026226775720715523, 0.013927764259278774, -0.006409208290278912, 0.012145113199949265, 0.006316228304058313, -0.004536783322691917, 0.011978390626609325, -0.02744513377547264, 0.006043700501322746, -0.012183587066829205, 0.0028503183275461197, 0.012747880071401596, -0.006373940035700798, -0.008393850177526474, 0.017826512455940247, -0.04455345496535301, 0.004033408593386412, 0.016492730006575584, 0.018685774877667427, 0.03416534513235092, -0.004171275533735752, -0.003796149278059602, -0.007374276407063007, 0.004373266827315092, 0.014774203300476074, -0.01299155130982399, 0.016287533566355705, -0.0005089854239486158, 0.007893682457506657, 0.008053992874920368, -0.025944629684090614, 0.012517033144831657, -0.011266612447798252, 0.014350983314216137, 0.03172862529754639, -0.006123855710029602, 0.054172076284885406, -0.0064829508773982525, -0.009041504003107548, -0.01372256688773632, -0.02767598070204258, -0.024303050711750984, -0.11162731051445007, -0.026316549628973007, 0.006021257024258375, 0.011895028874278069, 0.011016528122127056, -0.003142083063721657, -0.0023116753436625004, 0.004844578914344311, -0.009823818691074848, 0.013517369516193867, -0.025508584454655647, -0.02593180350959301, 0.014274034649133682, -0.021956106647849083, 0.030651340261101723, 0.0017265425994992256, 0.02509818971157074, -0.0165312048047781, -0.02075057290494442, 0.02593180350959301, -0.008464386686682701, 0.030651340261101723, -0.006091793533414602, -0.011029352433979511, -0.025739431381225586, -0.017826512455940247, 0.0028855865821242332, 0.028317222371697426, -0.0011478221276775002, 0.004078295547515154, 0.0010788887739181519, -0.006752272602170706, 0.01645425520837307, 0.005909040104597807, 0.018031708896160126, 0.01373539213091135, -0.019391141831874847, 0.0020824316889047623, 0.017351994290947914, -0.00580644141882658, 0.008682409301400185, 0.010509947314858437, 0.01088186725974083, 0.0033120119478553534, 0.024328701198101044, -0.01043941080570221, -0.019070520997047424, 0.0039917281828820705, -0.008868369273841381, -0.003440260421484709, -0.009060741402208805, -0.00694464473053813, 0.00024186825612559915, -0.02221260406076908, 0.014363808557391167, 0.012921014800667763, -0.002747719641774893, 0.011240962892770767, -0.043886564671993256, 0.0063130222260952, -0.008381025865674019, -0.00033284438541159034, -0.00983023177832365, 0.033703651279211044, 0.02777857892215252, -0.016184933483600616, -0.052735697478055954, -0.015325670130550861, 0.015877138823270798, 0.00018385594012215734, -0.02218695357441902, 0.01132432371377945, -0.001755398465320468, 0.016544029116630554, -0.01222206186503172, 0.02782987803220749, 0.01032398734241724, -0.0047323619946837425, -0.009381362237036228, -0.020211929455399513, -0.022802546620368958, -0.00409432640299201, -0.0038442425429821014, 0.00981740653514862, 0.040654707700014114, 0.025611182674765587, 0.013248047791421413, -0.02236650139093399, 0.015684764832258224, -0.02398242987692356, -0.002367784036323428, -0.013927764259278774, 0.013684092089533806, -0.005844915751367807, -0.01668510213494301, 0.008663171902298927, -0.0032398723997175694, -0.008015518076717854, 0.031702976673841476, 0.043963514268398285, -0.023546386510133743, -0.02241780050098896, -0.03816669061779976, 0.007714134640991688, -0.009875117801129818, 0.022379325702786446, 0.0033985795453190804, 0.011125539429485798, 0.01049070991575718, 0.01630035787820816, -0.004392503760755062, 0.005716667510569096, -0.03829493746161461, -0.008586223237216473, -0.0007975440239533782, -0.009823818691074848, -0.04103945195674896, -0.006329053081572056, 0.012542682699859142, 0.010176502168178558, -0.0040590581484138966, 0.021084018051624298, 0.0077654337510466576, 0.011465396732091904, -0.005254973657429218, 0.03601212054491043, -0.012491383589804173, -0.007053656037896872, -0.019750235602259636, 0.012491383589804173, -0.01668510213494301, -0.016492730006575584, 0.014235559850931168, -0.01739046722650528, -0.007322977297008038, 0.010285512544214725, -0.02759903110563755, -0.021879158914089203, -0.011683419346809387, 0.0004324371984694153, 0.02926625870168209, 0.061405282467603683, -0.024431299418210983, -0.035293929278850555, 0.017685439437627792, -0.03690985590219498, -0.01468442939221859, -0.003950047306716442, -0.025765081867575645, 0.012427259236574173, 0.00036751150037162006, -0.006354702636599541, 0.024174802005290985, 0.016774876043200493, -0.0012696580961346626, -0.018339505419135094, -0.02051972597837448, -0.019339842721819878, -0.0012448099441826344, -0.014761378057301044, 0.021545711904764175, -0.014325333759188652, 0.03919267654418945, 0.013555844314396381, -0.0039147790521383286, 0.02358485944569111, -0.01728786900639534, 0.0024896198883652687, -0.029753603041172028, 0.0023501499090343714, 0.023700283840298653, -0.013273698277771473, -0.018788374960422516, 0.007060068193823099, 0.015107648447155952, -0.0007686881581321359, 0.033498454838991165, -0.005165199749171734, -0.002598630962893367, -0.006957469508051872, 0.00976610742509365, 0.023110341280698776, 0.0012303820112720132, 0.016787700355052948, -0.033601053059101105, 0.021199442446231842, 0.03968001902103424, 0.028265923261642456, -0.02479039505124092, 0.018442103639245033, 0.00273329159244895, -0.013401946052908897, 0.00448548374697566, -0.005498645361512899, -0.004883053712546825, 0.008945317938923836, 0.003315218258649111, 0.004700299818068743, 0.004081501625478268, -0.0034210230223834515, 0.008733708411455154, 0.03498613461852074, 0.01109347678720951, 0.00994565524160862, -0.0003015838738065213, -0.026983439922332764, -0.012465734034776688, 0.012266948819160461, -0.04011606425046921, -0.020891645923256874, 0.00976610742509365, 0.005008095875382423, 0.007566649001091719, -0.001616730005480349, -0.012632456608116627, 0.0037865308113396168, -0.018236907199025154, -0.008073229342699051, 0.009285176172852516, 4.4461077777668834e-05, -0.021699611097574234, 0.009727632626891136, 0.005405665375292301, 0.03767934814095497, 8.015517960302532e-05, 0.014363808557391167, 0.001413135789334774, 0.01382516510784626, 0.03606341779232025, -0.02135333977639675, 0.011888616718351841, 0.004976033698767424, -0.012965901754796505, -0.020224755629897118, -0.032062072306871414, -0.007297327741980553, -0.01176678016781807, -0.04539989307522774, 0.02788117714226246, -0.021019894629716873, 0.0170570220798254, 0.0929543599486351, 0.021853508427739143, -0.003118036547675729, 0.029779253527522087, -0.02332836389541626, -0.007380689028650522, 0.01472290325909853, 0.02211000584065914, 0.0032174289226531982, 0.006383558735251427, 0.035268280655145645, -0.021981757134199142, 0.04132159799337387, -0.04137289896607399, -0.01066384557634592, 0.009753282181918621, -0.026124175637960434, 0.007739784196019173, -0.001483672414906323, -0.007630773354321718, 0.04288622736930847, -0.010836980305612087, 0.022725597023963928, -0.005681399255990982, -0.029984449967741966, -0.011875791475176811, 0.021263565868139267, 0.018685774877667427, -0.021968930959701538, -0.01619775965809822, 0.003321630647405982, 0.014761378057301044, -0.010567658580839634, -0.02150723710656166, -0.002146555809304118, -0.018596000969409943, -0.0005402459064498544, -0.02135333977639675, 0.0003438657149672508, 0.010574071668088436, -0.019981082528829575, 0.027060389518737793, -0.005485820583999157, -0.017954761162400246, -0.004026996437460184, -0.004475865047425032, -0.006643261294811964, 0.00042842942639254034, 0.006835633888840675]"
"El síndrome de falso reconocimiento delirante es un trastorno en el cual los pacientes continuamente identifican de forma errónea a personas, lugares, objetos o sucesos. La forma más frecuente de falso reconocimiento es el síndrome de Capgras (15); el cual consiste en la idea delirante de que una persona, generalmente cercana y afectivamente significativa para el paciente ha sido reemplazada por un ""doble"" o impostor. Pertenecen también a esta categoría el síndrome de Frégoli, que consiste en la sobre-identificación delirante de familiares en el cuerpo de otras personas extrañas; el de intermetamorfosis en el que el paciente intercambia la identidad de personas cercanas; el de los dobles subjetivo o delirio de dobles del propio sujeto, en que cree que otras personas se han transformado en él mismo; y la paramnesia reduplicativa, o creencia de que un lugar o espacio físico ha sido duplicado. Ejemplos de pacientes con falsas identificaciones: Una mañana de diciembre, la Sra. SAQ despertó asustada y ansiosa, acusando a la persona que se encontraba en su cama: qué haces en mi cama?, de dónde has salido?, qué quieres de mi?, y luego llamaba a sus hijos para que ayuden a expulsar al intruso (ver figura 17). Varios minutos después, con la ayuda de los hijos, reconoció que aquel intruso era su esposo. Éste es un caso típico de síndrome de Capgras. Otro ejemplo: La Sra. CBA desde finales de 2013, ha presentado episodios de varios días de duración, caracterizado por episodios en los cuales no reconocía a su esposo RBC (pero, sí lograba reconocer a los hijos). Repetía con inquietud y angustia ""el salió y no ha vuelto ... viene un señor diciendo que era él"", los fines de semana, se va a la calle, ""yo miro por la ventana, estaba sentado en el auto, pero no era mi marido"", ""yo le dije ¿dónde está RBC? Usted es otro"". Con frecuencia, acusaba ""ese señor usa su ropa"" (ver figura 18). Los hijos intentaban convencerla mostrándole fotos, sin encontrar buenos resultados. Éste es también un caso de síndrome de Capgras. En el síndrome de Capgras, los pacientes no logran identificar a la otra persona a quien acusan de impostores, pues están suplantando a la persona que ellos conocieron.","[-0.024489138275384903, 0.011120266281068325, 0.027913741767406464, -0.021568534895777702, -0.03618447855114937, 0.017588241025805473, -0.021452227607369423, 0.010687344707548618, -0.018622083589434624, 0.012974720448255539, 0.002395606366917491, 0.0029076815117150545, -0.01681286096572876, 0.02171068824827671, -0.01368548721075058, -0.006167515181005001, 0.026143286377191544, -0.0036022942513227463, 0.015766095370054245, -0.021684842184185982, -0.011294727213680744, 0.002306760521605611, -0.024527907371520996, -0.023028837516903877, -0.009181811474263668, -0.0020709154196083546, 0.013879332691431046, -0.01054519135504961, 0.013116873800754547, -0.007391972467303276, 0.016153786331415176, -0.026569746434688568, 0.013284873217344284, 0.0070688966661691666, -0.005598902236670256, -0.01642517000436783, 0.00894919689744711, -0.032230034470558167, -0.0004825943324249238, 0.008270738646388054, 0.008283661678433418, 0.009407964535057545, 0.0006659398204647005, -0.015921171754598618, -0.012696875259280205, 0.009621194563806057, -0.03721832111477852, -0.027913741767406464, -0.04114692285656929, 0.034556176513433456, 0.027526050806045532, 0.009963654913008213, -0.05182134360074997, -0.00040949846152216196, 0.006057669408619404, -0.021154997870326042, 0.0025749134365469217, -0.0036378325894474983, 0.015791941434144974, -0.024670060724020004, -0.0045036752708256245, -0.025548826903104782, -0.008626121096313, 0.027422666549682617, 0.006571359932422638, 0.0014982635620981455, 0.01851869933307171, -0.04013892635703087, 0.008057508617639542, -0.0023002990055829287, 0.03137711435556412, 0.015081174671649933, -0.015791941434144974, -0.01970761828124523, 0.04574752226471901, -0.024760521948337555, 0.001632340019568801, -0.014060255140066147, -0.013918101787567139, -0.004468136932700872, 0.0050205965526402, -0.04321460798382759, -0.048771508038043976, 0.015481787733733654, 0.01766577921807766, 0.0056602866388857365, 0.002133915200829506, 0.030033119022846222, 0.006816897541284561, -0.007379049435257912, -0.0015160327311605215, 0.012690413743257523, 0.008393507450819016, 0.013414103537797928, -0.005440595094114542, 0.03292787820100784, 0.008063970133662224, -0.004199984483420849, -0.011036266572773457, -0.015611018054187298, -0.018208546563982964, 0.014073178172111511, -0.034607868641614914, -0.005343672353774309, 0.015326712280511856, -0.002395606366917491, 0.004510136786848307, 0.009737501852214336, 0.004787981975823641, -0.023907603695988655, -0.022020841017365456, 0.025820210576057434, 0.0025894518475979567, -0.006228899583220482, 0.003135449718683958, 0.0034762946888804436, 0.0026863745879381895, 0.020224539563059807, -0.013136258348822594, -0.028689123690128326, 0.010480576194822788, -0.010706729255616665, -0.021490996703505516, -0.014874406158924103, 0.004109523259103298, -0.01439625397324562, 0.0011630725348368287, -0.0271383598446846, -0.011462726630270481, 0.00317098805680871, -0.00014861482486594468, 0.014034409075975418, 0.010590421967208385, 0.0006623052177019417, 0.009504887275397778, -0.0009522656910121441, -0.024502061307430267, -0.0006154592265374959, -0.019991924986243248, -0.037735242396593094, 0.021516842767596245, -0.0017009936273097992, -0.03173895925283432, -0.007605202496051788, 0.0022744529414922, 0.012942412868142128, -0.004636136349290609, 0.026647284626960754, 0.003128988202661276, 0.011062112636864185, 0.022899607196450233, -0.013297796249389648, -0.017704548314213753, 0.0027929896023124456, 0.02551005780696869, 0.010784267447888851, 0.02392052672803402, 0.011992570012807846, -0.01001534704118967, -0.03964785113930702, -0.012341491878032684, -0.006477667950093746, -0.01515871286392212, 0.004523059818893671, 0.004926904570311308, 0.01925531215965748, -0.032074958086013794, 0.015766095370054245, 0.006616590544581413, -0.008929812349379063, -0.0034052180126309395, 0.02357160486280918, -0.037476781755685806, 0.026879899203777313, 0.016761168837547302, -0.018738390877842903, -0.003382602706551552, 0.014344561845064163, -0.027887895703315735, -0.03305710852146149, -0.03445279225707054, 0.037114936858415604, 0.02005654014647007, 0.03396172076463699, -0.01826023869216442, -0.006497052498161793, 0.01660609245300293, 0.009595348499715328, -0.006959050893783569, -0.0014288023812696338, -0.019746387377381325, 0.01773039437830448, 0.03737339749932289, -0.003589371219277382, -0.6198918223381042, 0.00021948956418782473, 0.00016022536146920174, -0.019009774550795555, 0.017833778634667397, 0.03551248088479042, 0.009278734214603901, 0.011423957534134388, -0.02180114947259426, -0.04946935176849365, 0.003020757809281349, -0.02141345851123333, 0.002019223291426897, -0.006358129903674126, -0.03941523656249046, -0.016528554260730743, 0.00514013459905982, 0.02654390037059784, 0.04298199340701103, 0.022550685331225395, -0.010622729547321796, 0.008335353806614876, -0.003912447020411491, 0.014344561845064163, -0.013866409659385681, 0.011624264530837536, 0.009692271240055561, -0.025135289877653122, 0.005036750342696905, 0.0288442000746727, -0.03129957616329193, 0.013375334441661835, 0.019927309826016426, 0.01946208067238331, 0.059394240379333496, -0.021258382126688957, 0.01101688202470541, 0.02923189103603363, -0.015623941086232662, 0.03951862081885338, 0.01757531799376011, -0.004426137078553438, 0.04344722256064415, -0.007004281505942345, 0.0027283744420856237, 0.015856556594371796, 0.0006509975646622479, -0.032281726598739624, -0.021956225857138634, 0.020547615364193916, 0.017355626448988914, -0.014951944351196289, -0.028947584331035614, 0.003657217137515545, 0.021788226440548897, -0.0007277280674315989, 0.03527986630797386, -0.02545836567878723, 0.01619255542755127, 0.0047072130255401134, -0.02622082456946373, 0.00534690311178565, 0.0007313626701943576, 0.009298118762671947, 0.007973508909344673, 0.03396172076463699, -0.011236573569476604, -0.012612875550985336, 0.03235926479101181, 0.004781520459800959, 0.009059042669832706, 0.017097165808081627, -0.002033761702477932, 0.014486715197563171, 0.016955014318227768, 0.016761168837547302, 0.025018982589244843, 0.007366126403212547, 0.007857201620936394, -0.002744528232142329, 0.0011210726806893945, 0.0005431710160337389, -0.05104596167802811, 0.0174331646412611, 0.02654390037059784, -0.024372830986976624, -0.02541959658265114, 0.024967290461063385, -0.009446733631193638, 0.01086826715618372, 0.0023826833348721266, 0.002773605054244399, -0.01071965228766203, -0.0062482841312885284, -0.0007624586578458548, 0.0021694533061236143, -0.011585495434701443, 0.011184881441295147, 0.01265164464712143, -0.005350133869796991, 0.009472579695284367, -0.030834345147013664, -0.007055973634123802, -0.0009668040438555181, 0.01722639612853527, 0.002531298203393817, -0.034142643213272095, 0.018764236941933632, 0.05223488062620163, -0.02737097442150116, 0.0022195300552994013, -0.008871658705174923, 0.004797674249857664, -0.00317098805680871, -0.03176480531692505, -0.01247718371450901, -0.005188595969229937, 0.019953155890107155, 0.01546886470168829, -0.006467975676059723, 0.025445442646741867, 0.005637671332806349, -0.0017526857554912567, -0.0013149181613698602, 0.03176480531692505, -0.02796543389558792, 0.0008577660191804171, -0.011159035377204418, 0.012322107329964638, 0.008535660803318024, -0.011688879691064358, -0.023868834599852562, 0.017588241025805473, -0.003563525155186653, -0.008219046518206596, -0.010739036835730076, 0.02304176054894924, -0.00046845979522913694, 0.010881190188229084, -0.017497779801487923, -0.01731685735285282, -0.005275826435536146, 0.005837978329509497, 0.013026412576436996, 0.0016218400560319424, -0.03714078292250633, -0.006335514597594738, 0.0050496733747422695, -0.027448512613773346, -0.0039835236966609955, 0.00546321040019393, -0.032462649047374725, -0.015701480209827423, 0.03595186397433281, -0.0007523625390604138, -0.0010281885042786598, -0.014499638229608536, -0.008173815906047821, -0.027293436229228973, -0.009227042086422443, 0.02277037687599659, 0.021012844517827034, 0.007488895207643509, -0.0010152654722332954, -0.01929408125579357, -0.015430095605552197, 0.02380421943962574, 0.02739682048559189, -0.03429771587252617, -0.03295372426509857, -0.002723528305068612, -0.0021403764840215445, 0.005333980079740286, -0.008645505644381046, 0.005337210837751627, 0.029335275292396545, -0.004720136057585478, -0.0026104517746716738, 0.011798725463449955, 0.013905178755521774, 0.003214603289961815, -0.0027332205791026354, -0.006823359057307243, 0.005850901361554861, 0.02099992148578167, -0.008471045643091202, 0.027319282293319702, 0.001349648809991777, 0.005340441595762968, 0.03884662315249443, 0.012968258932232857, 0.018001778051257133, 0.010331961326301098, -0.006803974509239197, -0.014460869133472443, 0.023338990285992622, 0.011152573861181736, -0.02672482281923294, -0.02297714538872242, 0.03869154676795006, 0.02173653431236744, 0.002356837270781398, 0.0200823862105608, 0.0061836689710617065, 0.009724578820168972, -0.015675634145736694, 0.02295129932463169, 0.001052419189363718, 0.02781035751104355, 0.006661821156740189, -0.008503353223204613, -0.011759956367313862, 0.0074048954993486404, -0.009278734214603901, -0.01139811147004366, 0.029386967420578003, 0.011927955783903599, 0.031868189573287964, 0.0021177614107728004, 4.07378283853177e-05, -0.007637510076165199, 0.004497213754802942, 0.00846458412706852, -0.0017058397643268108, 0.014577176421880722, 0.00883288960903883, 0.004833212587982416, -0.002573298057541251, 0.024463292211294174, -0.013349488377571106, -0.005889670457690954, 0.01430579274892807, 0.011953801847994328, 0.036882322281599045, -0.01994023285806179, -0.004332445096224546, -6.254544132389128e-05, -0.01546886470168829, 0.04760843887925148, -0.02005654014647007, -0.012341491878032684, 0.020638076588511467, 0.020392538979649544, 0.003211372531950474, 0.012431953102350235, 0.010273807682096958, 0.0008246507495641708, 0.010474114678800106, 0.014344561845064163, 0.03313464671373367, -0.01400856301188469, 0.001954608131200075, -0.03212665021419525, -0.00678458996117115, -0.01846700720489025, -0.0006033438839949667, 0.010260884650051594, -0.008787658996880054, 0.005860593635588884, 0.011391649954020977, 0.031635574996471405, -0.013698410242795944, 0.00393829308450222, 0.00402552355080843, 0.005808901507407427, -0.0239463709294796, 0.019578387960791588, -0.034401100128889084, 0.009995962493121624, -0.015972863882780075, -0.015701480209827423, 0.007592279464006424, -0.011249496601521969, -0.0017882240936160088, 0.024993136525154114, 0.0066230520606040955, 0.0030740653164684772, 0.010687344707548618, 0.03579678758978844, -0.005178903695195913, -0.004678136203438044, -0.012173492461442947, 0.02421775460243225, 0.014913175255060196, 0.007857201620936394, -0.012580567970871925, -0.0038090627640485764, 0.006329053081572056, -0.00531782628968358, 0.003586140461266041, -0.0047750589437782764, -0.018544545397162437, -0.018221469596028328, -0.002188837854191661, 0.00871658232063055, -0.0020143771544098854, 0.024721752852201462, -0.0008601890876889229, -0.012761490419507027, -0.005518133286386728, 5.552863876800984e-05, 0.001167110982351005, -0.006264437921345234, -0.011598418466746807, 0.0082901231944561, 0.010099346749484539, -0.016244247555732727, -0.031816497445106506, 0.0024796060752123594, -0.012289799749851227, -0.00889104325324297, 0.006707051768898964, -0.009201196022331715, -0.004290445242077112, 0.010105808265507221, 0.004868750926107168, -0.017975931987166405, 0.014344561845064163, 0.02557467296719551, -0.0124448761343956, -0.0036733709275722504, -0.02336483635008335, 0.024812214076519012, -0.019953155890107155, 0.0077925859950482845, 0.023558681830763817, -0.008735966868698597, 0.0007244973094202578, 0.019268235191702843, -0.018544545397162437, -0.01200549304485321, -0.036468785256147385, 0.023261452093720436, -0.008076893165707588, -0.02486390620470047, -0.0029319121968001127, 0.031661421060562134, 0.01133995782583952, -0.011740571819245815, 0.029542043805122375, -0.004419675562530756, -0.009388579986989498, -0.0119731854647398, 0.02129715122282505, -0.021335920318961143, -0.014654714614152908, 0.006719974800944328, 0.028120510280132294, -0.03548663482069969, -0.03484048321843147, 0.015352558344602585, 0.023054683580994606, 0.006493821740150452, -0.03484048321843147, -0.015236251056194305, -0.013323642313480377, -0.013943947851657867, 0.025445442646741867, 0.018118085339665413, 0.0037509091198444366, 0.003300218377262354, -0.009724578820168972, 0.021788226440548897, 0.009323964826762676, 0.018479930236935616, -0.013931024819612503, 0.027448512613773346, -0.015003636479377747, 0.002306760521605611, -0.005211211275309324, 0.0067587438970804214, 0.017795009538531303, -0.00865842867642641, -0.019164850935339928, 0.013375334441661835, -0.006668282672762871, -0.008916889317333698, -0.009892578236758709, 0.018971005454659462, -0.010894113220274448, 0.016321785748004913, -0.024166062474250793, -0.017291011288762093, 0.029516197741031647, 0.0031338343396782875, -0.03409095108509064, 0.003253372386097908, 0.005272595677524805, -0.006151361390948296, -0.02180114947259426, 0.02380421943962574, 0.002153299516066909, -0.041663844138383865, -0.009033196605741978, -0.008955658413469791, -0.011675956659018993, -0.02097407542169094, -0.003653986379504204, 0.0165802463889122, 0.0064550526440143585, -0.005951054859906435, -0.025587595999240875, 0.03344479948282242, 0.014771021902561188, -0.022395608946681023, -0.023455297574400902, -0.014254100620746613, -0.01793716289103031, 0.019358696416020393, 0.02288668416440487, 0.02899927645921707, -0.03323803097009659, -0.02447621524333954, 0.01336241140961647, 0.00924642663449049, -0.0105128837749362, 0.007366126403212547, 0.035409096628427505, 0.008458122611045837, 0.013297796249389648, 0.0033309105783700943, -0.0009942655451595783, -0.006984896957874298, -0.020935306325554848, 0.030214041471481323, -0.008367661386728287, -0.0044358293525874615, -0.010984574444591999, 0.006791051477193832, -0.02607867121696472, -0.012541798874735832, -0.0035829097032546997, -0.026905745267868042, -0.004523059818893671, 0.009291657246649265, -0.005815363023430109, 0.011236573569476604, 0.0026766823139041662, 0.0239463709294796, 0.004888135474175215, -0.019565464928746223, 0.031842343509197235, 0.01610209420323372, -0.012606414034962654, 0.003203295636922121, -0.005443825852125883, 0.03148049861192703, 0.020043617114424706, -0.012897182255983353, 0.013439949601888657, 0.02267991565167904, -0.02551005780696869, -0.008264277130365372, -0.010215654037892818, -0.010370730422437191, 0.030601732432842255, 0.002862450899556279, 0.0007301511359401047, -0.03336726129055023, 0.009343349374830723, -0.0011008804431185126, 0.02518698200583458, -0.019397465512156487, -0.008270738646388054, -0.032049112021923065, 0.0031806803308427334, 0.0013512641889974475, -0.0017381473444402218, 0.01409902423620224, -0.031066959723830223, 0.0017058397643268108, 0.02389468066394329, -0.009162426926195621, 0.010054116137325764, 0.0082901231944561, 0.0130974892526865, -0.015791941434144974, -0.004229061305522919, 0.013310719281435013, -0.018066393211483955, 0.0009837655816227198, -0.0035053715109825134, 0.01849285326898098, -0.003282449208199978, 0.012276876717805862, -0.001549955690279603, 0.026259593665599823, 0.0001222639693878591, -0.02580728754401207, 0.0106938062235713, -0.03326387703418732, -0.013259027153253555, -0.031170343980193138, 0.03683063015341759, 0.001379533321596682, 0.011352880857884884, 0.003964139148592949, -0.021684842184185982, 0.022511916235089302, 0.029774658381938934, -0.014357484877109528, -0.0027752204332500696, -0.01418948546051979, -0.04370568320155144, 0.007708586286753416, 0.0015782248228788376, 0.0045715211890637875, 0.02164607308804989, -0.017058398574590683, 0.001329456572420895, 0.014796867966651917, 0.0019303773296996951, 0.0006158630712889135, -0.020935306325554848, 0.027086667716503143, -0.037089090794324875, 0.02162022702395916, 0.002652451628819108, 0.030963575467467308, -0.0073725879192352295, 0.0031192959286272526, -0.02465713769197464, -0.010700267739593983, 0.013310719281435013, 0.011701802723109722, 0.009440272115170956, 0.012716259807348251, 0.004616751801222563, -0.012522414326667786, 0.015430095605552197, 0.03235926479101181, 0.00016900898481253535, 0.015094097703695297, 0.004762135911732912, 0.002699297619983554, -0.021465150639414787, -0.008044585585594177, -0.014034409075975418, -0.03760601207613945, 0.003653986379504204, -0.03920846804976463, 0.021193766966462135, -0.012748567387461662, -0.03336726129055023, 0.00025058561004698277, -0.0012301107635721564, 0.030808499082922935, -0.01169534120708704, 0.02088361419737339, 0.022873761132359505, -0.024437446147203445, -0.012457799166440964, 0.03168726712465286, 0.04344722256064415, -0.00871658232063055, 0.010739036835730076, 0.009711655788123608, -0.016347631812095642, -0.02392052672803402, 0.026052825152873993, -0.005514902528375387, -0.03721832111477852, -0.041224461048841476, 0.015533479861915112, 0.011656572110950947, 0.009827963076531887, -0.006241822615265846, -0.008122123777866364, -0.011501495726406574, 0.021878687664866447, -0.006209515035152435, -0.014577176421880722, -0.008251354098320007, -0.011708264239132404, -0.021723611280322075, -0.001002342440187931, -0.041457075625658035, 0.028973430395126343, -0.034116797149181366, 0.011966723948717117, -0.021516842767596245, -0.026001133024692535, -0.002948065986856818, 0.017885470762848854, 0.0073402803391218185, 0.02693159133195877, -0.02371375821530819, 0.003886600723490119, 0.018014701083302498, -0.0014748406829312444, 0.00980857852846384, 0.0002919796679634601, -0.0022970682475715876, 0.019009774550795555, 0.019927309826016426, -0.004464906174689531, 0.003957677632570267, -0.017394395545125008, -0.003557063639163971, 0.0019788388162851334, 0.003925370052456856, -0.027086667716503143, 0.014344561845064163, -0.010125192813575268, 0.011113804765045643, 0.020444231107831, 0.009252888150513172, 0.002434375463053584, -0.009272272698581219, -0.03378079831600189, -0.029619581997394562, -0.002985219703987241, 0.018479930236935616, 0.05412164330482483, 0.005870285909622908, -0.01646393910050392, 0.014693483710289001, 0.005537517834454775, -0.012767951935529709, -0.006629513576626778, 0.029154352843761444, -0.0007681124843657017, -0.04137953743338585, 0.009227042086422443, -0.03473709896206856, -0.014706406742334366, -0.017497779801487923, -0.014163639396429062, 0.02879250794649124, -0.01672239974141121, 0.04696228727698326, 0.005585979204624891, -0.019242389127612114, -0.02247314713895321, 0.022576531395316124, -0.0032695261761546135, 0.006377514451742172, -0.024437446147203445, 0.03592601791024208, -0.012696875259280205, -0.01754947192966938, -0.032049112021923065, -0.062392380088567734, 0.015817787498235703, -0.023170990869402885, 0.011443342082202435, 0.01814393140375614, -0.01872546784579754, 0.0033664489164948463, 0.010655037127435207, -0.0035376790910959244, 0.00566997891291976, -0.020366692915558815, -0.002849527867510915, -0.007921816781163216, 0.013517487794160843, -0.017187627032399178, -0.015236251056194305, -0.02406267821788788, -0.010823036544024944, -0.009479041211307049, 0.0023374527227133512, -0.002666990039870143, -0.015197481960058212, 0.020599307492375374, 0.01398271694779396, -0.007559971883893013, 0.026233747601509094, -0.00014911963080521673, -0.007094742730259895, -0.015520556829869747, -0.0061804382130503654, -0.018712544813752174, 0.013187950477004051, -0.014900252223014832, 0.038743238896131516, 0.02819804847240448, -0.0037412168458104134, -0.009252888150513172, -0.01157903391867876, -0.0174331646412611, 0.02129715122282505, 0.01148857269436121, 0.01628301665186882, 0.029542043805122375, -0.002970681292936206, -0.015585171990096569, 0.005472902674227953, 0.022692838683724403, 0.031170343980193138, -0.03047250211238861, 0.020741460844874382, 0.01692916825413704, -0.009117196314036846, 0.004274291452020407, -0.021193766966462135, -0.04305953159928322, -0.004390598740428686, 0.0037799859419465065, 0.018299007788300514, 0.003957677632570267, 0.014758098870515823, -0.011643649078905582, -0.018337776884436607, 0.0060802847146987915, -0.008264277130365372, -0.030782653018832207, -0.02203376404941082, 0.027215898036956787, 0.008516276255249977, 0.012354414910078049, -0.022111302241683006, 0.015908248722553253, -0.017975931987166405, 0.019513772800564766, 0.02899927645921707, 0.014848560094833374, 0.011036266572773457, -0.007146434858441353, -0.0037864474579691887, -0.02516113594174385, -0.01555932592600584, 0.004031985066831112, 0.024786368012428284, 0.006170745939016342, 0.021775303408503532, -0.012716259807348251, 0.007398433983325958, -0.004826751071959734, 0.019048543646931648, -0.01973346434533596, 0.010622729547321796, 0.007534125819802284, -0.03574509546160698, -0.005246749613434076, 0.00475567439571023, 0.016153786331415176, -0.02631128579378128, -0.008354738354682922, -0.02212422527372837, 0.0032759876921772957, -0.040009696036577225, 0.028482355177402496, -0.0011654956033453345, -0.018454084172844887, 0.009000889025628567, 0.0005811324226669967, 0.00025825866032391787, -0.00013660044351127, -0.026065748184919357, 0.011055651120841503, -0.019888540729880333, 0.0018754545599222183, -0.009989500977098942, -0.021568534895777702, 2.0078650777577423e-05, -0.017795009538531303, 0.005896131973713636, -0.009175349958240986, 0.0006239399663172662, 0.1882626861333847, -0.01672239974141121, -0.007172280922532082, 0.0363912470638752, -0.011688879691064358, 0.012541798874735832, 0.04598013684153557, 0.004965673666447401, -0.025794364511966705, 0.013149181380867958, 0.02171068824827671, -0.02899927645921707, -0.0135691799223423, 0.01566271111369133, 0.013175027444958687, -0.02734512835741043, -0.010596883483231068, -0.035434942692518234, -0.0035053715109825134, -0.05996285378932953, 0.006096438504755497, -0.013388257473707199, 0.005330749321728945, -0.021310074254870415, 0.04450691118836403, -0.011049189604818821, 0.003353525884449482, -0.009110734798014164, 0.04595429077744484, 0.015766095370054245, -0.031402960419654846, -0.010855344124138355, 0.0021791455801576376, 0.01858331449329853, -0.03926016017794609, 0.012192877009510994, 0.005501979496330023, -0.0005972862127237022, -0.0006457475828938186, 0.024760521948337555, -0.0043356758542358875, -0.013414103537797928, -0.0033793719485402107, 0.0005310557316988707, 0.00011368226842023432, 0.030808499082922935, 0.0008706890512257814, -0.02205961011350155, 0.023855911567807198, -0.003143526613712311, -0.027732819318771362, -0.010047654621303082, -0.020638076588511467, 0.01984977163374424, 0.006406591273844242, -0.0019465311197564006, 0.021051613613963127, 0.02191745676100254, -0.02486390620470047, -0.008903966285288334, 0.004009369760751724, 0.005243518855422735, 0.0036507556214928627, 0.013452872633934021, -0.0026443747337907553, 0.03822631761431694, -0.004558598157018423, 0.007915355265140533, 0.012115338817238808, -0.016011632978916168, 0.01925531215965748, -0.016476862132549286, -0.0026217594277113676, -0.008490430191159248, -0.0030869883485138416, -0.014977790415287018, 0.01881592907011509, 0.003138680476695299, -0.004833212587982416, 0.04424845054745674, -0.004122446291148663, 0.002970681292936206, -0.012205800041556358, 0.009679348208010197, -0.028275586664676666, -0.035434942692518234, 0.022692838683724403, 0.02090946026146412, -0.009239965118467808, -0.032876186072826385, -0.011100881733000278, -0.0014465715503320098, -0.011992570012807846, 0.004167676903307438, 0.002996527124196291, 0.023132221773266792, 0.034814637154340744, 0.023403605446219444, -0.015649788081645966, -0.008671351708471775, -0.01584363356232643, 0.03008481115102768, 0.031170343980193138, 0.010887651704251766, -0.02624667063355446, 0.012406107038259506, 0.007456587627530098, 0.016347631812095642, 0.02406267821788788, -0.014163639396429062, -0.005715209525078535, -0.020198693498969078, 0.0013859948376193643, -0.010474114678800106, 0.009227042086422443, 0.016360554844141006, -0.0030950652435421944, 0.01651563122868538, 0.00023806642275303602, -0.008296584710478783, 0.01143041905015707, -0.015404249541461468, 0.006035054102540016, 0.02277037687599659, -0.010506422258913517, -0.00194491574075073, -0.009782732464373112, 0.006978435441851616, 0.0012422261061146855, -0.019009774550795555, -0.01274210587143898, -0.02081899903714657, 0.04574752226471901, 0.010907036252319813, 0.0016525322571396828, -0.007708586286753416, 0.0012058800784870982, 0.005634440574795008, -0.01716178096830845, -0.01221226155757904, -0.0038769084494560957, 0.009078427217900753, -0.010390114970505238, 0.00983442459255457, -0.016890399158000946, -0.01831193082034588, 0.012315645813941956, -0.008451661095023155, -0.019681772217154503, 0.0038090627640485764, -0.03592601791024208, 0.0015216865576803684, 0.013187950477004051, -0.026207901537418365, 0.014654714614152908, -0.01952669583261013, -0.010829498060047626, -0.015649788081645966, 0.0024392216000705957, -0.019268235191702843, -0.043550606817007065, 0.017795009538531303, 0.008322430774569511, 0.015119943767786026, -0.013284873217344284, 0.012438414618372917, -0.15993539988994598, 0.010415961034595966, -0.011217189021408558, -0.037321705371141434, 0.012994104996323586, -0.01400856301188469, 0.022098379209637642, 0.01984977163374424, -0.01814393140375614, 0.011301188729703426, 0.016218401491642, 0.003489217720925808, -0.017704548314213753, -0.020831922069191933, -0.006752282381057739, -0.023054683580994606, -0.0444810651242733, 0.0028333740774542093, 0.06771667301654816, 0.016140863299369812, 0.02719005197286606, -0.058360397815704346, 0.010848882608115673, -0.005230595823377371, -0.010067039169371128, -0.03633955493569374, 0.0082901231944561, 0.010577498935163021, -0.008910427801311016, -0.027448512613773346, -0.014577176421880722, 0.0026799130719155073, 0.021361766383051872, -0.018014701083302498, 0.007178742438554764, 0.020508846268057823, -0.027448512613773346, -0.012509491294622421, -0.012289799749851227, 0.009323964826762676, -0.005960747133940458, -0.0016929167322814465, 0.0047427513636648655, 0.030343271791934967, -0.0031596804037690163, 0.06037639081478119, 0.025380827486515045, -0.00903965812176466, -0.007870124652981758, -0.012406107038259506, -0.0055601331405341625, -0.021723611280322075, 0.008548582904040813, 0.006157822906970978, 0.00849689170718193, 0.024204831570386887, 0.02067684568464756, 0.008884581737220287, 0.004157984629273415, -0.0223309937864542, -0.005618286784738302, -0.03574509546160698, 0.01504240557551384, -0.008903966285288334, 0.005088442470878363, -0.0003008642524946481, 0.006581052206456661, -0.028042972087860107, -0.0163993239402771, 0.01879008300602436, -0.008929812349379063, -0.006739359349012375, -0.0013221873668953776, -0.014654714614152908, 0.0047072130255401134, 0.018828852102160454, -0.02863743156194687, 0.0018916083499789238, -0.020302077755331993, -0.011365803889930248, -0.015210404992103577, 0.01336241140961647, -0.01872546784579754, -0.01925531215965748, 0.005104596260935068, 0.010099346749484539, -0.0013367257779464126, 0.009517810307443142, -0.004267830401659012, -0.004329214338213205, 0.011320573277771473, -0.03132542222738266, -0.0009256119374185801, -0.010390114970505238, 0.001429610070772469, 0.012942412868142128, -0.01628301665186882, -0.00012842260184697807, -0.0027542205061763525, -0.04489460214972496, -0.002327760448679328, 0.01092642080038786, 0.008458122611045837, 0.00865842867642641, 0.016476862132549286, -0.0026330670807510614, -0.013297796249389648, 0.0030902191065251827, 0.005682901944965124, -0.02336483635008335, 0.011708264239132404, -0.0028866815846413374, 0.011889186687767506, 0.006978435441851616, -0.022111302241683006, 0.007152896374464035, -0.011423957534134388, 0.011262419633567333, 0.016089171171188354, -0.004416444804519415, 0.0693708136677742, 0.005343672353774309, -0.001379533321596682, -0.01814393140375614, -0.007043050602078438, -0.005211211275309324, -0.10638236999511719, -0.005747517105191946, -0.013905178755521774, 0.027732819318771362, 0.0183765459805727, 0.007230434566736221, -0.016864553093910217, 0.001632340019568801, -0.03807124122977257, -0.0018253778107464314, -0.025174058973789215, -0.02530328929424286, 0.010532268323004246, -0.013233181089162827, 0.02090946026146412, 0.00437121419236064, 0.023558681830763817, -0.02781035751104355, -0.015727326273918152, 0.020108232274651527, 0.012380260974168777, 0.012961797416210175, -0.007999354973435402, -0.018299007788300514, -0.017795009538531303, -0.014111947268247604, -0.008419353514909744, 0.013737179338932037, 0.001267264480702579, 0.00865842867642641, -0.03801954910159111, -0.0034666024148464203, 0.019307004287838936, -0.006154592148959637, 0.0221500713378191, 0.01678701490163803, -0.01663193851709366, -0.0010604960843920708, 0.026143286377191544, -0.0028317586984485388, 0.009278734214603901, 0.0048461356200277805, 0.003586140461266041, 0.01681286096572876, 0.014977790415287018, 0.011191342957317829, -0.004364752676337957, -0.004290445242077112, 0.0062482841312885284, -0.015598095022141933, -0.028766661882400513, -0.019991924986243248, -0.02129715122282505, -0.012050723657011986, 0.017510702833533287, -0.0020176079124212265, 0.0011614571558311582, 0.013142719864845276, -0.024502061307430267, 0.002145222621038556, 0.006238591857254505, 0.014047332108020782, 0.00014356676547322422, -0.0020499154925346375, 0.013019951060414314, 0.006374283693730831, -0.041250307112932205, -0.015714403241872787, 0.022899607196450233, 0.016205478459596634, -0.022175917401909828, 0.01013165432959795, 0.0021064537577331066, 0.004406752530485392, -0.022227609530091286, 0.030756808817386627, 0.01660609245300293, -0.019630080088973045, -0.009446733631193638, -0.04957273602485657, -0.010157500393688679, -0.006089976988732815, 0.003925370052456856, -0.010648575611412525, 0.03566755726933479, 0.008542122319340706, 0.0388207770884037, -0.010079962201416492, 0.00805104710161686, 0.000791131635196507, 0.002238914603367448, -4.1570758185116574e-05, -0.01157903391867876, 0.00024472986115142703, -0.018118085339665413, -0.00268798996694386, -0.006329053081572056, 0.006416283547878265, 0.020405462011694908, 0.04871981590986252, -0.01460302248597145, -0.03189403563737869, -0.046057675033807755, 0.01227041520178318, -0.015572248958051205, 0.01492609828710556, 0.0124448761343956, 0.0005637670983560383, -0.00766981765627861, 0.0036184480413794518, -0.00719812698662281, 0.015455941669642925, -0.031196190044283867, -0.00537597993388772, -0.003271141555160284, -0.007663356140255928, -0.03571924939751625, -0.014202408492565155, 0.019565464928746223, 0.009550117887556553, 0.013853486627340317, 0.015236251056194305, 0.004012600518763065, 0.010034731589257717, -0.019358696416020393, 0.02465713769197464, -0.01462886855006218, 0.001394071732647717, -0.016567323356866837, 0.032695263624191284, 0.004170907661318779, -0.021142074838280678, -0.013142719864845276, -0.032902032136917114, -0.00396736990660429, 0.027009129524230957, -0.010125192813575268, 0.0012923028552904725, -0.004497213754802942, 0.010525806806981564, 0.02651805430650711, 0.08451660722494125, -0.00033074876409955323, -0.03445279225707054, 0.03292787820100784, -0.008761812932789326, -0.010319038294255733, 0.007986431941390038, -0.020754383876919746, 0.005249980371445417, 0.021542688831686974, 0.009737501852214336, 0.017394395545125008, 0.014409177005290985, -0.008600275032222271, -0.02159438095986843, -0.018570391461253166, -0.01536548137664795, 0.014202408492565155, -0.01259349100291729, 0.018893467262387276, -0.044403526932001114, 0.053759798407554626, -0.012696875259280205, 0.011624264530837536, -0.004464906174689531, 0.006484129466116428, 0.009692271240055561, -0.030369117856025696, 0.002360068028792739, 0.014615945518016815, -0.008632582612335682, -0.027862049639225006, 0.02421775460243225, 0.0010088039562106133, 0.0012163800420239568, 0.010842421092092991, 0.014745175838470459, -0.008477507159113884, 0.008322430774569511, 0.014990713447332382, 0.010092885233461857, 0.004881673958152533, 0.0038639854174107313, -0.0312737300992012, 0.008173815906047821, 0.022822069004178047, 0.0016371861565858126, -0.01137226540595293, 0.004681366961449385, -0.0008093046490103006, -0.003256603144109249, 0.009033196605741978, -0.0020741461776196957, -0.021490996703505516, 0.0025409904774278402, 0.010435345582664013, 0.004665213171392679, -0.02530328929424286, 0.008264277130365372, 0.02118084393441677, 0.039570312947034836, -0.004319522064179182, 0.007165819406509399, 0.017588241025805473, -0.019487926736474037, -0.01692916825413704, 0.005130442325025797, -0.027887895703315735, -0.019358696416020393, 0.011417496018111706, 0.006086746230721474, 0.011049189604818821, -0.0013714564265683293, -0.00913011934608221, 0.01063565257936716, -0.02778451144695282, -0.014383330941200256, 0.006038284860551357, -0.010125192813575268, -0.013465795665979385, 0.01879008300602436, 0.021154997870326042, -0.0008040546672418714, 0.00619336124509573, 0.009679348208010197, -0.012638721615076065, 0.005385672207921743, 0.040449079126119614, -0.0420515350997448, -0.0010750343790277839, -0.014822714030742645, 0.0035441406071186066, 0.002673451555892825, -0.017743317410349846, 0.012322107329964638, -0.026854053139686584, -0.034142643213272095, 0.007740893866866827, -0.012703336775302887, 0.0212066899985075, 0.09366611391305923, 0.023403605446219444, -0.02047007717192173, 0.0051498268730938435, -0.007695663254708052, -0.006396898999810219, 0.02518698200583458, 0.0004644213477149606, -0.029800504446029663, -0.008251354098320007, 0.040630001574754715, -0.022602377459406853, 0.0365721695125103, -0.008458122611045837, -0.0063516683876514435, 0.016541477292776108, 0.004041677340865135, 0.00499151973053813, -0.0062159765511751175, -0.0024408369790762663, 0.03652047738432884, -0.0009256119374185801, 0.03326387703418732, -0.0014271870022639632, -0.02253776229918003, 0.0023859140928834677, 0.015378404408693314, -0.00199822336435318, -0.023222682997584343, -0.014254100620746613, -0.006933204829692841, 0.003854293143376708, -0.016942091286182404, -0.018893467262387276, 0.01757531799376011, -0.014667637646198273, 0.013943947851657867, -0.00160003243945539, 0.01619255542755127, 0.006887974217534065, 0.003883369965478778, 0.034116797149181366, -0.01584363356232643, -0.02049592323601246, 0.008076893165707588, -0.02879250794649124, 0.006778128445148468, 0.001470802235417068, -0.01690332219004631]"
"Algunas veces la depresión puede ser una reacción del enfermo al ser consciente de la pérdida de sus capacidades (preferentemente al inicio de la enfermedad) y en otros casos, los síntomas depresivos se deben a los cambios cerebrales que se producen con la enfermedad. Algunos signos de la depresión, sobre todo en los inicios de EA, son los episodios de llanto, sentimientos de culpa, de ser una carga para los demás, preocupación excesiva por la salud, poco contacto ocular, poca espontaneidad, o pérdida de capacidad para disfrutar de las cosas que antes le agradaban. Y en estadios más avanzados, depresión se puede manifestar con síntomas de irritabilidad, ansiedad y agitación psíquica. Ejemplos de pacientes con ánimo depresivo en demencia: El señor RGZ en los últimos 6 meses, se muestra melancólico, habla lentamente, monotóno, y en voz baja. Sólo habla de enfermedades terminales, y de los deseos de vivir un año más para poder tener una celebración especial por su cumpleaños. Desde hace 2 meses, él se siente un viejo inútil que no sirve para nada y es una carga para sus hijos. No tiene ganas de comer. No quiere salir a las actividades habituales que solía realizar. Otro ejemplo: La señora MCL cuando se dio cuenta que estaba perdiendo algunas habilidades cognitivas, empezó a entristecer, a sentirse inútil, desesperada, vacía, sin encontrar sentido a la vida. Perdió el apetito y bajó mucho de peso. Dejó de asistir al centro de la tercera edad de la comunidad, al cual solía asistir regularmente desde hace 2 años. En algunas oportunidades ha expresado su deseo de morir; pues no quiere depender de terceras personas para realizar sus actividades de vida diaria.","[-0.0010823238408192992, -0.02045208029448986, 0.06008974090218544, -0.028916306793689728, -0.026232833042740822, 0.017730988562107086, -0.011536427773535252, 0.006241583731025457, -0.01453339122235775, 0.00177592015825212, -0.0029593445360660553, 0.04747490584850311, -0.0012759037781506777, 0.03363119438290596, -0.01686575636267662, 0.012119518592953682, 0.03716735914349556, 0.017492735758423805, 0.027536951005458832, -0.027637267485260963, -0.03032074123620987, 0.008777717128396034, -0.0037963625509291887, -0.011818568222224712, -0.023323647677898407, 0.003583189332857728, 0.009818502701818943, -0.026383308693766594, 0.003921758383512497, -0.013868791982531548, 0.01450831163674593, -0.014257519505918026, 0.0002204225747846067, -0.015072593465447426, 0.013956569135189056, -0.01253332570195198, -0.006238448433578014, -0.021768737584352493, 0.011379682458937168, -0.014270059764385223, 0.0004102798702660948, 0.014194821938872337, -0.015072593465447426, -0.011009764857590199, 0.00012353461352176964, 0.025329982861876488, -0.01611337997019291, -0.01611337997019291, -0.03591340035200119, 0.02519204653799534, 0.018784314393997192, 0.011185319162905216, -0.038070209324359894, -0.001430297619663179, 0.02561839297413826, -0.01885955035686493, -0.0059782518073916435, 0.0026693663094192743, 0.007360742427408695, -0.020100971683859825, -0.014169742353260517, -0.01625131629407406, -0.012991020455956459, -0.0013252784265205264, -0.008188355714082718, 0.016238775104284286, 0.020953664556145668, -0.008533194661140442, 0.021179376170039177, 0.008777717128396034, 0.024477289989590645, 0.007003364153206348, -0.014947197400033474, 0.0026897431816905737, 0.01914796233177185, 0.003937433008104563, 0.010351436212658882, -0.010489371605217457, -0.003357476554811001, 0.006235313601791859, 0.012570944614708424, -0.02771250531077385, -0.03014518693089485, 0.007655422668904066, 0.005257225129753351, 0.01686575636267662, -0.008765176869928837, 0.0008511250489391387, -0.00840779859572649, -0.006128726992756128, -0.034910231828689575, 0.012382850050926208, 0.02565601095557213, 0.025217125192284584, 0.018934788182377815, 0.018182413652539253, 0.026634100824594498, 0.019173040986061096, 0.0014122718712314963, -0.03661561757326126, -0.027035366743803024, 0.014132123440504074, -0.0448165126144886, 0.0015494237886741757, -0.009699377231299877, 0.0036427525337785482, 0.0031631127931177616, 0.009210332296788692, -0.006310551427304745, -0.036966726183891296, -0.013630540110170841, 0.018345428630709648, -0.009661758318543434, -0.026007121428847313, 0.00616007624194026, 0.006257257889956236, -0.003561245044693351, 0.0018088365904986858, -0.0036646968219429255, -0.03059661202132702, -0.009774614125490189, 0.005288574378937483, 0.02213238552212715, -0.02766234800219536, -0.007141299545764923, -0.01290324330329895, -0.015962904319167137, -0.004526793956756592, -0.03302929550409317, 0.008150736801326275, -0.02477823942899704, 0.021492866799235344, 7.54335051169619e-05, -0.001893478911370039, -0.0022148059215396643, 0.015423702076077461, -0.019574308767914772, -0.010075564496219158, -0.010395324788987637, -0.025304902344942093, 0.010094374418258667, 0.006354440003633499, -0.03385690599679947, -0.031223591417074203, -0.009799693711102009, 0.01587512716650963, 0.005260360427200794, 0.0022822064347565174, 0.018834471702575684, 0.010182151570916176, 0.008326291106641293, -0.014646247029304504, -0.0023464716505259275, -0.019574308767914772, 0.002909186063334346, -0.0038308463990688324, 0.025455377995967865, 0.00449544470757246, -0.03297913447022438, -0.019173040986061096, 0.020289065316319466, -0.01732972078025341, 0.0012429873459041119, 0.009348268620669842, -0.020289065316319466, 0.024602685123682022, -0.011636744253337383, -0.004470365587621927, 0.018658917397260666, -0.02132985182106495, -0.0016442544292658567, 0.03144930303096771, -0.024489829316735268, 0.027035366743803024, 0.017643211409449577, -0.008075498975813389, 0.005739999935030937, 0.015448781661689281, -0.02491617575287819, -0.02911693975329399, -0.01695353351533413, 0.020991282537579536, 0.024790780618786812, 0.009442315436899662, -0.035612449049949646, -0.0008573948289267719, 0.04406413808465004, -0.006445351988077164, 0.010157071985304356, -0.0009436045656912029, -0.008414068259298801, 0.007636613678187132, 0.02766234800219536, -0.019599387422204018, -0.6364095211029053, -0.01863383874297142, 0.0071099502965807915, 0.009555171243846416, 0.01553655881434679, 0.030019791796803474, 0.011342063546180725, -0.00519139226526022, -0.033606115728616714, -0.05632786080241203, 0.00485595827922225, -0.013893871568143368, -0.003329262603074312, -0.004733697045594454, -5.6134282203856856e-05, -0.014646247029304504, -0.027236001566052437, 0.0040753684006631374, 0.014771643094718456, 0.0011818568455055356, -0.010025406256318092, 0.015122751705348492, -0.02966868318617344, 0.005185122601687908, 0.005288574378937483, 0.005460993852466345, 0.00034385922481305897, -0.008138197474181652, 0.014821801334619522, 0.04391366243362427, 0.0007743199821561575, 0.02538014017045498, 0.008940731175243855, 0.01803193800151348, 0.05567580461502075, -0.022483494132757187, 0.031599778681993484, 0.025455377995967865, -0.0024452211800962687, 0.043988898396492004, -0.005238416139036417, 0.00569297606125474, 0.007573915645480156, -0.028565198183059692, 0.006577017717063427, 0.003702315501868725, 0.023687295615673065, 0.012031741440296173, 1.1590553185669705e-05, 0.029142020270228386, 0.030170265585184097, 0.007931293919682503, -0.026007121428847313, 0.010564609430730343, 0.01882193237543106, 0.016602424904704094, 0.033932145684957504, -0.03185057267546654, -0.003529896028339863, -0.002222643233835697, 0.006307416595518589, 0.009893740527331829, -0.004921791143715382, -0.016464488580822945, -0.020878426730632782, 0.04215811938047409, -0.029969632625579834, -0.010677465237677097, 0.020151128992438316, 0.000880122825037688, 0.02650870382785797, 0.00135114137083292, -0.02831440605223179, 0.0008056689985096455, 0.03375659137964249, -0.024251576513051987, 0.011072462424635887, 0.019348595291376114, -0.013567841611802578, -1.0586406460788567e-05, -0.00526349525898695, -0.01741749793291092, -0.03754354640841484, 0.006156941410154104, 0.033229928463697433, -0.01238911971449852, -0.005003298632800579, 0.001697547733783722, 0.004683538805693388, 0.014345296658575535, 0.0005070698680356145, 0.0063481698743999004, -0.02100382186472416, -0.009323189035058022, -0.021693499758839607, 0.010545799508690834, -0.009304380044341087, 0.004360644146800041, 0.02464030496776104, 0.007887405343353748, 0.00045299288467504084, -0.029217256233096123, -0.001744571141898632, 0.02249603345990181, 0.03302929550409317, 0.00013068609405308962, -0.03872226923704147, 0.009059857577085495, 0.06204591691493988, -0.013981648720800877, -0.0173798780888319, 0.0001540019002277404, 0.00931691937148571, -0.022759364917874336, -0.004410802852362394, -0.014520850963890553, 0.01607576198875904, 0.01423244085162878, 0.013367208652198315, -0.016991151496767998, 0.0013801391469314694, 0.005379486363381147, 0.012150867842137814, 0.0008197760325856507, 0.005413970444351435, 0.0014569442719221115, -0.011592855677008629, -0.001195180113427341, -0.00584658607840538, -0.0002825327683240175, 0.006714953109622002, -0.011423571035265923, 0.010395324788987637, 0.0016066356329247355, 0.02333618700504303, -0.006671064533293247, 0.033280085772275925, 0.000753943168092519, 0.0027869250625371933, -0.016326552256941795, -0.01956176944077015, -0.00901596900075674, 0.010633576661348343, 0.019348595291376114, 0.013580381870269775, -0.03548705577850342, 0.0019201255636289716, -0.01523560844361782, -0.0337064303457737, -0.0033512068912386894, -0.002224210649728775, -0.028163930401206017, -0.0003477778227534145, 0.04118002951145172, 0.024903636425733566, 0.0038245765026658773, -0.008182086050510406, 0.0014812396839261055, -0.021129218861460686, -0.007818437181413174, 0.002402900019660592, 0.01401926763355732, -0.009912550449371338, 0.012570944614708424, -0.04810188710689545, -0.022207623347640038, 0.020188748836517334, 0.045894917100667953, -0.015712112188339233, -0.027411555871367455, -0.011686902493238449, -0.0021599452011287212, 0.0017571108182892203, 0.004304216243326664, -0.004586357157677412, 0.017668290063738823, -0.005608333740383387, -0.017906542867422104, 0.03152454271912575, 0.007272965274751186, 0.015398623421788216, 0.0056741670705378056, -0.00661463662981987, -0.014784182421863079, 0.02129223197698593, 0.002561212284490466, -0.0027775203343480825, 0.01213205885142088, 0.009028508327901363, 0.011404762044548988, 0.0017821899382397532, 0.030872482806444168, -0.002794762374833226, 0.007279234938323498, -0.01727956160902977, 0.005903014447540045, -0.014081965200603008, 1.8230783780381898e-06, 0.003291643690317869, 0.006175750866532326, 0.013755936175584793, -0.0429355725646019, -0.0032728344667702913, 0.007624073885381222, 0.03252771124243736, -0.028665514662861824, 0.023812690749764442, -0.016828136518597603, 0.023223331198096275, 0.023775072768330574, 0.00012471018999349326, -0.01966208592057228, -0.014934658072888851, 0.002656826749444008, -0.028565198183059692, 0.0382959246635437, 0.025141889229416847, 0.02407602220773697, 0.0014436208875849843, -0.01420736126601696, -0.038120370358228683, 0.012915783561766148, -0.0015172910643741488, -0.0029671816155314445, 0.014144663698971272, 0.024928715080022812, 0.015072593465447426, 0.0190100260078907, 0.005627143196761608, -0.008539464324712753, -0.0034703330602496862, 0.0009240114013664424, 0.007373282220214605, 0.01483434159308672, -0.02091604471206665, 0.029894394800066948, 0.004896712023764849, -0.004160010721534491, 0.027913138270378113, -0.018408125266432762, -0.025267284363508224, 0.007718120701611042, 0.004896712023764849, -0.008859223686158657, 0.01271514967083931, 0.006056624464690685, 0.014056886546313763, 0.03465944156050682, 0.008420337922871113, 0.027637267485260963, -0.013655618764460087, 0.012269994243979454, -0.019310977309942245, -0.027185842394828796, -0.012476896867156029, -0.011737060733139515, 0.0011066192528232932, -0.011849917471408844, 0.02869059331715107, -0.0031787874177098274, 0.02469046227633953, -0.015498939901590347, 0.011185319162905216, 0.016589883714914322, 0.018144793808460236, -0.010859289206564426, 0.020013194531202316, -0.009404696524143219, 0.007887405343353748, 0.0071977274492383, -0.018345428630709648, 0.01732972078025341, -0.014107044786214828, -0.015962904319167137, 0.003495412180200219, -0.012000392191112041, -0.01529830601066351, -0.01220729574561119, 0.03047121688723564, 0.021204454824328423, 0.0040502892807126045, -0.0017649480141699314, 0.024840937927365303, 0.028239168226718903, 0.006671064533293247, -0.01569957286119461, 0.0026740687899291515, 0.012025471776723862, 0.006639715749770403, 0.031474385410547256, -0.01839558593928814, 0.005511152092367411, -0.020953664556145668, 0.016100840643048286, 0.0067400322295725346, 0.0051443688571453094, 0.020238906145095825, 0.015160370618104935, -0.003996996209025383, -0.010069294832646847, 0.00700963381677866, -0.011053653433918953, -0.015185450203716755, -0.01262110285460949, -0.026759495958685875, 0.025630932301282883, -0.030621690675616264, -0.01453339122235775, -0.0038308463990688324, -0.003583189332857728, -0.017179245129227638, -0.010520720854401588, -0.010853019542992115, 0.01588766649365425, 0.01588766649365425, -0.0034609283320605755, 0.002616073004901409, 0.015724651515483856, 0.0048026652075350285, 0.0088278753682971, 0.00243424903601408, -0.0021881593856960535, 0.003890409367159009, -0.016238775104284286, 0.01322927325963974, 0.03380674868822098, -0.009116285480558872, 0.018972408026456833, 0.02124207466840744, 0.006031545344740152, 0.0007570780580863357, -0.022721746936440468, 0.03250263258814812, 0.0252547450363636, -0.017806224524974823, 0.006329360883682966, 0.022069687023758888, 0.0007351337699219584, 0.013317050412297249, 0.02524220570921898, 0.000538027030415833, -0.030496295541524887, -0.0022680992260575294, 0.015248147770762444, -0.002029846888035536, -0.017643211409449577, 0.00820089504122734, 0.025681091472506523, -0.01453339122235775, -0.0034703330602496862, 0.020188748836517334, 0.011235477402806282, 0.03335532173514366, -0.0035925940610468388, 0.009630409069359303, -0.004758776165544987, 0.003219541162252426, 0.04484159126877785, -0.0005407700664363801, 0.013154035434126854, 0.008702479302883148, 0.021555563434958458, 0.0358632430434227, 0.007749469950795174, 0.02235809899866581, -0.024351894855499268, 0.014194821938872337, -0.021731117740273476, -0.0038151717744767666, -0.001069000456482172, 0.007598994765430689, 0.00537008186802268, -0.014734024181962013, -0.02776266448199749, 0.019248278811573982, -0.015085132792592049, -0.006620906293392181, -0.019436372444033623, 0.0407286062836647, 0.027411555871367455, 0.042785100638866425, -0.007724390830844641, -0.009542631916701794, 0.020226366817951202, -0.0049123866483569145, -0.017404958605766296, 0.003818306839093566, 0.00024197500897571445, -0.00446096109226346, 0.006934395991265774, 0.002316690282896161, 0.027035366743803024, -0.03450896590948105, -0.015122751705348492, 0.0031207918655127287, -0.001210854621604085, -0.03847147896885872, 0.008915652520954609, -0.0012053685495629907, 0.020840806886553764, -0.007642883341759443, -0.016665121540427208, -0.001547856256365776, 0.014596088789403439, -0.016890835016965866, 0.0143954548984766, -0.0028637300711125135, -0.016640042886137962, 0.02319825068116188, -0.005805832799524069, 0.01722940430045128, -0.023348726332187653, -0.02292237989604473, 0.008865494281053543, -0.01260229293256998, -0.012646181508898735, -0.007203997578471899, 0.026583941653370857, -0.0008910949691198766, 0.012671261094510555, 0.010514450259506702, 0.018194952979683876, -0.002678771037608385, -0.018345428630709648, 0.0182074923068285, -0.037468310445547104, -0.00526349525898695, -0.04163145646452904, 0.006978284567594528, -0.03144930303096771, 0.007360742427408695, 0.0007139731897041202, -0.005962577648460865, -0.014596088789403439, 0.008113117888569832, -0.023223331198096275, 0.005454723723232746, 0.0009153904393315315, -0.01220102608203888, -0.002884106943383813, 0.01029500737786293, 0.00026548674213699996, 0.04060320928692818, 0.005128694232553244, -0.012708880007266998, -0.019273357465863228, 0.04383842647075653, 0.005821506958454847, -0.018884630873799324, 0.00661463662981987, 0.027837902307510376, -0.01918558031320572, -0.026709338650107384, 0.0013393855188041925, 0.013317050412297249, 0.03175025433301926, -0.018696537241339684, -0.02016366831958294, -0.05422120913863182, 0.014821801334619522, -0.012608562596142292, 0.015599256381392479, 0.02324840985238552, -0.023875389248132706, -0.013793555088341236, -0.00570551585406065, -0.014282599091529846, -0.017016230151057243, 0.03603879734873772, -0.030822325497865677, -0.02306031621992588, 0.019963035359978676, -0.013329589739441872, 0.01695353351533413, -0.005965712480247021, -0.006821539718657732, -0.026232833042740822, 0.005959442816674709, 0.0033919604029506445, -0.0022414526902139187, 0.019599387422204018, -0.008483036421239376, 0.01238911971449852, -0.0006312902551144361, 0.01938621513545513, 0.015473860315978527, 0.02324840985238552, -0.006551938597112894, -0.003981321584433317, -0.0011199426371604204, 0.005708650685846806, -0.0031411685049533844, -0.014458153396844864, 0.025317443534731865, -0.006128726992756128, 0.004134931601583958, 0.0030910102650523186, -0.03541181609034538, 0.01001286692917347, 0.021166836842894554, -0.0048747677356004715, -0.013003560714423656, -0.023699834942817688, -0.06264781951904297, -0.0023558763787150383, 0.020251445472240448, -0.004109852481633425, 0.0337064303457737, -0.015524018555879593, 0.006081703584641218, 0.04020194336771965, 0.005470398347824812, -0.008069229312241077, -0.02138000912964344, -0.002703850157558918, -0.0019749861676245928, 0.028439801186323166, 0.021354930475354195, -0.04223335534334183, 0.004614571109414101, -0.020038273185491562, -0.03242739289999008, -0.03277850151062012, -0.010150802321732044, -0.016652582213282585, 0.01143611129373312, -0.004674134310334921, -0.005247820634394884, -0.004097312688827515, 0.008150736801326275, -0.02640838734805584, -0.006959475576877594, -0.008345101028680801, -0.009367077611386776, -0.008953271433711052, -0.022947458550333977, -0.006545668933540583, -0.02388792857527733, -0.007887405343353748, 0.02189413271844387, -0.015574177727103233, 0.02613251656293869, -0.011028573848307133, -0.04188224673271179, -0.006172615569084883, -0.004219573922455311, 0.01010691374540329, -0.007743200287222862, 0.02048969827592373, -0.005962577648460865, -0.017442576587200165, -0.032301995903253555, 0.019248278811573982, 0.020502237603068352, 0.0035706497728824615, 0.013981648720800877, 0.0173798780888319, 0.004486040212213993, 0.005928093567490578, 0.018608760088682175, 0.015950364992022514, -0.023812690749764442, -0.02733631804585457, 0.03543689474463463, -0.001319792354479432, 0.0021599452011287212, 0.001556477276608348, -0.012646181508898735, 0.0001445972011424601, 0.010019136592745781, -0.014859420247375965, -0.01755543425679207, -0.0015133724082261324, -0.022345557808876038, -0.021768737584352493, -0.004335565026849508, -0.01980002038180828, 0.0347597561776638, -0.007780818734318018, -0.004348104819655418, -0.03483499586582184, 0.006972014904022217, -0.0176557507365942, 0.03373151272535324, 0.008464226499199867, 0.012514515779912472, -0.03704196587204933, 0.008633511140942574, -0.0047650462947785854, 0.012564674019813538, 0.002736766589805484, 0.021417628973722458, -0.019110342487692833, 0.02776266448199749, 0.01108500175178051, -0.023511741310358047, 0.012501976452767849, -0.03721752017736435, 0.016690202057361603, 0.013279431499540806, -0.004777585621923208, 0.0033449369948357344, -0.00669614365324378, -0.020991282537579536, -0.0006751788314431906, 0.013567841611802578, -0.005360676907002926, -0.0014608628116548061, -0.012796657159924507, -0.02292237989604473, -0.0008088038885034621, -0.009981517679989338, 0.004899846855551004, 0.05933736637234688, 0.005059726536273956, -0.017730988562107086, 0.004119256976991892, 0.03340548276901245, 0.0105959577485919, -0.007705581374466419, 0.005862260702997446, 0.00026607452309690416, -0.017969239503145218, 0.024991413578391075, -0.027737583965063095, -0.014081965200603008, -0.0033418021630495787, 0.011041113175451756, -0.016514647752046585, 0.0074924081563949585, 0.022195084020495415, 0.002152108121663332, -0.01630147360265255, -0.009423505514860153, 0.002420141827315092, 0.01774352788925171, -0.008965810760855675, -0.00185429269913584, 0.012746498920023441, -0.006451621651649475, -0.011022304184734821, -0.010000327602028847, -0.032903898507356644, 0.02776266448199749, -0.03297913447022438, 0.015423702076077461, 0.00699709402397275, 0.001973418751731515, -0.008100578561425209, -0.0022179409861564636, -0.00751121761277318, 0.005128694232553244, -0.014006728306412697, -0.024953793734312057, -0.015586717054247856, 0.017267022281885147, 0.0016176077770069242, -0.004636515397578478, -0.0028025994542986155, -0.028163930401206017, -0.01872161589562893, 0.03664069622755051, 0.011536427773535252, -0.002083140192553401, -0.0007167162257246673, 0.02441459149122238, -0.009059857577085495, 0.008075498975813389, 0.019173040986061096, -0.017404958605766296, -0.00019044510554522276, 0.0012751200702041388, -0.004144336096942425, 0.013567841611802578, -0.01695353351533413, 0.02556823380291462, 0.02143016830086708, -0.0007602129480801523, -0.019712243229150772, 0.007586454972624779, -0.025041570886969566, 0.05040917173027992, 0.009749535471200943, 0.021405089646577835, 0.010815400630235672, 0.011041113175451756, -0.0075927251018583775, 0.0009075531852431595, 0.018646378070116043, 0.031123274937272072, -0.02673441730439663, -0.029894394800066948, -0.018847011029720306, -0.014006728306412697, -0.01727956160902977, 8.087059541139752e-05, -0.012646181508898735, -0.0019937956240028143, -0.004686673637479544, 0.0004702348087448627, -0.021543024107813835, 0.0172419436275959, 0.003975051920861006, -0.03899814188480377, 0.009611600078642368, -0.019687164574861526, -0.02524220570921898, -0.0031239266972988844, 0.01993795670568943, 0.01947399228811264, -0.023674756288528442, -0.00268504093401134, 0.004288541618734598, -0.005454723723232746, 0.0097119165584445, 0.03894798457622528, 0.00260823592543602, 0.006445351988077164, -0.027988376095891, -0.0190100260078907, -0.02556823380291462, -0.034258175641298294, 0.018596218898892403, 0.02138000912964344, 0.0027634133584797382, 0.017806224524974823, -0.017442576587200165, 0.016614964231848717, -0.02342396415770054, 0.0011967476457357407, -0.021392550319433212, 0.012282533571124077, 0.024753160774707794, 0.0005584038444794714, -0.008332560770213604, -0.010652386583387852, 0.016100840643048286, -0.038847666233778, -0.013266892172396183, -0.01727956160902977, -0.008915652520954609, -0.03872226923704147, -0.0014553767396137118, 0.015310845337808132, -0.0016771708615124226, 0.029518207535147667, -0.02474062144756317, -0.014144663698971272, -0.015473860315978527, -0.03874734789133072, 0.010646115988492966, 0.0029812888242304325, -0.021630801260471344, -0.019085263833403587, 0.0024718677159398794, 0.009605330415070057, 0.00495000509545207, 0.005821506958454847, -0.006034680176526308, 0.019912878051400185, 0.18337903916835785, -0.02534252218902111, -0.01732972078025341, 0.006758841685950756, 0.004959410056471825, 0.02393808774650097, 0.020652713254094124, 0.003040851792320609, -0.008451687172055244, 0.02534252218902111, 0.02203206904232502, -0.016276394948363304, -0.01872161589562893, 0.016740359365940094, 0.011699442751705647, -0.0040753684006631374, -0.01890970952808857, -0.017216864973306656, 0.024577606469392776, -0.03312961012125015, -0.0049123866483569145, -0.0074924081563949585, 0.014658787287771702, 0.003363746451213956, 0.04584475979208946, -0.005125559400767088, -0.0003893152461387217, -0.00941096618771553, 0.046697452664375305, 0.0011896940413862467, -0.020890966057777405, -0.002028279472142458, 0.001147372997365892, 0.011191588826477528, 0.002192861633375287, -0.013091337867081165, -0.01714162714779377, 0.0041129873134195805, -0.0030690659768879414, 0.041857168078422546, 0.012038011103868484, 0.02146778628230095, -0.031123274937272072, 0.009047318249940872, 0.00056937598856166, 0.04654697701334953, -0.004163145553320646, -0.024376973509788513, 0.019398754462599754, -0.00490298168733716, -0.02966868318617344, -0.01993795670568943, -0.012752768583595753, -0.0015047513879835606, 0.016966072842478752, 0.03320484980940819, 0.0042477878741919994, 0.010426673106849194, -0.019060185179114342, -0.005852856207638979, -0.003213271265849471, 0.013580381870269775, -0.03167501837015152, 0.011066192761063576, 0.00012284883996471763, 0.00952382292598486, -0.0008942298591136932, -0.03014518693089485, -0.0026207754854112864, -0.006407733075320721, -0.0011685335775837302, -0.020941123366355896, -0.021267153322696686, 0.006200829986482859, 0.008652321062982082, -0.01895986869931221, 0.01938621513545513, 0.009360807947814465, 0.01569957286119461, 0.036916568875312805, 0.008332560770213604, 0.02249603345990181, -0.013404827564954758, 0.007724390830844641, -0.005896744783967733, -0.05351899191737175, 0.03450896590948105, 0.006404598243534565, -0.016991151496767998, -0.02570617012679577, 0.0011990987695753574, -0.01569957286119461, -0.0010556771885603666, 0.026282992213964462, 0.022470954805612564, 0.028264246881008148, 0.02338634431362152, 0.027361396700143814, -0.013480064459145069, -0.008307482115924358, -0.002741469070315361, 0.054572317749261856, 0.008608432486653328, 0.024339353665709496, -0.006526859477162361, 0.018420664593577385, -0.011511348187923431, -0.008934461511671543, 0.015185450203716755, -0.00751121761277318, -0.003363746451213956, -0.019624466076493263, -0.00071475695585832, -0.017304642125964165, -0.0036239430774003267, 0.007624073885381222, 0.0039029489271342754, -0.0009702511597424746, -0.017267022281885147, -0.015223068185150623, 0.01653972640633583, -0.019925417378544807, -0.0012798224342986941, -0.0021975641138851643, -0.018483363091945648, -0.019436372444033623, -0.017430037260055542, 0.015586717054247856, 0.007899944670498371, -0.005122424568980932, 0.017718447372317314, -0.04554380849003792, 0.0015627470565959811, -0.007843516767024994, 0.0056741670705378056, 0.018734155222773552, 0.0036835060454905033, 0.017906542867422104, -0.009943898767232895, 0.01171198207885027, -0.015072593465447426, -0.02417634055018425, 0.0017853248864412308, -0.0007077034097164869, 0.0077620092779397964, -0.006639715749770403, 0.009003429673612118, -0.007122490089386702, -0.03154962137341499, 0.005937498528510332, -0.03726767748594284, 0.02115429751574993, -0.01129817496985197, -0.007943833246827126, 0.011479999870061874, -0.0028386509511619806, -0.030446136370301247, -0.014909578487277031, -0.02650870382785797, -0.003962512128055096, -0.040076546370983124, -0.013103877194225788, -0.005232146009802818, 0.004489175044000149, 0.008169546723365784, 0.02482839860022068, -0.1531836986541748, 0.00630114646628499, -0.012558404356241226, -0.035938479006290436, 0.014445614069700241, 0.01988779753446579, 0.009373347274959087, 0.0032007317058742046, -0.007768279407173395, -0.007975182496011257, 0.002529863268136978, -0.013868791982531548, -0.026659179478883743, -0.00531051866710186, -0.014182282611727715, -0.005642817821353674, 0.003222675994038582, 0.027311237528920174, 0.03536165878176689, 0.011523888446390629, 0.021354930475354195, -0.0331546887755394, 0.010338895954191685, -0.01816987432539463, -0.012125788256525993, -0.004758776165544987, 0.005570715293288231, 0.012821735814213753, -0.01320419367402792, -0.01074016373604536, -0.00485595827922225, -0.012583483941853046, 0.023637136444449425, -0.0020768705289810896, 0.007310584187507629, 0.0047650462947785854, -0.0005039349780417979, -0.03375659137964249, -0.014596088789403439, -0.002084707608446479, -0.004714887589216232, 0.012577214278280735, -0.012100709602236748, 0.024941254407167435, 0.003269699402153492, 0.04499206691980362, 0.004344969522207975, -0.0017931620823219419, -0.013730856589972973, 0.009799693711102009, -0.007040982600301504, -0.028991544619202614, 0.012878164649009705, -3.426346302148886e-05, -0.00155490986071527, 0.0038810046389698982, 0.012025471776723862, 0.01120412815362215, 0.0015102374600246549, -0.027261080220341682, -0.0008683669730089605, -0.03513594716787338, -0.007899944670498371, 0.027963297441601753, 0.03899814188480377, -0.012828005477786064, -0.0025032167322933674, 0.008044150657951832, -0.011310715228319168, 0.0009130392572842538, 0.00345779350027442, -0.02482839860022068, 0.004623975604772568, -0.03004487045109272, 0.017078928649425507, 0.0182074923068285, -0.02356189861893654, -0.01578735001385212, -0.019599387422204018, -0.006056624464690685, -0.024301735684275627, 0.004714887589216232, -0.04255938529968262, -0.013354669325053692, -0.027687426656484604, 0.007241616025567055, 0.0023057181388139725, -0.0018605624791234732, -0.011454920284450054, -0.010602227412164211, 0.012012932449579239, -0.032251838594675064, -0.0061506712809205055, -0.013291970826685429, -0.018345428630709648, 0.012915783561766148, -0.008495575748383999, 0.003150573233142495, -0.016088301315903664, -0.0020564936567097902, 0.00741717079654336, -0.0016630637692287564, -0.002844920614734292, -0.00741717079654336, 0.010539529845118523, -0.008758907206356525, -0.018044477328658104, -0.002509486395865679, 0.015398623421788216, -0.030521374195814133, 0.016013063490390778, 0.008871763944625854, -0.010570879094302654, 0.022608891129493713, -0.004407667554914951, 0.018182413652539253, -0.005420240107923746, 0.009530092589557171, 0.003692910773679614, -0.004232113249599934, 0.058133564889431, -0.013618000783026218, -4.843173883273266e-06, 0.012664991430938244, 0.0036552920937538147, -0.01727956160902977, -0.11215414106845856, -0.01283427607268095, 0.0015000490238890052, 0.014382915571331978, 0.021693499758839607, 0.009059857577085495, 0.0051819877699017525, 0.030997879803180695, -0.01190007571130991, -0.013768475502729416, -0.031599778681993484, -0.020477158948779106, 0.005680436734110117, -0.002453058259561658, 0.04607047140598297, -0.019260818138718605, 0.005696111358702183, -0.025279823690652847, -0.027988376095891, 0.030521374195814133, -0.01722940430045128, 0.018646378070116043, 0.005749404430389404, -0.012050551362335682, -0.017593052238225937, 0.002279071370139718, -6.749828753527254e-05, 0.02026398666203022, 0.006307416595518589, -0.002429546555504203, 0.0008244783966802061, -0.00798772182315588, 0.021066520363092422, 0.0037932274863123894, 0.001750841038301587, 0.0034609283320605755, -0.013354669325053692, -0.009887470863759518, 0.021304773166775703, -0.007536296732723713, 0.014683865942060947, -0.00044672307558357716, -0.004363778978586197, -0.01131698489189148, 0.010426673106849194, -0.020414460450410843, -0.020978743210434914, -0.010840480215847492, -0.019900336861610413, -0.00620709965005517, -0.006815270055085421, -0.012583483941853046, -0.0160256028175354, -0.023398885503411293, 0.024941254407167435, -0.014708945527672768, 0.025041570886969566, 0.038396239280700684, -0.02143016830086708, -0.013818633742630482, 0.0012680665822699666, -0.011918885633349419, 0.004235248081386089, 0.0013730856589972973, 0.017317181453108788, -0.009254220873117447, -0.016978612169623375, -0.00585912587121129, -0.004943735431879759, -0.009166443720459938, -0.011567777022719383, 0.016326552256941795, -0.0033919604029506445, 0.012081899680197239, -0.022094767540693283, 0.023223331198096275, 0.004426477011293173, -0.027311237528920174, -0.005790158174932003, -0.0143954548984766, -0.020464619621634483, 2.8042650228599086e-06, -0.00042477878741919994, -0.002285341266542673, 0.043863505125045776, 0.01280919648706913, 0.02161826193332672, -0.004943735431879759, 0.006028410512953997, -0.004580087028443813, 0.014157203026115894, 0.027236001566052437, 0.004451556131243706, -0.0020690332166850567, -0.0016442544292658567, -0.004241518210619688, 0.017104007303714752, -0.0034546584356576204, 0.029568364843726158, 0.029091861099004745, -0.007993992418050766, -0.029091861099004745, -0.020615095272660255, 0.008138197474181652, 0.0002223818883066997, 0.02417634055018425, 0.01574973203241825, 0.008207164704799652, -0.00660209683701396, 0.005282304715365171, 0.00781216798350215, 0.011360873468220234, -0.021731117740273476, 0.014734024181962013, 0.022245241329073906, -0.0016756034456193447, -0.027210921049118042, -0.007235346361994743, 0.015687033534049988, 0.017304642125964165, 0.01793162152171135, 0.015824969857931137, -0.016176078468561172, 0.0042571923695504665, -0.007160109002143145, 0.03443372994661331, -0.03879750892519951, -0.024941254407167435, -0.01844574511051178, 0.011592855677008629, -0.005138099193572998, -0.000369526183931157, -0.012878164649009705, -0.026383308693766594, 0.01653972640633583, 0.02245841547846794, -0.01341736689209938, -0.017668290063738823, -0.0035800545010715723, 0.021881593391299248, 0.03142422437667847, 0.08346354961395264, -0.023925548419356346, -0.024063482880592346, 0.03413277864456177, -0.0497320331633091, -0.018796853721141815, -0.010890638455748558, -0.032628025859594345, -0.0009679000359028578, -0.0023213925305753946, -0.0026521245017647743, 0.020564936101436615, 0.010965876281261444, 0.013116416521370411, -0.02198190987110138, -0.010552069172263145, -0.025831567123532295, -0.004207034129649401, -0.0017868923023343086, 0.00046474873670376837, -0.0054641286842525005, 0.02706044726073742, -0.0020627633202821016, -0.0007970480364747345, 0.00931691937148571, 0.002940535079687834, 0.0025267284363508224, -0.013429906219244003, -0.005100480280816555, 0.01686575636267662, -0.009649218991398811, -0.003865330247208476, 0.018596218898892403, 0.017505275085568428, 0.0007993992185220122, 0.025317443534731865, 0.0021301638334989548, -0.0001504751417087391, -0.01788146235048771, 0.005683571565896273, -0.0006528426893055439, 0.023373804986476898, 0.0334305614233017, -0.030170265585184097, 0.015423702076077461, 0.05492342635989189, 0.02613251656293869, -0.02558077499270439, -0.012150867842137814, -0.004391993395984173, -0.019223200157284737, -0.006122457329183817, 0.002547105308622122, -0.001791594666428864, 0.025355061516165733, 0.025229666382074356, 0.0028370835352689028, -0.00023825230891816318, -0.009780884720385075, 0.002727361861616373, 0.01849590241909027, 0.019963035359978676, 0.020627634599804878, -0.0062886071391403675, -0.015248147770762444, -6.999641482252628e-05, 0.006946935784071684, -0.019486531615257263, -0.021367469802498817, -0.00452052429318428, 0.0010070862481370568, -0.013128955848515034, -0.006401463411748409, -0.012639911845326424, 0.003636482637375593, -0.02874075248837471, -0.008564543910324574, -0.0031317640095949173, -0.002490677172318101, -0.0022163735702633858, 0.012219836004078388, 0.016088301315903664, -0.006225909106433392, -0.004887307062745094, 0.012696339748799801, 0.012006662786006927, -0.013404827564954758, 0.014257519505918026, -0.03285374119877815, -0.011636744253337383, -0.00669614365324378, -0.004968814551830292, -0.011699442751705647, -0.022069687023758888, -0.003078470705077052, 0.0025894264690577984, -0.03440864756703377, 0.024928715080022812, 0.005307383835315704, 0.013103877194225788, 0.08697463572025299, 0.030421057716012, -0.020615095272660255, 0.025455377995967865, -0.0031709501054137945, 0.0009773046476766467, -0.013843713328242302, 0.016991151496767998, 0.00014871175517328084, 0.012652451172471046, 0.022934919223189354, -0.02319825068116188, 0.022006990388035774, -0.030245503410696983, -0.03460928425192833, 0.03791973739862442, -0.004993893671780825, 0.01625131629407406, 0.006134997121989727, -0.0028637300711125135, 0.012464357540011406, -0.0009287137654609978, 0.013781014829874039, -0.010677465237677097, -0.046321265399456024, -0.008564543910324574, 0.02474062144756317, -0.0010180583922192454, -0.0052196066826581955, -0.024677922949194908, -0.015361004509031773, -0.017630670219659805, -0.014859420247375965, -0.007040982600301504, 0.024928715080022812, -0.020063351839780807, -0.008539464324712753, -0.02896646410226822, -0.008081769570708275, 0.013655618764460087, -0.020890966057777405, 0.011172778904438019, -0.017041310667991638, -0.019210660830140114, 0.003128628944978118, -0.013379747979342937, 0.008809065446257591, -0.01578735001385212, -0.0053293281234800816]"
"Una persona apática no tiene interés por lo que le rodea, tiene una falta de respuesta emocional y por tanto, parecen no afectarle las penas ni alegrías de quienes lo rodean, y además nada de lo que ocurre a su alrededor llamará su atención. La apatía se manifiesta también con una pérdida total de iniciativa para cualquier conducta. Esta actitud generalmente hace sufrir a los familiares, que ven que su familiar, que era una persona cariñosa, cercana, con iniciativa y activa, se transforma en alguien indiferente a todo, que no reacciona ni expresa nada. Debemos ser cuidadosos para no confundir apatía con depresión. En la apatía no existen afectos, nada atrae su atención; en la depresión el paciente puede parecer apático porque no muestra interés ni iniciativa, pero existe tristeza, tendencia al llanto, angustia, sensación de impotencia y sentimientos de culpa. Ejemplos de pacientes afectados por demencia con síntomas de apatía: El Sr. GHR nos narra que su esposa empezó la enfermedad hace 3 años, con síntomas caracterizados por una gran pasividad: ""inicialmente abandonó las labores domésticas, luego no tenía interés por cambiarse de ropa""; y más adelante había que escogerle la ropa que debía usar. Desde hace un año, no le interesa lo que pasa a su rededor, donde la dejas, de allí no se mueve. Desde hace 6 meses, no se ""quiere levantar de la cama, parece un vegetal, no le interesa nada"". Otro ejemplo: La Sra. ARG cuidadora principal de un paciente con demencia en fase moderada, que inició su enfermedad hace 8 años cuando preguntamos sobre las actividades de motivación en comparación con el nivel previo de funcionamiento del paciente, nos dice: Ahora, ""es un autómata, me sigue donde lo llevo, es una mansa palomita. Pueden pasar muchas horas de caminata, y no se queja. Puedo dejarlo sentado y no se mueve. No le doy de comer y no pide, parece que no tiene apetito. No tiene afecto, No se ríe, no se inmuta ni con cosas jocosas, ni tristes"".","[-0.02716626040637493, -0.003716618986800313, 0.0534684881567955, -0.024688513949513435, -0.017255276441574097, 0.0080494973808527, 0.001740775303915143, 0.01587028056383133, -0.013049461878836155, -0.008278212510049343, 0.010813137516379356, 0.031054416671395302, 0.01792871579527855, 0.033519454300403595, -0.007153697311878204, 0.019834674894809723, 0.04289676994085312, 0.010247702710330486, 0.0252348892390728, -0.019199354574084282, -0.01796683482825756, 0.020139627158641815, -0.011797882616519928, -0.0064103733748197556, -0.02570502646267414, 0.0159338116645813, 0.006222954019904137, -0.02354493923485279, 0.008411630056798458, -0.0398472361266613, 0.011651759035885334, -0.01683596521615982, -0.006134009454399347, -0.026149749755859375, 0.0037229720037430525, -0.03158808499574661, -0.011651759035885334, -0.02772534266114235, 0.011105384677648544, -0.011816942133009434, -0.0022585606202483177, 0.008475162088871002, -0.016696196049451828, -0.00820197444409132, 0.0030765344854444265, 0.004987257998436689, -0.03107982873916626, -0.019910912960767746, -0.04124493896961212, 0.03565412759780884, 0.024612275883555412, 0.011111737228929996, -0.051384638994932175, 0.0011205447372049093, 0.04048255831003189, -0.01952972076833248, -0.012928751297295094, 0.0043900576420128345, 0.01343065407127142, -0.01905958354473114, -0.009580617770552635, -0.006429432891309261, -0.0034021358005702496, 0.013900790363550186, -0.0013452889397740364, -0.004202638287097216, 0.007388765458017588, -0.015438263304531574, 0.02101636864244938, 0.016696196049451828, 0.03263000771403313, 0.026785068213939667, -0.0019456659210845828, -0.008576813153922558, 0.0230748038738966, 0.006048241164535284, 0.01331629604101181, 0.002498393878340721, -0.001977431820705533, 0.020304810255765915, -0.002188675571233034, -0.04254099354147911, -0.021829577162861824, 0.0224140714854002, 0.011467516422271729, 0.019682196900248528, -0.008945298381149769, 0.0015390614280477166, -0.008773761801421642, -0.0012515793787315488, -0.011708937585353851, 0.0028716439846903086, 0.014599641785025597, 0.03260459378361702, 0.003675323212519288, 0.03257918357849121, 0.024650394916534424, 0.010991026647388935, -0.003948510624468327, -0.04236310347914696, -0.03130854293704033, 0.018818162381649017, -0.03954228386282921, 0.0018773690098896623, -0.007547595538198948, 0.009021536447107792, 0.007560301572084427, 0.013341709040105343, 0.019618665799498558, -0.040863748639822006, -0.02360847219824791, 0.019199354574084282, 0.007839842699468136, -0.023354344069957733, 0.003748385002836585, 0.007731838151812553, 0.0214229729026556, 0.006283309776335955, -0.007356999441981316, -0.040558796375989914, -0.0020330222323536873, 0.030495334416627884, 0.006842390634119511, -0.014930007979273796, -0.008233739994466305, -0.012693682685494423, 0.0005078585236333311, 0.0005817143828608096, -0.05285857990384102, 0.010126992128789425, -0.010857610031962395, 0.020508112385869026, -0.01634041778743267, 0.00019416950817685574, 0.004768072627484798, 0.004920549225062132, -0.027471214532852173, -0.0076174805872142315, -0.01522225420922041, -0.039364393800497055, 0.0022410894744098186, -0.004078750964254141, -0.0318676233291626, -0.01850050315260887, 0.005590811371803284, -0.0017661881865933537, 0.009269311092793941, 0.003235364332795143, 0.004790308885276318, 0.017306102439761162, 0.016696196049451828, -0.009656855836510658, -0.01902146451175213, -0.025120532140135765, -0.013494185172021389, -0.0003762282431125641, 0.01597193069756031, -0.0021712041925638914, -0.02202017232775688, -0.005708345677703619, 0.014231156557798386, -0.006124479696154594, -0.006982161197811365, -0.007941493764519691, -0.0074395909905433655, 0.02218535542488098, -0.01653101295232773, 0.003964393399655819, 0.017788944765925407, -0.008456102572381496, -0.004510768223553896, 0.029707537963986397, -0.027090022340416908, 0.023595765233039856, 0.009472613222897053, -0.01215366180986166, -0.011689878068864346, 0.008398923091590405, -0.01620064675807953, -0.02965671382844448, -0.022172650322318077, 0.007941493764519691, 0.023201867938041687, 0.016594544053077698, -0.01623876579105854, -0.006400843616575003, 0.03019038215279579, 0.013176525942981243, 0.012941457331180573, 0.0015271492302417755, -0.015260374173521996, 0.02161356806755066, 0.024192964658141136, -0.015501795336604118, -0.623731255531311, 0.0035736721474677324, 0.010006281547248363, 0.003618144430220127, 0.01183600164949894, 0.03135937079787254, 0.00858316570520401, -0.012471321038901806, -0.02925010770559311, -0.07349375635385513, -0.021067194640636444, 0.006944041699171066, 0.0036403806880116463, -0.012299785390496254, -0.022693611681461334, -0.017242571339011192, -0.003456137841567397, -0.010851256549358368, 0.023125628009438515, 0.005034906789660454, 0.011410337872803211, 0.03440890088677406, -0.02988542802631855, 0.025247596204280853, 0.003691206220537424, 0.010870316065847874, 0.012668270617723465, -0.00782078318297863, 0.01207107026129961, 0.04193108528852463, -0.0011443692492321134, 0.005384332500398159, 0.009923689998686314, 0.026988370344042778, 0.059516727924346924, -0.03661981597542763, 0.030724050477147102, 0.03397688642144203, -0.014218449592590332, 0.035781193524599075, 0.0012738155201077461, 0.001782071078196168, 0.0020314340945333242, -0.023062096908688545, -0.003643557196483016, -0.010635248385369778, 0.004812545143067837, -0.02570502646267414, -0.022960444912314415, 0.022591959685087204, 0.02912304550409317, 0.018119310960173607, -0.04134659096598625, 0.016251472756266594, 0.01653101295232773, 0.026022685691714287, 0.0258956216275692, -0.03944063186645508, 0.003653086954727769, 0.020990954712033272, 0.009351902641355991, 0.004072397947311401, 0.009650502353906631, -0.007401471957564354, -0.02696295827627182, 0.03562871739268303, -0.003751561511307955, 0.0019758434500545263, 0.002042552223429084, -0.027649102732539177, 0.014231156557798386, 0.005775053985416889, -0.026048097759485245, 0.01945348270237446, 0.021041780710220337, -0.021245082840323448, 0.007350646425038576, 0.034180186688899994, -0.010584422387182713, -0.00013877759920433164, 0.0013738783309236169, -0.01310028787702322, -0.036772292107343674, 0.015069778077304363, 0.04294759780168533, -0.004663244821131229, -0.010857610031962395, 0.019834674894809723, 0.003999336156994104, 0.002166439313441515, 0.005597164388746023, 0.00968226883560419, -0.022198062390089035, -0.02620057575404644, -0.025323834270238876, 0.0015867103356868029, -0.00869752373546362, 0.012020244263112545, 0.029631299898028374, -0.0006333341007120907, 0.014421751722693443, -0.026480115950107574, 0.022159943357110023, 0.0315372571349144, 0.023163748905062675, 0.001845603110268712, -0.02815735898911953, 0.013329003006219864, 0.04274429380893707, -0.02447250671684742, -0.014281981624662876, 0.00023665650223847479, 0.02381177432835102, 0.0021870872005820274, 0.0009831568459048867, -0.015095191076397896, 0.017153626307845116, 0.018576741218566895, 0.012833453714847565, -0.019046878442168236, -0.001159458071924746, -0.0031178302597254515, 0.004768072627484798, -0.003815093543380499, 0.009625090286135674, 0.010038048028945923, -0.01733151450753212, 0.010215937159955502, -0.01505707111209631, -0.010768665000796318, -0.005517749581485987, -0.00869752373546362, 0.008265506476163864, -0.0058639985509216785, 0.035806603729724884, -0.0016550072468817234, 0.025082413107156754, -0.008424336090683937, 0.002604809822514653, -0.010076167061924934, -0.01720445044338703, 0.001780482823960483, 0.009701328352093697, 0.014637760818004608, 0.020215865224599838, -0.024561451748013496, -0.005574928596615791, -0.0005376390763558447, -0.0318676233291626, -0.0038627423346042633, -0.01889440044760704, -0.01505707111209631, 0.016924910247325897, 0.04429447278380394, 0.02035563625395298, 0.0029796482995152473, -0.037941280752420425, 0.004914196208119392, -0.024434387683868408, -0.005146087612956762, 0.008703877218067646, 0.024713927879929543, 0.00464100856333971, -0.004790308885276318, -0.034154776483774185, -0.021893108263611794, 0.017839770764112473, 0.03240129351615906, -0.017344221472740173, -0.02912304550409317, -0.012509440071880817, -0.007477710023522377, 0.000151583255501464, -0.0007238671532832086, -0.03733137249946594, 0.014866475947201252, -0.011029145680367947, -0.004587006755173206, 0.026124337688088417, 0.013849964365363121, -0.003487903857603669, -0.00016895527369342744, -0.001458852319046855, -0.009974515996873379, 0.024650394916534424, -0.01236966997385025, 0.00615942245349288, 0.010546303354203701, -0.009256605058908463, 0.020698707550764084, 0.01315111294388771, 0.01298592984676361, -0.003649910446256399, 0.011524694971740246, -0.006905922666192055, 0.01918664760887623, 0.00639131385833025, 0.002744580153375864, 0.004472649190574884, 0.023570353165268898, 0.010914788581430912, -0.013545011170208454, 0.018043072894215584, -0.00655014393851161, 0.029097631573677063, -0.023303518071770668, 0.020114215090870857, -0.012185427360236645, 0.031105240806937218, 0.0024364502169191837, 0.008945298381149769, -0.010616188868880272, 0.004526651464402676, -0.012433202005922794, -0.03171514719724655, 0.02696295827627182, 0.004660068545490503, 0.02965671382844448, -0.0007119548972696066, -0.0013294060481712222, -0.00401839567348361, 0.015921106562018394, 0.00529538793489337, -0.00047212178469635546, 0.00936460867524147, 0.010609835386276245, 0.03367193043231964, 0.02360847219824791, -0.01660725101828575, -0.0074713570065796375, -0.013062168844044209, -0.006569203455001116, 0.00488878320902586, 0.008430689573287964, -0.026276813820004463, 0.021143432706594467, -0.0011991654755547643, -0.0011340453056618571, 0.01809389889240265, -0.006296015810221434, -0.0018980168970301747, 0.010323941707611084, -0.0034243720583617687, -0.008157501928508282, -0.011766117066144943, 0.016226058825850487, 0.023862600326538086, 0.019212061539292336, 0.012191780842840672, 0.00717910984531045, 0.00749677000567317, 0.008494221605360508, -0.02012692019343376, -0.02889432944357395, -0.025844795629382133, -0.004272523336112499, -0.0031146537512540817, -0.010451005771756172, 0.03961852192878723, -0.00021700130309909582, 0.02002527005970478, -0.021029073745012283, 0.02337975613772869, 0.011410337872803211, 0.016696196049451828, -0.018081191927194595, 0.009542498737573624, -0.02198205329477787, -0.007757250685244799, 0.011797882616519928, -0.001441381056793034, -0.01264921110123396, 0.00016101378423627466, -0.014815649949014187, 0.006359547842293978, -0.01095926109701395, -0.022922325879335403, 0.010717839933931828, 0.03575577959418297, 0.011880474165081978, -0.02118155173957348, -0.017687294632196426, 0.0217533390969038, 0.016124408692121506, 0.02029210329055786, 0.008062204346060753, -0.02560337446630001, -0.0012809628387913108, -0.025959154590964317, 0.030825700610876083, -0.03412936255335808, -0.02397695742547512, -0.005193736869841814, 0.005301740951836109, -0.0045774769969284534, 0.013392534106969833, 0.025463605299592018, 0.023659296333789825, -0.00014870446466375142, -0.022833382710814476, 0.009332843124866486, -0.014269275590777397, -0.025781264528632164, -0.00583540927618742, -0.019034171476960182, 0.028131946921348572, -0.009968162514269352, -0.01587028056383133, -0.025959154590964317, -0.010317588225007057, -0.006982161197811365, 0.010076167061924934, -0.0039898063987493515, 0.0022283829748630524, -0.009294724091887474, -0.009135894477367401, -0.008240093477070332, 0.030724050477147102, 0.018538622185587883, -0.0009903042810037732, 0.002852584468200803, -0.007750897668302059, -0.005524102598428726, -0.01640394888818264, 0.015120603144168854, 0.009453553706407547, 0.0006710562156513333, 0.01117526926100254, 0.012750862166285515, 0.004729953594505787, -0.0038818020839244127, -0.020609764382243156, 0.022960444912314415, 0.01809389889240265, -0.010914788581430912, 0.010698779486119747, 0.0112070357427001, 0.005613047629594803, 0.009853805415332317, 0.020927423611283302, 0.01006346009671688, -0.017090093344449997, -0.004231227561831474, 0.00425981730222702, 0.01912311650812626, -0.022426776587963104, 0.004675951320677996, 0.009739447385072708, -0.010527243837714195, -0.00964414980262518, 0.019961737096309662, 0.008113029412925243, 0.032528355717659, -0.020482700318098068, 0.012731802649796009, -0.0009474201942794025, 0.0046219490468502045, 0.022172650322318077, -0.007789016701281071, -0.004301112610846758, -0.013849964365363121, 0.0010244526201859117, 0.034180186688899994, -0.009504379704594612, 0.03125771880149841, -0.0032877782359719276, 0.003691206220537424, -0.016162527725100517, 0.0222488883882761, -0.025311127305030823, 0.004637832287698984, 0.009536145254969597, 0.003073357976973057, -0.009243898093700409, 0.021092606708407402, -0.0345359668135643, -0.01276992168277502, -0.010273115709424019, 0.028309835121035576, 0.011435750871896744, 0.024358147755265236, 0.0025047471281141043, -0.026708830147981644, 0.018741924315690994, -0.0033862527925521135, -0.013494185172021389, -0.00890082586556673, -0.013062168844044209, -0.00820197444409132, -0.022731730714440346, 0.01072419248521328, 0.014879181981086731, -0.008691170252859592, -0.0020806712564080954, 0.025755850598216057, -0.006105420179665089, -0.027903230860829353, 0.00496502174064517, 0.003472020849585533, 0.02301127091050148, -0.021029073745012283, -0.02437085472047329, -0.0014302629278972745, 0.009790273383259773, -0.016060875728726387, 0.006489788647741079, -0.001253961818292737, -0.014256568625569344, 0.04073668643832207, -0.009752154350280762, 0.004895136691629887, -0.041981909424066544, -0.010381120257079601, 0.011581874452531338, 0.009485320188105106, -0.02420567162334919, 0.026022685691714287, 0.015095191076397896, -0.006127656437456608, 0.0059370603412389755, 0.00402474869042635, 0.011600933969020844, 0.011721644550561905, -0.022363245487213135, 0.035806603729724884, -0.040965400636196136, -0.009733093902468681, -0.034180186688899994, 0.00455841701477766, -0.011099031195044518, -0.004059691447764635, 0.015018952079117298, -0.009142247028648853, -0.020863890647888184, 0.002223618095740676, -0.0026508704759180546, 0.0019901383202522993, -0.0071028717793524265, -0.013214644975960255, 0.00655014393851161, 0.009123187512159348, 0.013074874877929688, 0.042490165680646896, -0.00527950469404459, -0.0065247309394180775, -0.02533654123544693, 0.030495334416627884, 0.017852477729320526, -0.010495477356016636, -0.025209477171301842, 0.021232377737760544, -0.022960444912314415, -0.02397695742547512, -0.00465689180418849, 0.0010419238824397326, 0.0012634915765374899, 0.00700757373124361, -0.02599727362394333, -0.053875092417001724, 0.010552656836807728, -0.007369705941528082, 0.012979577295482159, 0.00038893462624400854, 0.0033386037684977055, -0.013049461878836155, -0.018805457279086113, -0.008881766349077225, -0.023532234132289886, 0.023926131427288055, -0.03433266282081604, -0.0076619526371359825, 0.02327810600399971, -0.02642928995192051, 0.013087580911815166, -0.011950359679758549, 0.008138442412018776, -0.020330222323536873, -0.01182329561561346, -0.012744508683681488, -0.004634655546396971, 0.019212061539292336, -0.03346863016486168, 0.020101508125662804, -0.0007091753650456667, 0.008309978991746902, 0.019949031993746758, 0.012407789006829262, -0.0019663136918097734, -0.004088280722498894, -0.002334799151867628, 0.003284601727500558, -0.019008759409189224, -0.013367122039198875, 0.040457144379615784, -0.010133345611393452, 0.014879181981086731, 0.020609764382243156, -0.03811916708946228, -0.006121302954852581, 0.028665615245699883, -0.015984637662768364, -0.02204558625817299, -0.03138478100299835, -0.046734102070331573, 0.012293431907892227, 0.02593374066054821, -0.0027874642983078957, 0.024879110977053642, -0.019084997475147247, 0.019644077867269516, 0.019771141931414604, 0.00449170870706439, -0.00560351787135005, -0.017572937533259392, 0.012712743133306503, -0.0027811110485345125, 0.017191745340824127, 0.007827135734260082, -0.024624982848763466, -0.007083812262862921, -0.0012110777897760272, -0.028945155441761017, -0.02805570885539055, -0.015717804431915283, -0.02214723639190197, 0.0002976074756588787, -0.00213308515958488, -0.01809389889240265, -0.006280133035033941, -0.006836037617176771, 0.0018837222596630454, 0.006931335665285587, 0.003538729390129447, -0.007553948555141687, -0.007712778635323048, -0.02304938994348049, -0.01895793341100216, -0.021143432706594467, 0.006458022631704807, 0.019046878442168236, -0.03095276467502117, 0.01736963354051113, -0.00709016527980566, -0.03240129351615906, 0.01938994973897934, -0.01942806877195835, 0.0385257713496685, -0.025654200464487076, 0.0321979895234108, -0.0021060840226709843, -0.019478894770145416, -0.023532234132289886, 0.03842412307858467, 0.013011342845857143, 0.013468773104250431, 0.012268018908798695, 0.000549154297914356, 0.013989734463393688, -0.0054955133236944675, -0.0004232815990690142, 0.007573008071631193, -0.013837258331477642, -0.017890596762299538, 0.03801751881837845, 0.003595908172428608, 0.011232448741793633, -0.014599641785025597, -0.009510732255876064, -0.008989770896732807, 0.019580546766519547, -0.017572937533259392, -0.006562849972397089, -0.0022919150069355965, -0.01379913929849863, -0.02825901098549366, -0.0020933777559548616, -0.008195620961487293, 0.037636324763298035, -0.0072807613760232925, -0.02068600244820118, -0.024421680718660355, -0.004256640560925007, 0.0046219490468502045, 0.03250294551253319, 0.01687408611178398, 0.00040898690349422395, -0.02782699279487133, 0.02354493923485279, -0.011270567774772644, 0.020012563094496727, 0.009154953993856907, 0.01587028056383133, -0.014637760818004608, 0.020660588517785072, 0.018805457279086113, -0.023862600326538086, 0.00181383709423244, -0.01182329561561346, 0.011975771747529507, -0.004231227561831474, -0.0029256462585181, 0.005968826357275248, -0.022223474457859993, -0.01653101295232773, 0.014320100657641888, 0.006518377922475338, 0.004593359772115946, -0.02301127091050148, -0.0016407124930992723, -0.022935032844543457, 0.00043995873420499265, 0.00017520919209346175, 0.014625053852796555, 0.09367150068283081, -0.006111773196607828, -0.014968127012252808, 0.01899605244398117, 0.0059243543073534966, -0.006464375648647547, -0.0022109118290245533, -0.007121931295841932, 0.005571751855313778, -0.0287164393812418, 0.028436899185180664, -0.039923474192619324, -0.000491975515615195, 0.0113722188398242, 0.016149820759892464, -0.009466259740293026, -0.00899612344801426, 0.03522211313247681, 0.010241350159049034, -0.02513323910534382, -0.009885570965707302, 0.014866475947201252, 0.027649102732539177, -0.023163748905062675, 0.006276956293731928, 0.006499318405985832, 0.010679719969630241, -0.008392570540308952, -0.011467516422271729, -0.018386146053671837, 0.011162563227117062, -0.024383561685681343, 0.0219185221940279, 0.0005713904392905533, 0.0028891153633594513, -0.008290919475257397, -0.010038048028945923, -0.002744580153375864, 0.0005173882818780839, -0.012210840359330177, 0.0028414663393050432, -0.032528355717659, 0.012229899875819683, -0.005663873162120581, -0.004955491982400417, -0.010368414223194122, -0.01819554902613163, -0.02620057575404644, 0.04917372763156891, 0.0036149679217487574, -0.003265542211011052, 0.006804271601140499, 0.013837258331477642, -0.007846195250749588, 0.01401514746248722, 0.006248367018997669, -0.0018201903440058231, 0.026556354016065598, -0.009567911736667156, -0.015857573598623276, 0.013049461878836155, -0.013926202431321144, 0.03593366965651512, 0.029199283570051193, 0.009993575513362885, 0.0010736898984760046, 0.010501830838620663, -0.03306202590465546, 0.042820531874895096, -0.0023046215064823627, 0.0025762205477803946, 0.009822038933634758, -0.008125736378133297, -0.0016486539971083403, 0.0014524991856887937, 0.02825901098549366, 0.028106532990932465, -0.028131946921348572, -0.006569203455001116, -0.012191780842840672, -0.012325197458267212, 0.002665165113285184, -0.02381177432835102, -0.02912304550409317, -0.016022756695747375, 0.009815685451030731, -0.01587028056383133, -0.03710265830159187, 0.034053124487400055, 0.010991026647388935, -0.013621249236166477, 0.012604738585650921, -0.006400843616575003, -0.03021579422056675, -0.0016740667633712292, 0.024688513949513435, 0.0023475054185837507, -0.010234996676445007, -0.012522147037088871, 0.0018583094934001565, -0.013900790363550186, 0.005470100790262222, 0.02132132090628147, -0.00433287862688303, 6.67581771267578e-05, -0.036238621920347214, -0.023748241364955902, -0.03392605856060982, -0.0321979895234108, 0.014917301014065742, 0.021956641227006912, 0.00019109218555968255, 0.024180259555578232, -0.01198847871273756, 0.0008529163897037506, -0.024879110977053642, 0.008621285669505596, 0.0021426149178296328, 0.028131946921348572, 0.027877818793058395, 0.004837957676500082, 0.005235032644122839, -0.009224838577210903, 0.011963065713644028, -0.0385257713496685, 0.0049491384997963905, -0.004596536513417959, -0.002401507692411542, -0.024091314524412155, 0.005466924048960209, 0.023163748905062675, 0.014548815786838531, 0.029758363962173462, -0.008824587799608707, 0.011137150228023529, -0.007534889038652182, -0.024777458980679512, 0.018741924315690994, -0.014231156557798386, -0.005574928596615791, -0.016289591789245605, -0.003856389317661524, -0.016581838950514793, 0.013163819909095764, 0.0010578068904578686, -0.003070181468501687, 0.020965542644262314, 0.20076096057891846, -0.03844953328371048, -0.015095191076397896, 0.007445944007486105, -0.006121302954852581, 0.03181679919362068, 0.02294773980975151, -0.0002757683687377721, -0.03019038215279579, 0.03097817674279213, 0.010940201580524445, -0.032960373908281326, -0.0067788586020469666, 0.01928829960525036, 0.016429360955953598, -0.008233739994466305, -0.01286521926522255, -0.020533526316285133, 0.0019742553122341633, -0.025641493499279022, 0.00914860051125288, -0.012268018908798695, 0.00228715012781322, 0.018271788954734802, 0.04742024466395378, 0.002638164209201932, -0.017750825732946396, -0.019046878442168236, 0.037865038961172104, 0.001959960674867034, -0.0225792545825243, 0.0028716439846903086, 0.01017781812697649, -0.014536109752953053, -0.010419239290058613, 0.006677207536995411, -0.02958047389984131, 0.004637832287698984, 0.01640394888818264, 0.013456066139042377, -0.00040203810203820467, 0.00961238332092762, 0.005762347485870123, -0.005289034452289343, 0.017344221472740173, 0.04569217562675476, -0.0023554470390081406, -0.033087439835071564, 0.024980761110782623, 0.003967570140957832, -0.011816942133009434, -0.024396268650889397, -0.0035514358896762133, 0.00010423210187582299, 0.0020219043362885714, 0.020063389092683792, 0.013138406910002232, 0.009891924448311329, -0.02085118554532528, 0.010044400580227375, 0.004307466093450785, 0.012890632264316082, -0.014040560461580753, 0.022731730714440346, 0.0058512925170362, 0.013608543202280998, 0.002026669215410948, -0.022566547617316246, -0.008138442412018776, -0.008837293833494186, 0.00018831266788765788, -0.01429468858987093, -0.020876597613096237, 0.0029208813793957233, 0.003122595138847828, -0.022604666650295258, 0.023392463102936745, 0.037865038961172104, 0.010863962583243847, 0.03316367790102959, -0.0003089240926783532, 0.0012706388952210546, -0.015984637662768364, 0.006600969471037388, -0.005775053985416889, -0.049656569957733154, 0.013951615430414677, 0.007738191168755293, -0.015463676303625107, -0.023290811106562614, -0.0017248924123123288, -0.02663259208202362, 0.008506927639245987, 0.010927494615316391, 0.03479009494185448, -0.0020107862073928118, 0.023519527167081833, 0.017191745340824127, -0.01912311650812626, -0.020609764382243156, -0.002801758935675025, 0.029732951894402504, 0.012858865782618523, 0.02210911735892296, -0.0004645773733500391, 0.021905815228819847, 0.005651166662573814, -0.001090367091819644, 0.025882914662361145, -0.022998565807938576, -0.0006448492640629411, -0.028284423053264618, -0.006531084422022104, -0.019148528575897217, 0.006267426535487175, 0.00853234063833952, 0.0063023692928254604, -0.01482835691422224, 0.0031718325335532427, 0.001520001795142889, -0.003923097625374794, -0.022655492648482323, 0.0002847025461960584, -0.006607322487980127, 0.005797290243208408, -0.023125628009438515, -0.021867696195840836, 0.011276920326054096, 0.014815649949014187, -0.005898941308259964, -0.006343665067106485, -0.04121952876448631, -0.01182329561561346, 0.0011546931928023696, 0.0008886530995368958, 0.03598449379205704, 0.011994831264019012, 0.016289591789245605, 0.008348098024725914, 0.006823331117630005, -0.013748313300311565, -0.016886791214346886, 0.002088612876832485, 0.0025206299033015966, 0.010832197032868862, -0.01285251323133707, 0.013367122039198875, -0.01167081855237484, -0.024879110977053642, -0.013506892137229443, -0.02869102731347084, 0.0315372571349144, 0.007210875861346722, -0.010813137516379356, 0.016060875728726387, 0.007897021248936653, -0.01736963354051113, -0.008322685025632381, -0.01445987168699503, -0.0067788586020469666, -0.022032879292964935, -0.017255276441574097, 0.017725413665175438, 0.01253485307097435, -0.0033862527925521135, 0.02583209052681923, -0.15562786161899567, 0.0063659013248980045, -0.01379913929849863, -0.03313826397061348, 0.024065902456641197, 0.012140954844653606, 0.017547523602843285, -0.01381184533238411, -0.008405276574194431, -0.01363395620137453, 0.02686130814254284, -0.023125628009438515, -0.008595872670412064, -0.0002650473325047642, -0.009815685451030731, -0.009104127995669842, -0.013532305136322975, 0.02480287291109562, 0.025260303169488907, 0.024053195491433144, 0.019567839801311493, -0.018780043348670006, 0.024586863815784454, 0.0011816942133009434, 0.002939940895885229, 0.005914824083447456, 0.000724661280401051, 0.014307394623756409, 0.008170208893716335, -0.01500624604523182, -0.0010816314024850726, -0.010692426934838295, 0.039923474192619324, 0.001845603110268712, 0.0143582196906209, 0.014968127012252808, 0.0014802943915128708, -0.02955506183207035, -0.016378536820411682, 0.0050507900305092335, -0.0007306173793040216, 0.009828392416238785, -0.010470065288245678, -0.012344256974756718, -0.010101580061018467, 0.0315372571349144, 0.0022410894744098186, 0.005238208919763565, -0.01499354001134634, -0.02210911735892296, -0.031664323061704636, -0.016747022047638893, 0.007052046246826649, 0.00700757373124361, -0.003284601727500558, 0.005959296599030495, 0.005701992195099592, 0.004043808672577143, -0.0034053123090416193, 0.009275664575397968, -0.00417722575366497, -0.01700114831328392, 0.0018281317315995693, 0.018741924315690994, 0.018614860251545906, -0.026505528017878532, 0.012356963939964771, -0.011048205196857452, -0.020368343219161034, -0.0023332107812166214, -0.014739411883056164, 0.0032877782359719276, 0.018538622185587883, -0.020635176450014114, 0.006677207536995411, 0.009409081190824509, -0.02630222588777542, -0.01683596521615982, -0.00717275682836771, 0.001959960674867034, -0.03877989947795868, 0.0068932161666452885, -0.03204551339149475, -0.022553840652108192, -0.02587020955979824, 0.020609764382243156, 0.018919814378023148, -0.005317624192684889, 0.0037039124872535467, -0.008100323379039764, 0.006175305228680372, -0.044167410582304, -0.031435608863830566, -0.013761020265519619, -0.004513944964855909, 0.026124337688088417, -0.021905815228819847, -0.007719131652265787, -0.014409045688807964, -0.015755923464894295, 0.006165775470435619, 0.011003733612596989, 0.02570502646267414, -0.007903373800218105, 0.0023633884266018867, -0.005854468792676926, -0.013049461878836155, 0.0009593323920853436, 0.021410265937447548, -0.03771256282925606, -0.0013103464152663946, 0.004828427918255329, 0.0014556756941601634, 0.016149820759892464, -0.017420459538698196, 0.02543819136917591, -0.0050952620804309845, 0.003923097625374794, -0.0014143800362944603, -0.008481514640152454, 0.057331230491399765, -0.006651795003563166, 0.022858794778585434, 0.005133381579071283, 0.004901489708572626, -0.017890596762299538, -0.10246432572603226, -0.019517013803124428, 0.01656913198530674, -0.005717875435948372, -0.0034910805989056826, -0.0023077980149537325, -2.6479916414245963e-05, 0.02052081935107708, -0.009771213866770267, -0.0035482591483742, -0.03801751881837845, -0.02749662660062313, 0.0041486360132694244, -0.02792864479124546, 0.03595908358693123, -0.018602153286337852, 0.028945155441761017, -0.03280789777636528, -0.030469922348856926, 0.022820675745606422, 0.008405276574194431, 0.001567650819197297, -0.015857573598623276, -0.00047331300447694957, -0.03982182592153549, -0.00021303056564647704, -0.0037769742775708437, 0.0014858534559607506, -0.0026254577096551657, 0.01026040967553854, -0.020241279155015945, -0.0011602521408349276, 0.021600862964987755, -0.017560230568051338, 0.017687294632196426, 0.010501830838620663, -0.02074953354895115, -0.010984674096107483, 0.035552479326725006, -0.0050507900305092335, 0.00307971122674644, 0.006315075792372227, 0.003938980866223574, -0.01203930377960205, 0.01679784618318081, -0.016683489084243774, -0.0030511217191815376, -0.010203231126070023, -0.02451062574982643, -0.002082259627059102, -0.020266691222786903, -0.0032718952279537916, -0.020139627158641815, -0.009345549158751965, 0.027674516662955284, -0.020508112385869026, 0.02134673483669758, 0.00795419979840517, -0.012738155201077461, -0.017407754436135292, -0.009466259740293026, 0.005146087612956762, 0.0031273600179702044, 0.011950359679758549, 0.015781335532665253, -0.009567911736667156, -0.03217257931828499, -0.007426884490996599, -0.0024221555795520544, 0.004243934061378241, -0.03705183044075966, 0.007528535556048155, -0.0015589151298627257, 0.019478894770145416, -0.02304938994348049, 0.010057107545435429, -0.0023395640309900045, -0.012674623169004917, -0.013468773104250431, -0.010349353775382042, -0.035120461136102676, -0.003219481324777007, 0.01264921110123396, -0.009472613222897053, 0.03196927532553673, 0.004046984948217869, 0.003006649436429143, -0.002393566071987152, 0.03280789777636528, 0.0021124372724443674, 0.0005920383264310658, 0.03496798500418663, 0.01158822700381279, -0.01134045235812664, -0.0009116834262385964, 0.00936460867524147, 0.029834602028131485, -0.00416769552975893, 0.0252348892390728, 0.02301127091050148, -0.028436899185180664, -0.027242498472332954, -0.013824551366269588, 0.01270003616809845, 0.0016454774886369705, 0.026937546208500862, 0.01603546366095543, 0.0009466260089538991, 0.0056734029203653336, 0.011365865357220173, -0.000583699787966907, -0.007573008071631193, -0.011626346036791801, 0.008627638220787048, 0.02012692019343376, 0.0060418881475925446, -0.03031744621694088, -0.008576813153922558, 0.019301004707813263, 0.006772505585104227, 0.016556425020098686, 0.021575449034571648, -0.0010419238824397326, -0.006823331117630005, -0.008792821317911148, 0.017623761668801308, -0.015311199240386486, -0.01739504747092724, -0.01620064675807953, 0.00911683402955532, 0.007306173909455538, 0.0020520819816738367, 0.008303625509142876, -0.027979468926787376, 0.011480222456157207, 0.03537458926439285, -0.009548851288855076, 0.0005356537294574082, 0.005069849546998739, 0.018868988379836082, 0.01587028056383133, 0.07435779273509979, -0.03390064835548401, -0.02354493923485279, 0.021435679867863655, -0.06719138473272324, -0.008761055767536163, 0.004043808672577143, -0.025120532140135765, -0.005387509241700172, -0.0012809628387913108, -0.014383632689714432, 0.0401776023209095, 0.013392534106969833, 0.0036149679217487574, -0.003907214850187302, -0.022464897483587265, -0.048665471374988556, -0.0007091753650456667, -0.009224838577210903, 0.009402728639543056, -0.006502494681626558, 0.04213438928127289, 0.009675915353000164, -0.006912275683134794, 0.0011999596608802676, 0.0036626167129725218, 0.010813137516379356, -0.012274372391402721, -0.01285251323133707, 0.007299820892512798, -0.014370926655828953, -0.018309907987713814, 0.017026562243700027, 0.019377244636416435, 0.013062168844044209, 0.043684568256139755, -0.0001345090422546491, -0.016924910247325897, -0.0037642677780240774, 0.0115374019369483, -0.0019313711673021317, 0.008780115284025669, 0.016543719917535782, -0.02965671382844448, 0.024612275883555412, 0.06653065234422684, 0.018614860251545906, -0.02922469563782215, 0.0008346509421244264, 0.004066044464707375, -0.016848672181367874, -0.006149892695248127, -0.01587028056383133, -0.012795333750545979, 0.015717804431915283, 0.015120603144168854, -0.0019377244170755148, -0.010362060740590096, -0.011931300163269043, -0.004777602385729551, 0.018780043348670006, 0.004193108528852463, 0.015412850305438042, -0.003570495406165719, -0.016226058825850487, -0.00911683402955532, -0.007858902215957642, -0.02397695742547512, -0.02978377602994442, -0.004046984948217869, -0.006950395181775093, 0.006982161197811365, -0.013583130203187466, -0.008227387443184853, 0.004437706433236599, -0.02371012233197689, 8.08543263701722e-05, 0.002492040628567338, -0.009707681834697723, -0.011016439646482468, 0.002148968167603016, 0.030241206288337708, -0.0004911813884973526, 0.008392570540308952, 0.005311270710080862, -0.005165147129446268, -0.012166367843747139, 0.02510782517492771, -0.02513323910534382, -0.0019806085620075464, -0.002571455668658018, 0.011950359679758549, 0.01570509746670723, -0.03283331170678139, 0.004046984948217869, 0.004142282996326685, -0.02414214052259922, 0.018284494057297707, 0.017788944765925407, 0.004297936335206032, 0.08127006888389587, 0.000422884535510093, -0.0019821966998279095, -0.0013341709272935987, 0.022134531289339066, -0.0011046617291867733, -0.006130832713097334, 0.007706425152719021, -0.005358919966965914, 0.013341709040105343, 0.008055850863456726, -0.0219185221940279, 0.026149749755859375, -0.024497918784618378, -0.033722758293151855, 0.03135937079787254, -0.03369734436273575, 0.025489017367362976, -0.0009204191155731678, 0.004069221206009388, 0.023303518071770668, 0.003136890009045601, 0.017839770764112473, -0.018411558121442795, -0.04431988671422005, -0.0014739411417394876, 0.034281838685274124, 0.003954863641411066, -0.017179038375616074, -0.0254000723361969, 0.005498690064996481, -0.017776239663362503, -0.021664394065737724, -0.00977756641805172, 0.02078765258193016, -0.02278255671262741, 0.0038055635523051023, -0.04068585857748985, 0.012032951228320599, 0.0038754488341510296, -0.02593374066054821, 0.03700100630521774, -0.012839806266129017, -0.012973223812878132, 0.018932519480586052, 0.0068805101327598095, 0.008125736378133297, -0.02311292290687561, -0.029199283570051193]"
"En general, prestamos escasa atención a la asociación entre ansiedad y demencia de Alzheimer (EA); y parte del problema radica en el hecho que los médicos se fijan excesivamente en el componente cognitivo de la ansiedad y mucho menos en el componente somático (el cual predomina en los individuos adultos mayores). El paciente con síntomas iniciales de EA podría presentar síntomas ansiosos al darse cuenta de su incapacidad para realizar ciertas tareas (como responder a una pregunta), que en algunas ocasiones podría alcanzar una gran magnitud (""reacción catastrófica"") y ser confundido con un estado de agitación. En dichos casos, se debe distinguir el componente cognitivo (sensación de frustración del paciente ante la tarea que no puede realizar), el componente conductual (inquietud, hiperactividad) y el componente somático (taquicardia, sudoración, ""erizamiento"" de los vellos, entre otros). En otros casos, el paciente puede presentar ansiedad ante situaciones no familiares, sobre todo cuando se les expone a cambios en su ambiente habitual que incluyen cambio de cuidadores, cambio del lugar de residencia, o su internamiento transitorio programado para una cirugía electiva, o en casos médicos de emergencia. En todos estos casos, dicha sintomatología cede con el retorno a su entorno cotidiano. También es posible desarrollar ansiedad cuando el paciente se siente aislado o por falta de vínculos familiares; sin embargo, los factores más frecuentes que ocasionan ansiedad son ciertos medicamentos y problemas médicos infecciosos, como infección urinaria, neumonía y recientemente las medidas de cuarentena y aislamiento social con el inicio de la pandemia por COVID-19. Ejemplos de pacientes afectados por demencia con síntomas de ansiedad:
El señor ADS mira a cada instante hacia la ventana que da a la calle, intranquilo se levanta y mira con ansiedad a través de las cortinas, esperando al cartero que debe traer la carta de su esposa (ella ha fallecido hace 3 años). Pregunta por la hora cada 15 minutos, y cada vez que escucha el sonido de un auto pasando frente a su casa, pregunta por el cartero.
El señor JFR desde hace 4 meses se muestra ansioso y preocupado porque los microbios lo quieren invadir, motivo por el cual ""se lava y frota sus manos"" ante cualquier contacto con un objeto de la casa; y no permite que las puertas o ventanas se encuentren abiertas, con la finalidad de que no penetren ""corrientes de aire cargadas de microbios"". Desde hace un mes, no logra tomar sus acostumbradas siestas de la tarde, porque debe vigilar que ""todos en la casa deben permanecer con mascarillas para evitar la contaminación del aire que él respira"". Este es el caso de un paciente demente con un síntoma obsesivo que genera ansiedad.","[-0.013976444490253925, -0.0027988215442746878, 0.06217462196946144, -0.03355374187231064, -0.032320525497198105, 0.02452300675213337, -0.02327694557607174, -0.002996328752487898, -0.015363811515271664, 0.00021717762865591794, -9.273203613702208e-05, 0.03453003987669945, -0.00016539220814593136, 0.035686176270246506, -0.012845996767282486, 0.002794004278257489, 0.03889767825603485, 0.018010087311267853, 0.030779007822275162, -0.012312887236475945, -0.02900625951588154, 0.014284747652709484, 0.012858842499554157, -0.004345158115029335, -0.00838843546807766, 0.00498424656689167, 0.0028405708726495504, -0.02529376745223999, -0.00029545792494900525, -0.016057495027780533, 0.01771462894976139, -0.010289642959833145, -0.020656362175941467, -0.015620731748640537, 0.0017823820235207677, -0.005298973526805639, -0.0018064682371914387, -0.005369626451283693, 0.017933011054992676, -0.023084254935383797, -0.015941880643367767, 0.018228469416499138, -0.004001528024673462, -0.007302948739379644, -0.0015519569860771298, 0.02047651819884777, -0.037304773926734924, -0.028852107003331184, -0.025280920788645744, 0.028569495305418968, 0.021234432235360146, 0.01084844395518303, -0.025769067928195, -0.00961522851139307, 0.009326193481683731, -0.026925208047032356, -0.00022139272186905146, 0.018716616556048393, 0.012357848696410656, -0.01401498168706894, -0.009538152255117893, -0.0026896304916590452, 0.001369704375974834, 0.01966722123324871, -0.01321853045374155, 0.007033183239400387, 0.01450312975794077, -0.019153380766510963, 0.007874595932662487, 0.0026639385614544153, 0.0316525362432003, 0.0007137556676752865, -0.012518423609435558, 0.00643263291567564, 0.036713857203722, 0.012036698870360851, -0.00017683317128103226, -0.017098020762205124, 0.007026759907603264, 0.008176476694643497, 0.012813881039619446, -0.031344231218099594, -0.02489554136991501, 0.014181979931890965, 0.01687963865697384, 0.016802562400698662, -0.010938365943729877, -0.005141610279679298, -0.006410152185708284, 0.0016667679883539677, -0.009249117225408554, 0.01544088777154684, 0.017226481810212135, 0.020014062523841858, 0.014271901920437813, 0.025216691195964813, 0.02892918325960636, 0.006320230197161436, -0.005083803087472916, -0.027875812724232674, -0.029288871213793755, 0.01707232929766178, -0.05385041609406471, -0.002350817434489727, -0.012011006474494934, -0.009583113715052605, 0.005954119376838207, 0.010032722726464272, -0.0032709117513149977, -0.03810122609138489, -0.01831839047372341, 0.02108027972280979, -0.00660284236073494, -0.03291144222021103, -0.0019413512200117111, -0.004858998116105795, 0.025486456230282784, 0.022917257621884346, 0.0052829161286354065, -0.029494408518075943, -0.00552377849817276, 0.010578677989542484, 0.010951211676001549, -0.01673833280801773, -0.008857314474880695, -0.020450826734304428, -0.009461075998842716, -0.010289642959833145, -0.03951428458094597, -0.0023235196713358164, -0.025756223127245903, 0.007649790961295366, 0.014220518060028553, -0.0007687525940127671, -0.012813881039619446, 0.017971549183130264, -0.021517043933272362, -0.002548324642702937, -0.028004271909594536, -0.05986234173178673, -0.0005431447643786669, 0.019513068720698357, -0.03316836431622505, -0.020669208839535713, -0.006371614057570696, 0.028004271909594536, 0.005218686070293188, 0.008202169090509415, 0.017907319590449333, 0.011381552554666996, 0.004505733028054237, -0.011214555241167545, -0.018215622752904892, -0.021671196445822716, -0.0020296673756092787, 0.010642907582223415, 0.007977363653481007, -0.006342710927128792, -0.03149838373064995, -0.02273741364479065, 0.017599014565348625, -0.011214555241167545, 0.00017342095088679343, -0.003429881064221263, 0.00039722229121252894, 0.027156436815857887, -0.02057928591966629, -0.009827187284827232, 0.011933930218219757, -0.041081495583057404, -0.020553594455122948, 0.031035928055644035, -0.008953659795224667, 0.018652386963367462, 0.024561544880270958, 0.0014732752460986376, -0.006750571075826883, 0.021735426038503647, -0.026514137163758278, -0.03725339099764824, -0.022313496097922325, 0.014965585432946682, 0.0288007240742445, 0.01326991431415081, -0.024985462427139282, 0.0030974908731877804, 0.039796896278858185, 0.0023492116015404463, 0.004727326799184084, -0.01396359782665968, -0.013539680279791355, 0.021362891420722008, 0.013308452442288399, -0.04475545138120651, -0.6215406656265259, 0.00030970893567427993, -0.0017117289826273918, 0.004573174752295017, 0.006801954936236143, 0.0269508995115757, 0.014567360281944275, 0.009634497575461864, -0.023559557273983955, -0.038281068205833435, 0.006445478647947311, -0.009094965644180775, -0.003230768023058772, -0.01347544975578785, -0.007913134060800076, 0.0015021787257865071, -0.009994185529649258, 0.0032596716191619635, 0.027027975767850876, 0.0029080123640596867, -0.002434316324070096, 0.01939745433628559, -0.012563384138047695, -0.0007703583687543869, 0.01332129817456007, -0.0197057593613863, -0.0036097250413149595, -0.023893553763628006, 0.012589076533913612, 0.0264370609074831, 0.0071809119544923306, 0.009583113715052605, 0.001230004127137363, 0.025139614939689636, 0.055957160890102386, -0.027439048513770103, 0.024908386170864105, 0.02280164323747158, 0.006040829699486494, 0.03365651145577431, 0.015235351398587227, -0.015556501224637032, 0.009640919975936413, -0.02977702021598816, 0.00931334774941206, 0.01761186122894287, 0.016160262748599052, 0.0022544723469763994, 0.0015535627026110888, 0.01896069012582302, 0.01818993128836155, 0.0028758973348885775, -0.025447918102145195, 0.011978891678154469, 0.011715549044311047, 0.009403269737958908, 0.03262883052229881, -0.04287993535399437, -0.001550351153127849, -0.0015776489162817597, -0.0007924374076537788, 0.012023852206766605, -0.006297749932855368, -0.011445783078670502, -0.024240395054221153, 0.03442727029323578, -0.020656362175941467, -0.007437831722199917, 0.01690533198416233, -0.00931334774941206, 0.00777182774618268, 0.017534784972667694, -0.02738766372203827, 0.00695610698312521, 0.03465849906206131, -0.019590144976973534, 0.015466579236090183, 0.028980568051338196, -0.0276188924908638, -0.0027458316180855036, -0.007097412832081318, 0.0010268768528476357, -0.03237191215157509, 0.018652386963367462, 0.03381066396832466, -0.023354021832346916, -0.011490743607282639, 0.0016049466794356704, -0.022018037736415863, 0.0018658810295164585, -0.004187794867902994, 0.009236271493136883, -0.00545633677393198, -0.016918176785111427, 0.004952131770551205, 0.004454349167644978, -0.011856854893267155, 0.01066217664629221, 0.04126134142279625, -0.012460616417229176, 0.0015543656190857291, -0.022660337388515472, 0.010109798982739449, 0.001023665303364396, 0.03463280573487282, 0.002039301907643676, -0.03429881110787392, 0.0071809119544923306, 0.05677930265665054, -0.007245142012834549, -0.012235811911523342, 0.012473462149500847, 0.020887590944767, -0.008651778101921082, 0.003876279341056943, -0.016699794679880142, 0.012903803028166294, 0.017727475613355637, 0.021427122876048088, -0.012158735655248165, 0.0073479097336530685, 0.0033271131105720997, 0.0128845339640975, 0.00014893326442688704, 0.01173481810837984, -0.017727475613355637, -0.01342406589537859, -0.003461996093392372, -0.013642448000609875, -0.0003574799920897931, -0.007135950960218906, -0.025756223127245903, 0.008716008625924587, 0.0003496519639156759, 0.01920476369559765, -0.018228469416499138, 0.012274349108338356, -0.0005969373742118478, 0.0035904559772461653, -0.027695968747138977, -0.02633429318666458, -0.01183758582919836, 0.008247129619121552, 0.009762957692146301, 0.007219450082629919, -0.02280164323747158, -0.0020521478727459908, -0.0023973840288817883, -0.02836395986378193, -0.009351884946227074, 0.009351884946227074, -0.0072772568091750145, -0.013899368233978748, 0.03088177554309368, 0.00892796739935875, 0.005822448059916496, -0.004274505190551281, 0.011972468346357346, -0.03542925789952278, 0.011111786589026451, 0.013719524256885052, 0.029160412028431892, -0.009544575586915016, 0.006207827944308519, -0.04742741957306862, -0.021568428725004196, 0.021838193759322166, 0.03229483589529991, -0.03411896526813507, -0.03414465859532356, -0.0034716306254267693, -0.016481412574648857, 0.007810365874320269, 0.010552985593676567, 0.016147417947649956, 0.009962069801986217, -0.016956714913249016, -0.005594431422650814, 0.01559503935277462, 0.01055940892547369, 0.00027739323559217155, 0.007309372071176767, 0.0195387601852417, -0.014156288467347622, 0.03707354515790939, -0.00591879291459918, 0.0051094950176775455, -0.0006162063800729811, 0.010533717460930347, 0.012711113318800926, 0.020887590944767, 0.029186103492975235, 0.003171355463564396, -0.0005543850129470229, -0.026899516582489014, -0.012287195771932602, -0.001944562653079629, -0.001405030838213861, -0.0013520411448553205, 0.011330168694257736, 0.021915270015597343, -0.018575310707092285, 0.016725488007068634, 0.015466579236090183, 0.02614160254597664, -0.017367787659168243, 0.016712641343474388, 7.045226084301248e-05, 0.018922151997685432, 0.016044650226831436, 0.008125092834234238, -0.01613457128405571, -0.01964152790606022, -0.006583573296666145, -0.014194825664162636, 0.027310587465763092, 0.0033078440465033054, 0.015286735258996487, 0.0013961992226541042, 0.0050388420931994915, -0.03761307895183563, 0.01750909350812435, -0.00014411602751351893, -0.0004227135796099901, 0.007328641135245562, 0.0225704163312912, 0.026925208047032356, 0.01997552439570427, 0.0016073553124442697, -0.01741917058825493, -0.019217610359191895, -0.0021822135895490646, 0.009936378337442875, 0.0224034171551466, -0.018215622752904892, 0.03293713554739952, 0.001989523647353053, 0.0007599209784530103, 0.02502400055527687, -0.009859302081167698, -0.023752247914671898, 0.003571186913177371, 0.007758982013911009, 0.00818290002644062, 0.013192838057875633, 0.016892485320568085, 0.028004271909594536, 0.03627709299325943, 0.024099089205265045, 0.018652386963367462, 0.0020569651387631893, -0.009339039213955402, -0.03465849906206131, -0.005703622475266457, -0.021773964166641235, -0.015851959586143494, 0.008189322426915169, -0.018331237137317657, 0.028004271909594536, 0.011677010916173458, 0.03715062141418457, 0.003805626416578889, 0.005761429201811552, 0.0108612896874547, 0.012261503376066685, -0.016275877133011818, 0.010700714774429798, -0.006095425225794315, 0.012389963492751122, 0.010514448396861553, -0.022788798436522484, 0.01687963865697384, -0.018909307196736336, -0.0360458642244339, 0.01253126934170723, 0.005231531802564859, -0.01613457128405571, -0.009191310033202171, 0.036225710064172745, 0.00922984816133976, -0.014117750339210033, -0.023803630843758583, 0.024561544880270958, 0.02946871519088745, -0.0006503285840153694, -0.007662636693567038, 0.020116830244660378, 0.011805471032857895, -0.012068813666701317, 0.03031655214726925, -0.02616729401051998, -0.0013978049391880631, -0.03183237835764885, -0.004916805308312178, 0.008189322426915169, 0.004502521827816963, 0.01657133549451828, 0.020463671535253525, -0.012762497179210186, -0.0003811648057308048, 0.007701174821704626, -0.010938365943729877, -0.019179072231054306, -0.024535853415727615, -0.0018385832663625479, 0.02653982862830162, -0.026796748861670494, -0.024805618450045586, -0.0023219138383865356, -0.0021565216593444347, 0.0073479097336530685, -0.000231227939366363, -0.017085175961256027, 0.02583329938352108, 0.008073708973824978, 0.008163630962371826, -0.0037060698959976435, 0.008696739561855793, 0.030907467007637024, -0.011766932904720306, 0.015145429410040379, -0.008921544067561626, 0.011869700625538826, -0.01207523699849844, -0.0006370811606757343, 0.01896069012582302, -0.026771055534482002, 0.005604065954685211, 0.025409379974007607, 0.018382620066404343, -0.025306612253189087, -0.03306559473276138, 0.029211794957518578, 0.017020944505929947, -0.040773194283246994, -0.0028213020414114, 0.05158952251076698, 0.011143902316689491, 0.01316714659333229, 0.03769015520811081, 0.00650970870628953, -0.033528052270412445, -0.008208591490983963, 0.025383688509464264, 0.019718604162335396, -0.022878719493746758, 0.007508485112339258, 0.03902613744139671, 0.00043676389032043517, -0.008259975351393223, -0.003066981676965952, 0.021465659141540527, 0.03193514794111252, -0.021671196445822716, 0.01020614430308342, 0.007913134060800076, -0.01129805389791727, 0.03463280573487282, 0.02772166021168232, 0.022454801946878433, -0.009743688628077507, 0.018164237961173058, 0.026218678802251816, -0.007392870727926493, 0.029725635424256325, -0.00815078429877758, 0.008382013067603111, -0.022210728377103806, 0.00790028739720583, -0.008092978037893772, 0.00698179891332984, 0.0037510308902710676, -0.00014230955275706947, -0.013513987883925438, 0.021773964166641235, -0.014092057943344116, -0.0036000905092805624, -0.0276188924908638, 0.02944302372634411, 0.011432936415076256, 0.02718212828040123, -0.023803630843758583, -0.027105052024126053, 0.016006112098693848, -0.009634497575461864, -0.011002595536410809, -0.00027940041036345065, -0.009705150499939919, -0.007585560902953148, 0.005311819724738598, -0.01788162626326084, 0.020489364862442017, -0.014104903675615788, -0.0022175400517880917, -0.0016892484854906797, 0.004544271156191826, -0.04809540882706642, 0.00946749933063984, 0.008504049852490425, 0.012364271096885204, 0.008324205875396729, -0.02128581516444683, 0.002771523781120777, 0.027053669095039368, -0.019307533279061317, 0.019037766382098198, -0.021208740770816803, -0.03321974724531174, 0.015132583677768707, -0.004043277353048325, 0.014772895723581314, -0.026295755058526993, -0.005591219756752253, 0.010096953250467777, -0.015312427654862404, -0.009242694824934006, 0.02805565670132637, 0.011715549044311047, 0.01565926894545555, -0.0007555051706731319, 0.009942800737917423, 0.013642448000609875, -0.01342406589537859, -0.01842115819454193, 0.02018105983734131, -0.035583410412073135, -0.012711113318800926, -0.035994481295347214, 0.017136558890342712, -0.0346841886639595, -0.012704689987003803, -0.007611252833157778, -0.004974612034857273, -0.018164237961173058, 0.014271901920437813, -0.011908238753676414, 0.01267899852246046, -0.014181979931890965, -0.01158708892762661, 0.01609603315591812, 0.0019943409133702517, 0.023020025342702866, 0.0264370609074831, 0.013847984373569489, 0.014811433851718903, -0.019320378080010414, 0.04159533604979515, 0.02246764674782753, -0.015813421458005905, 0.011362283490598202, 0.03065054677426815, -0.011368706822395325, -0.031472690403461456, 0.0026013143360614777, -0.003046106779947877, 0.035352181643247604, -0.004746595863252878, -0.028441036120057106, -0.05307965725660324, 0.013937906362116337, -0.010919096879661083, 0.014477438293397427, 0.008915121667087078, -0.0036675320006906986, -0.017688937485218048, -0.011953199282288551, -0.02957148291170597, -0.011876123957335949, 0.03509526327252388, -0.031806688755750656, -0.025640608742833138, 0.02284018136560917, -0.009814341552555561, 0.02149135246872902, -0.015415195375680923, -0.004248813260346651, -0.020425133407115936, 0.002447162289172411, -0.0012067208299413323, -0.0012926283525303006, 0.007810365874320269, 0.0023138851393014193, 0.007168065756559372, 0.0027683121152222157, 0.037099238485097885, 0.002822907641530037, 0.022955795750021935, 0.007874595932662487, -0.008645355701446533, 0.007174489088356495, -0.012942341156303883, 0.00897935125976801, -0.007065298035740852, 0.03465849906206131, 0.02196665294468403, 0.015068354085087776, 0.018947845324873924, -0.019153380766510963, 0.02350817248225212, 0.012055967934429646, 0.00838843546807766, -0.03715062141418457, -0.029520099982619286, -0.04740172624588013, -0.003500533988699317, 0.023045716807246208, -0.011355861090123653, 0.012608345597982407, -0.023495327681303024, 0.0031440577004104853, 0.012556961737573147, 0.022891566157341003, -0.007193758152425289, -0.022544723004102707, 0.003908394370228052, -0.017187943682074547, 0.03183237835764885, 0.01603180356323719, -0.016597026959061623, 0.0008237495203502476, -0.028826415538787842, -0.020489364862442017, -0.026154449209570885, -0.006011926103383303, -0.007855326868593693, -0.014965585432946682, 0.013147877529263496, -0.0026864190585911274, -0.011869700625538826, 0.02772166021168232, -0.017740320414304733, 0.003792780451476574, -0.013147877529263496, -0.01798439584672451, -0.008433396928012371, -0.021645503118634224, -0.002609343035146594, -0.008600394241511822, -0.008895852603018284, 0.017136558890342712, -0.011375130154192448, 0.027798736467957497, -0.01266615279018879, -0.030573470517992973, -0.012801035307347775, 0.006275269202888012, 0.03239760175347328, -0.021606964990496635, 0.018074316903948784, 0.009929955005645752, -0.029186103492975235, -0.027695968747138977, 0.01704663783311844, 0.03260313719511032, -0.007309372071176767, 0.016815409064292908, 0.01312218513339758, -0.0207205917686224, 0.003503745421767235, 0.005838505458086729, 0.032551754266023636, -0.04192933067679405, -0.03758738562464714, 0.04167241230607033, 0.008883006870746613, -0.0035198030527681112, -0.0007434620638377964, -0.02512676827609539, -0.0009979733731597662, 0.007758982013911009, -0.019590144976973534, -0.019680066034197807, 0.00641657505184412, -0.04678511992096901, -0.009679458104074001, 0.009261962957680225, -0.019410300999879837, 0.018601002171635628, -0.01446459162980318, 0.0004648644826374948, -0.016044650226831436, 0.007726866751909256, -0.012139466591179371, 0.018768001347780228, 0.012203696183860302, 0.02294294908642769, -0.04372777044773102, -0.002047330606728792, -0.01232573390007019, 0.029545791447162628, -0.0057293144054710865, 0.014477438293397427, -0.009371154010295868, 0.02782442793250084, 0.010655754245817661, -0.010148337110877037, 0.025769067928195, -0.023251254111528397, 0.0031424518674612045, 0.013783753849565983, 0.010141913779079914, 0.009994185529649258, 0.0038827024400234222, -0.015402349643409252, 0.0021597330924123526, 0.02772166021168232, 0.009730841964483261, -0.005787121597677469, -0.014554513618350029, -0.016327261924743652, -0.005305396392941475, 0.010366719216108322, -0.006275269202888012, 0.06756994128227234, 0.011220977641642094, -0.005713257007300854, -0.012858842499554157, 0.02027098275721073, 0.0006607659161090851, 0.008651778101921082, -0.00809940043836832, -0.006949684116989374, -0.01923045702278614, 0.032757289707660675, -0.033425282686948776, -0.0007832043338567019, -0.008960082195699215, 0.012049544602632523, -0.0003245621337555349, -0.005395318381488323, 0.023264098912477493, 0.005343934521079063, -0.03095885179936886, 0.0052058398723602295, 0.014644435606896877, 0.009929955005645752, 0.011105364188551903, -0.006724879145622253, 0.02236487902700901, 0.015338120050728321, -0.009795072488486767, -0.002631823532283306, -0.03388774022459984, 0.016057495027780533, -0.017265019938349724, -0.00798378698527813, 0.005482029169797897, -0.022853028029203415, 0.0075919837690889835, 0.010199720971286297, 0.00033640454057604074, -0.01109894085675478, -0.02738766372203827, -0.022660337388515472, -0.033630818128585815, 0.023199869319796562, -0.005083803087472916, -0.016327261924743652, -0.011728394776582718, -0.007386447861790657, -0.0240862425416708, 0.032962825149297714, 0.012306464836001396, -0.009724419564008713, -0.0033560164738446474, 0.006291326601058245, 0.0013648871099576354, 0.005337511654943228, 0.004341946914792061, -0.005854562856256962, 0.0031263944692909718, 0.002036090474575758, -0.016558488830924034, -0.0004993880866095424, -0.006342710927128792, 0.02977702021598816, 0.025486456230282784, 0.015980418771505356, -0.0154922716319561, 0.012820304371416569, -0.032423295080661774, 0.02944302372634411, -0.010058415122330189, 0.023264098912477493, 0.016211647540330887, -0.0031103368382900953, -0.0012773737544193864, 0.01199173741042614, 0.012807458639144897, 0.03162684291601181, -0.025769067928195, -0.013398374430835247, 7.652400381630287e-05, -0.052385974675416946, -0.017560476437211037, -0.0029770596884191036, -0.04388192296028137, -0.0014893327606841922, -0.0014042279217392206, -0.0017871992895379663, -0.030727623030543327, 0.010296066291630268, 0.00324200838804245, -0.040567655116319656, 0.0012532875407487154, -0.01124667003750801, -0.013257068581879139, -0.03799845650792122, 0.011619203723967075, 0.011291630566120148, -0.015119737945497036, 0.00428735138848424, 0.010829174891114235, 0.002692841924726963, 0.006840493064373732, 0.03206360712647438, -0.0006599630578421056, -0.002503363648429513, -0.011529281735420227, -0.010533717460930347, -0.012942341156303883, -0.032860059291124344, 0.01025752816349268, 0.005324665457010269, 0.015029815956950188, 0.030085323378443718, -0.00971799623221159, 0.008831622079014778, -0.03347666561603546, -0.011163170449435711, -0.018973536789417267, 0.008658201433718204, 0.002856628503650427, -0.024124780669808388, -0.018549619242548943, -0.009724419564008713, 0.00793240312486887, -0.03812691569328308, -0.0034234579652547836, -0.016327261924743652, -0.007675482891499996, -0.02741335704922676, 0.02641136944293976, 0.023122793063521385, -0.013501142151653767, 0.023636633530259132, -0.0010365113848820329, -0.004476829897612333, -0.010302488692104816, -0.03589171543717384, 0.003280546283349395, -0.01943599246442318, -0.01889646053314209, 0.0034009774681180716, -0.012100928463041782, 0.01734209433197975, -0.015556501224637032, 0.006394094787538052, 0.001721363514661789, 0.011497166939079762, 0.1926899403333664, -0.025614917278289795, -0.02946871519088745, 0.0052475896663963795, -0.013629602268338203, 0.020283827558159828, 0.021003203466534615, -0.0012725564884021878, -0.011105364188551903, 0.020463671535253525, 0.01025752816349268, 0.0008823593962006271, -0.018575310707092285, 0.017329249531030655, 0.019628683105111122, -0.010938365943729877, -0.015325273387134075, -0.0010413285344839096, 0.015710653737187386, -0.03910321369767189, 0.001317517482675612, -0.021812502294778824, 0.012955186888575554, -0.00744425505399704, 0.0539017990231514, -0.02095182053744793, 0.005176936741918325, -0.027361972257494926, 0.046091433614492416, 0.0024680369533598423, -0.022236419841647148, 0.01370667852461338, 0.01684110052883625, 0.017470555379986763, -0.022647490724921227, -0.016185956075787544, -0.012589076533913612, 0.004608501214534044, 0.008960082195699215, 0.026064526289701462, 0.010064838454127312, 0.006040829699486494, -0.03041931986808777, 0.013552526012063026, 3.725840724655427e-05, 0.03596879169344902, 0.010964058339595795, -0.015209659934043884, 0.016314415261149406, -0.000757512345444411, -0.023302637040615082, -0.01744486391544342, -0.030599163845181465, 0.00857470277696848, 0.022454801946878433, 0.006268846336752176, 0.006124328821897507, 0.02091328240931034, -0.013449758291244507, 0.01673833280801773, 0.011330168694257736, -0.0083370516076684, -0.027541816234588623, 0.01993698626756668, -0.02064351551234722, 0.022249266505241394, -0.01222938857972622, -0.0025675934739410877, 0.0033174785785377026, 0.007630521897226572, -0.0032757290173321962, -0.016931023448705673, -0.013989290222525597, 0.017303556203842163, -0.005530201364308596, -0.009486768394708633, 0.03830676153302193, 0.017599014565348625, 0.0011007413268089294, 0.016121724620461464, -0.005308608058840036, 0.0262700617313385, -0.0072772568091750145, 0.008259975351393223, -0.0033110554795712233, -0.05426148697733879, 0.017200788483023643, -0.019628683105111122, -0.022082267329096794, -0.024343162775039673, -0.012389963492751122, -0.00540495291352272, -0.00010788629879243672, 0.0017069117166101933, 0.019217610359191895, 0.017766013741493225, 0.039128903299570084, 0.019782833755016327, 0.007065298035740852, -0.010096953250467777, -0.007380024995654821, 0.046630967408418655, 0.008619663305580616, 0.017599014565348625, -0.0015607886016368866, 0.01337268203496933, -0.010424526408314705, 0.0033463819418102503, 0.004454349167644978, 0.004582809284329414, -0.019423145800828934, -0.01429759431630373, -0.0007498850463889539, -0.013783753849565983, -0.0007430606056004763, 0.024407392367720604, -0.005183359608054161, -0.0032355852890759706, -0.012107351794838905, -0.023495327681303024, 0.017843088135123253, -0.021773964166641235, -0.011343014426529408, 0.015851959586143494, 0.007784673944115639, -0.01488851010799408, -0.011465052142739296, 0.0022480494808405638, -0.0063138073310256, -0.02687382511794567, 0.005494874902069569, -0.036122940480709076, 0.0020762342028319836, -0.0037253389600664377, -0.008356320671737194, -0.000777985667809844, 0.008067285642027855, 0.0032982095144689083, -0.006072944961488247, 0.01150358933955431, 0.0005901129334233701, -0.03175530210137367, 0.026771055534482002, -0.0013616755604743958, -0.0022608954459428787, -0.015813421458005905, 0.012133043259382248, -0.0004865421215072274, -0.03779292106628418, -0.0026430636644363403, -0.031035928055644035, 0.02111881785094738, 0.010212566703557968, -0.006994645111262798, 0.005777487065643072, -0.012942341156303883, -0.02445877715945244, -0.0161731094121933, -0.04031073674559593, 0.00996849313378334, -0.02435600943863392, -0.0033110554795712233, 0.011477897875010967, -0.0034009774681180716, 0.0077654048800468445, 0.018010087311267853, -0.15857097506523132, 0.019590144976973534, -0.007566291838884354, -0.04280285909771919, 0.001894784509204328, 0.01175408624112606, 0.009987762197852135, 0.0036354169715195894, -0.018100008368492126, -0.0023813266307115555, 0.013257068581879139, -0.03607155755162239, -0.005783909931778908, 0.014374669641256332, 0.007829634472727776, 0.00741856312379241, 0.008433396928012371, 0.007938825525343418, 0.022519031539559364, 0.011516436003148556, 0.019307533279061317, -0.05012507736682892, 0.018639540299773216, -0.012460616417229176, 0.012595499865710735, -0.005446702241897583, 0.004502521827816963, 0.01153570506721735, -0.023225560784339905, -0.017778858542442322, -0.009101388044655323, -0.010919096879661083, 0.025280920788645744, -0.00660284236073494, 0.0028758973348885775, 0.015312427654862404, -0.018601002171635628, -0.03776722773909569, -0.01636580005288124, 0.011015442200005054, 0.0009409692138433456, 0.03283436596393585, -0.004171737469732761, 0.019191918894648552, -0.008080131374299526, 0.037407539784908295, 0.01626303233206272, -0.006291326601058245, -0.009448230266571045, -0.008992197923362255, -0.016519950702786446, -0.015466579236090183, 0.009300501085817814, 0.0004170934553258121, -0.012685421854257584, 0.0008759363554418087, 0.009891416877508163, 0.013411220163106918, 0.01815139316022396, -0.005947696510702372, 0.0006041632732376456, -0.02115735597908497, 0.02438170090317726, 0.025884682312607765, 0.027027975767850876, -0.010424526408314705, 0.0036225710064172745, 0.010276797227561474, -0.016866793856024742, 0.014040674082934856, -0.01493989396840334, -0.018986383453011513, -0.008805930614471436, -0.023829324170947075, 0.02101605013012886, 0.020052600651979446, -0.018010087311267853, -0.010398834012448788, -0.021093126386404037, 0.0005174527759663761, -0.0217225793749094, 0.004842940717935562, -0.04115857183933258, -0.03717631474137306, -0.019795680418610573, 0.015068354085087776, 0.009801494888961315, -0.0036611089017242193, 0.016751179471611977, -0.0035647640470415354, 0.024137627333402634, -0.0336822010576725, 0.011510012671351433, -0.024497315287590027, -0.011124633252620697, 0.025101076811552048, -0.00402400828897953, -0.004155679605901241, 0.010758521966636181, -0.02286587283015251, -0.0001460228522773832, -0.014927048236131668, -0.012473462149500847, 0.0016458933241665363, 0.014734357595443726, -0.009486768394708633, -0.019782833755016327, 0.0019622258841991425, 0.01140082161873579, -0.03396481275558472, 0.03021378256380558, 0.01738063246011734, 0.00146685226354748, 0.01015476044267416, -0.001557577052153647, 0.024330317974090576, -0.0002625400375109166, -0.007958094589412212, 0.016108879819512367, -0.0022865873761475086, 0.054518409073352814, 0.0003269707376603037, -8.043801790336147e-05, 0.010077684186398983, 0.0012910226359963417, -0.018228469416499138, -0.10472056269645691, -0.00599586870521307, -0.006085790693759918, 0.014914201572537422, 0.013603909872472286, -0.003616147907450795, -0.014978432096540928, 0.035994481295347214, -0.01079706009477377, 0.006911145988851786, -0.030265167355537415, -0.024163318797945976, 0.0005286930245347321, -0.01396359782665968, 0.0370478518307209, -0.01391221396625042, 0.016815409064292908, -0.03835814446210861, -0.019924139603972435, 0.025152461603283882, -0.005231531802564859, -0.007970940321683884, 0.015042661689221859, -0.011619203723967075, -0.02610306441783905, 0.000521065725479275, 0.006178924348205328, 0.019037766382098198, 0.009030735120177269, 0.012897380627691746, -0.004727326799184084, -0.0034009774681180716, 0.01563357748091221, -0.0069368379190564156, 0.016314415261149406, 0.004319466184824705, -0.007630521897226572, -0.014271901920437813, 0.036456938832998276, 0.0034106120001524687, 0.017663244158029556, 0.007457100786268711, 0.006233519874513149, 0.0031199713703244925, 0.015261043794453144, -0.0004997895448468626, -0.01182474009692669, -0.0037060698959976435, -0.011644896119832993, -0.012345002964138985, -0.017162250354886055, -0.00790028739720583, 0.0009072484681382775, -0.010026300325989723, 0.01754763163626194, 0.001323137665167451, 0.016430029645562172, 0.028852107003331184, -0.02738766372203827, -0.015248198062181473, 0.01973145082592964, -0.015158276073634624, -0.000191686354810372, 0.011779778636991978, 0.02377793937921524, -0.01812570169568062, -0.013334143906831741, -0.00986572541296482, -0.01168985664844513, 0.00020272587426006794, -0.008683893829584122, 0.001743844011798501, -0.0032371911220252514, 0.00863893236964941, -0.03884629160165787, 0.03054777905344963, -0.0013335749972611666, -0.02081051468849182, -0.014181979931890965, -0.0069432612508535385, -0.032654523849487305, 0.006050464231520891, -0.006355556659400463, -0.015672115609049797, 0.04126134142279625, 0.012980879284441471, 0.012402809225022793, -0.013629602268338203, 0.008382013067603111, -0.018922151997685432, 0.0026430636644363403, 0.007174489088356495, 0.0028839262668043375, 0.005677930545061827, 0.01582626812160015, -0.005250800866633654, -0.004916805308312178, -0.01450312975794077, 0.027361972257494926, 0.025576379150152206, -0.015273889526724815, -0.029263179749250412, -0.028415344655513763, 0.005613700486719608, 0.005777487065643072, 0.022082267329096794, 0.02018105983734131, 0.0028164847753942013, 0.018652386963367462, 0.0028036388102918863, -0.0025467188097536564, 0.018241314217448235, -0.032114990055561066, 0.009403269737958908, 0.022287804633378983, -0.013006571680307388, -0.026013143360614777, -0.0031199713703244925, 0.020360903814435005, 0.009782225824892521, 0.027002284303307533, 0.008349897339940071, 1.0826264770003036e-05, 0.03545495122671127, -0.025113923475146294, 0.03948859125375748, -0.01320568472146988, -0.0062527889385819435, -0.00882519967854023, 0.013989290222525597, -0.005504509434103966, 0.013770908117294312, 0.005912370048463345, -0.032448988407850266, 0.002081051468849182, 0.0138094462454319, -0.025473611429333687, -0.029391638934612274, 0.017187943682074547, 0.010597947053611279, 0.02078482136130333, 0.06695333123207092, -0.026771055534482002, -0.019924139603972435, 0.00803517084568739, -0.0559057779610157, -0.007399294059723616, -0.012396386824548244, -0.03239760175347328, 0.008613240905106068, 0.006583573296666145, -0.02411193586885929, 0.01307080127298832, 0.007662636693567038, -0.002596497070044279, -0.019012074917554855, -0.015453733503818512, -0.018138546496629715, 0.009005043655633926, -0.003616147907450795, 0.012113774195313454, -0.01923045702278614, 0.025923220440745354, 0.0045217908918857574, 0.0025017578154802322, -0.0006940852617844939, -0.0031440577004104853, 0.002548324642702937, -0.020065445452928543, -0.0024873060174286366, 0.026359984651207924, -0.004881478846073151, -0.02027098275721073, 0.0071102590300142765, -0.0020842629019171, -0.004785133525729179, -0.0006093819392845035, 0.006352344993501902, -0.000383372709620744, -0.010180451907217503, 0.008497626520693302, 0.012460616417229176, 0.016853947192430496, 0.013257068581879139, -0.021375738084316254, 0.009017889387905598, 0.04123564809560776, 0.039591360837221146, -0.0043130433186888695, -0.012100928463041782, 0.013526834547519684, -0.01607034169137478, 0.011844008229672909, -0.00402400828897953, -0.011394399218261242, 0.00818290002644062, 0.015068354085087776, 0.003898759838193655, -0.00966661237180233, 0.008375589735805988, 0.01893499866127968, 0.021003203466534615, 0.021979499608278275, 0.012396386824548244, -0.017098020762205124, -0.018382620066404343, -0.005738948937505484, 0.010572254657745361, -0.025101076811552048, -0.009737265296280384, 0.0020184272434562445, -0.011516436003148556, -0.0017293922137469053, 0.004637404810637236, -0.0022881932090967894, 0.0042006406001746655, -0.023225560784339905, 0.01253126934170723, -0.0052411663345992565, -0.011831162497401237, -0.010347450152039528, 0.016661256551742554, 0.014772895723581314, -0.014002135954797268, -0.004624558612704277, 0.02836395986378193, 0.011644896119832993, -0.007842481136322021, 0.02892918325960636, -0.028877800330519676, 0.0012894169194623828, -0.006159655284136534, 0.006885454058647156, -0.00543064484372735, -0.03658539801836014, -0.009621650911867619, -0.0019413512200117111, -0.04061904177069664, 0.00874170009046793, 0.005048476625233889, -0.0009971704566851258, 0.09418684244155884, 0.028620880097150803, -0.0071809119544923306, 0.023058563470840454, -0.010296066291630268, -0.01852392591536045, -0.001546336803585291, 0.012691844254732132, -0.01222938857972622, -0.0003867849300149828, 0.024664312601089478, -0.01370667852461338, 0.02411193586885929, -0.03414465859532356, -0.021260123699903488, 0.02792719565331936, -0.01815139316022396, 0.017406325787305832, -0.001721363514661789, -0.0015760431997478008, 0.023906398564577103, -0.00023323512868955731, 0.015196813270449638, -0.018010087311267853, -0.04149256646633148, -0.019551606848835945, 0.03088177554309368, -0.0022319918498396873, -0.02772166021168232, -0.039385825395584106, -0.016764026135206223, -0.011561396531760693, -0.01125309243798256, -0.013231376186013222, 0.010469486936926842, -0.017868781462311745, -0.016455721110105515, -0.01750909350812435, -0.0032034702599048615, -0.003510168520733714, -0.016995253041386604, 0.025242382660508156, -0.017688937485218048, -0.020759129896759987, 0.0019461684860289097, -0.00803517084568739, -0.014528822153806686, -0.009223425760865211, -0.022724566981196404]"
"El más frecuente es el insomnio, el cual puede consistir en dificultad para iniciar el sueño, dificultad para mantenerlo o presentarse como despertar precoz matutino; siendo más frecuentes, cuánto más avanzado es el estadio de la demencia. Otra alteración, es la reducción del tiempo de sueño profundo (siendo éste, el más restaurador), lo cual origina despertares frecuentes durante la noche, paseo o vagabundeo nocturno y dificultad para mantenerse despierto al día siguiente. Por otro lado, este vagabundeo nocturno puede ser reflejo de la existencia del insomnio, pero también puede ser efecto secundario de ciertos medicamentos, o ser debido a estrés emocional, a la necesidad de encontrar el cuarto de baño, a sentir algún tipo de dolor o por un movimiento involuntario de miembros inferiores, conocido como síndrome de piernas inquietas. Ejemplos de pacientes afectados por demencia con alteraciones del sueño: El señor AFP con frecuencia despierta en la madrugada, alrededor de las 3:30 am, se dirige a su ropero, saca su ropa, se viste y solicita el desayuno para ir a su trabajo. Es lo que llamamos insomnio por dificultad para mantener el sueño con despertar matutino precoz (ver figura 20). Otro ejemplo: La Sra. MRS se acuesta en la cama a las 10 pm, pero no logra iniciar el sueño, se despierta varias veces en la madrugada con la finalidad de miccionar y para ello se dirige rumbo al baño, que se encuentra fuera de la habitación; pero por la oscuridad no lo encuentra, abre varias puertas, se torna irritable, agresiva verbalmente; y cuando la hija la lleva al baño no tiene necesidad de miccionar. Dicho acto se repite varias veces en la noche, logrando quedarse dormida alrededor de las 4 o 5 am. En la mañana siguiente, ella se encuentra con somnolencia, toma el desayuno alrededor de las 10 am, y luego quiere seguir durmiendo hasta la hora del almuerzo. Es lo que llamamos insomnio por dificultad para iniciar el sueño, con despertares nocturnos frecuentes e inversión del ritmo circadiano del sueño.","[0.008519903756678104, -9.603909711586311e-05, 0.05350243300199509, -0.020191531628370285, -0.018180064857006073, 0.01938438229262829, -0.010025300085544586, -0.006591714918613434, -0.026225930079817772, 0.00048244756180793047, -0.002965951571241021, 0.034028369933366776, 0.0085134981200099, 0.013926520012319088, -0.004846095573157072, 0.01615578681230545, 0.024586008861660957, 0.008218824863433838, 0.029800446704030037, -0.010736360214650631, -0.03141474351286888, 0.0028970877174288034, -0.00952563714236021, 0.0022677036467939615, -0.008744112215936184, 0.01760353147983551, 0.007238715421408415, -0.0004287977935746312, -0.0010954162571579218, -0.0018609263934195042, 0.021639274433255196, -0.012613301165401936, -0.0027945926412940025, -0.0033022635616362095, 0.003068446647375822, -0.019781552255153656, -0.0011074274079874158, -0.03661637008190155, 0.010147013701498508, -0.02803240530192852, 0.006002368405461311, 0.027289316058158875, -0.013362796977162361, -0.0012539633316919208, -0.014464618638157845, 0.03933249041438103, -0.0004167866427451372, -0.009205339476466179, -0.02284359186887741, 0.02757117711007595, 0.014567113481462002, 0.014900223352015018, -0.03574516251683235, 0.009634537622332573, 0.004577046260237694, -0.010736360214650631, -0.01422119326889515, 0.03989621251821518, -0.002334966091439128, -0.02808365412056446, -0.015592064708471298, -0.007898527197539806, -0.00497101154178381, 0.03723134100437164, 0.0004884531372226775, 0.0166554506868124, -0.0015214114682748914, -0.023612305521965027, 0.018807848915457726, -0.0051279570907354355, 0.04660964012145996, 0.0261362474411726, -0.0071234083734452724, -0.018641293048858643, 0.01948687806725502, 0.005195219535380602, 0.006316259503364563, 0.0021796219516545534, 0.010755578055977821, -0.007379645947366953, 0.011767717078328133, -0.03333652764558792, -0.0568847730755806, 0.027289316058158875, 0.011146340519189835, 0.03036416880786419, 0.005384195130318403, 0.01988404616713524, -0.01573299616575241, -0.0010705931345000863, -0.015886738896369934, 0.009781874716281891, 0.02757117711007595, 0.010390439070761204, -0.004394476767629385, 0.01167162787169218, 0.014246816746890545, 0.006152907852083445, -0.01565612480044365, -0.008680052123963833, -0.027801791206002235, 0.0097626568749547, -0.0390506274998188, -0.0010906117968261242, -0.0030700480565428734, 0.0037763032596558332, 0.006713428068906069, 0.003369526006281376, 0.001676755491644144, -0.028211772441864014, -0.016450461000204086, 0.015950797125697136, 0.009666567668318748, -0.012542836368083954, -0.00970500335097313, 0.0009312639595009387, 0.012811885215342045, 0.000343919062288478, 0.012139261700212955, -0.04809581860899925, 0.007001695688813925, 0.019679056480526924, 0.026264365762472153, -0.031235376372933388, -0.005006244406104088, -0.015553629025816917, -0.009570478461682796, -0.0008511896594427526, -0.012472370639443398, -0.008776141330599785, -0.023112641647458076, 0.002868260955438018, 0.005650041624903679, -0.02135741338133812, -0.020101848989725113, 0.00438486784696579, -0.009596101939678192, -0.011306488886475563, -0.009083626791834831, -0.03407961502671242, 0.010089360177516937, 0.010332785546779633, -0.05186251178383827, -0.013567786663770676, 0.00781525019556284, 0.03336215019226074, -0.006674992386251688, -0.00013042098726145923, 0.011383360251784325, 0.01662982814013958, 0.011767717078328133, -0.021523967385292053, -0.011460231617093086, -0.00759744830429554, -0.0046987589448690414, 0.020076224580407143, 0.01847473904490471, 0.015220520086586475, -0.05122191831469536, -0.0013644658029079437, 0.023394502699375153, -0.021677710115909576, 0.01404182706028223, 0.00631305668503046, -0.004711571149528027, 0.02471412718296051, -0.012453152798116207, 0.00112344219814986, 0.0033246842212975025, -0.0033887438476085663, -0.011146340519189835, 0.021972384303808212, -0.051042553037405014, 0.018846284598112106, 0.01606610417366028, -0.005371382925659418, 0.00392684293910861, 0.005537937395274639, -0.04468785598874092, -0.03341339901089668, -0.036744486540555954, -0.001343646552413702, 0.024316959083080292, 0.02381729520857334, -0.049172017723321915, -0.007738378830254078, 0.03907625004649162, 0.013721529394388199, 0.006168922875076532, 0.017372917383909225, -0.010268726386129856, 0.0019490080885589123, 0.007802438456565142, -0.016245471313595772, -0.633009672164917, -0.007770408410578966, -0.007072160951793194, 0.001056980574503541, 0.01566893607378006, 0.021562403067946434, 0.018385056406259537, 0.004564234055578709, -0.011050251312553883, -0.051990631967782974, 0.00338554079644382, -0.009160498157143593, 0.001243553590029478, -0.024329770356416702, -0.004032541066408157, -0.010589023120701313, -0.021139610558748245, 0.00653406186029315, 0.010621053166687489, 0.004160659853368998, 0.013221865519881248, 0.015118025243282318, -0.008705676533281803, 0.021178046241402626, -0.002448671730235219, -0.0016223050188273191, -0.0030171989928931, -0.034438349306583405, 0.0007747187046334147, 0.02418884076178074, -0.015540816821157932, -0.0021315773483365774, 0.019256263971328735, 0.02240798808634281, 0.0580122172832489, -0.03835878521203995, 0.002312545431777835, 0.04404726251959801, 0.002964349929243326, 0.02276672050356865, 0.011761310510337353, -0.005380991846323013, 0.0162198469042778, -0.010858072899281979, 0.012574865482747555, -0.0036033429205417633, -0.009423142299056053, -0.006248997058719397, 0.003773100208491087, -0.001699176267720759, 0.02523941546678543, 0.005355368368327618, -0.025534087792038918, -0.004218313377350569, 0.03146599233150482, 0.012293004430830479, 0.024470701813697815, -0.02612343430519104, -0.004464942030608654, -0.00416706595569849, -0.008077893406152725, 0.016450461000204086, -0.015502381138503551, 0.0006510039092972875, -0.024855058640241623, 0.04356041178107262, -0.008820983581244946, -0.006854358594864607, 0.023983849212527275, -0.012799073942005634, -0.005890264175832272, 0.022523295134305954, -0.016860442236065865, 0.01811600662767887, 0.03146599233150482, -0.011742093600332737, 0.022138938307762146, 0.02798115834593773, -0.0062522003427147865, -0.009237369522452354, 0.007533388677984476, 0.005682071205228567, -0.03338777273893356, -0.0007230708142742515, 0.02193394862115383, -0.023881355300545692, -0.013170618563890457, -0.0010177441872656345, -0.016937313601374626, 0.011844588443636894, -0.0012227343395352364, -0.004391273949295282, 0.02044777013361454, -0.021588027477264404, -0.029672326520085335, 0.02430414780974388, -0.0018320996314287186, 0.01803913526237011, 0.011716469191014767, -0.0068351407535374165, -0.0037314617075026035, -0.0008179588476195931, -0.009826716035604477, 0.0017199956346303225, 0.046250905841588974, 0.020729631185531616, -0.025008801370859146, -0.001819287776015699, 0.035335179418325424, -0.03095351532101631, 0.0021588027011603117, -0.00349444174207747, 0.014182757586240768, -0.026443731039762497, -0.0035328774247318506, -0.013490915298461914, 0.0037474764976650476, 0.006524452939629555, 0.01451586652547121, 0.006521249655634165, -0.024432266131043434, -0.013388420455157757, 0.011556320823729038, -0.00019778349087573588, 0.009083626791834831, -0.001915376866236329, -0.0009416735847480595, 0.007104190532118082, -0.009403924457728863, -0.004987026564776897, -0.009359082207083702, -0.008699269965291023, 0.009032378904521465, -0.011825370602309704, 0.008173982612788677, -0.011549915187060833, 0.028826743364334106, 0.012581272050738335, 0.01423400454223156, -0.015130836516618729, -0.005304120481014252, -0.013926520012319088, 0.004948590882122517, -0.008340537548065186, 0.005768551491200924, -0.02523941546678543, -0.0007683127769269049, -0.013606222346425056, -0.034002743661403656, 0.006537264678627253, -0.00858396291732788, -0.04499534144997597, -0.014708044938743114, 0.029287969693541527, -5.885459904675372e-05, 0.0011242429027333856, -0.019243452697992325, -0.011268053203821182, -0.04791645333170891, -0.00035372815909795463, 0.006223373580724001, 0.009173310361802578, -0.03459209203720093, 0.012222538702189922, -0.03190159425139427, -0.025303473696112633, 0.00972422119230032, 0.025085672736167908, -0.03607827052474022, -0.020614324137568474, -0.0052016256377100945, 0.005669259466230869, -0.006287432741373777, 0.007078566588461399, 0.01616859994828701, 0.010806825943291187, -0.02520097978413105, -0.004461739212274551, 0.006114472169429064, 0.007398863788694143, 0.0004884531372226775, 0.015028341673314571, -0.006223373580724001, -0.018897531554102898, 0.02798115834593773, 0.01400339137762785, 0.007424487732350826, -0.01043528039008379, 0.006316259503364563, 0.020101848989725113, 0.020665571093559265, -0.0021652085706591606, 0.003987699281424284, -0.0006706221611239016, -0.010428874753415585, -0.017885392531752586, -0.003034815425053239, 0.0009672973537817597, -5.0922240916406736e-05, 0.01997372880578041, 0.029082980006933212, -0.00416706595569849, -0.005483487155288458, -0.01803913526237011, 0.0353095568716526, -0.03264468535780907, 0.03374650701880455, -0.0016415228601545095, 0.042561084032058716, -0.0011762912617996335, -0.013452479615807533, 0.0012619707267731428, -0.00012811885972041637, -0.006694210227578878, -0.0012043172027915716, 0.039178747683763504, -0.0027449463959783316, 0.021306166425347328, 0.003041221294552088, -0.0015862715663388371, -0.027238069102168083, 0.014080261811614037, -0.008077893406152725, 0.00015334226191043854, 0.0036353725008666515, 0.015489569865167141, 0.00675186375156045, -0.02240798808634281, 0.013567786663770676, -0.010851667262613773, -0.024022284895181656, -0.0009056401904672384, -0.005348962265998125, 0.023996662348508835, 0.00010339591972297058, 0.03228595107793808, 0.00831491407006979, -0.006098457612097263, 0.03277280181646347, -0.013567786663770676, -0.0010737961856648326, 0.01210723165422678, 0.025265038013458252, -0.02466288022696972, 0.0033631199039518833, 0.017283232882618904, 0.00010249508341075853, 0.03195284307003021, 0.008257260546088219, 0.007629477884620428, 0.002439062809571624, -0.0008179588476195931, -0.03284967318177223, -0.012991252355277538, -0.006841546855866909, -0.003606545738875866, 0.0029211100190877914, 0.0030155975837260485, 0.027724919840693474, 0.011722875759005547, 0.018346620723605156, 0.0011506674345582724, -0.006828735116869211, 0.007808844093233347, -0.0017103867139667273, -0.011793340556323528, 0.028673000633716583, -0.01901283860206604, 0.00906440895050764, -0.004564234055578709, -0.027186820283532143, 0.0085455272346735, -0.006047210190445185, -0.017885392531752586, 0.033003415912389755, -0.007277151104062796, -0.017757274210453033, -0.008116329088807106, 0.02857050485908985, 0.01856442168354988, -0.00922455731779337, -0.016796382144093513, 0.02568783052265644, 0.00856474507600069, 0.015092400833964348, 0.0038499715737998486, -0.008705676533281803, 0.006739052012562752, 0.009628131985664368, 0.012683766894042492, -0.033105913549661636, -0.008904260583221912, -0.029287969693541527, -0.0255725234746933, 0.010819637216627598, 0.0038371598348021507, 0.0410492829978466, 0.005147174932062626, -0.015976421535015106, -0.0012067194329574704, 0.010851667262613773, -0.007302774582058191, -0.02900610864162445, -0.0066685862839221954, 0.0014365327078849077, 0.020755253732204437, -0.034463971853256226, -0.01089650858193636, -0.0015894745010882616, 0.006405942607671022, -0.0026728797238320112, -0.01798788644373417, -0.005236858036369085, -0.009090032428503036, 2.619930455693975e-05, 0.006444378290325403, 0.007366834208369255, -0.0009400721173733473, 0.030261673033237457, 0.001624707248993218, 0.0009088431252166629, -0.008321319706737995, 0.007142626214772463, 0.004503377713263035, 0.007328398525714874, 0.013247489929199219, -0.007642289623618126, 0.025521276518702507, 0.029621079564094543, -0.015079589560627937, -0.01286313310265541, -0.04143363982439041, 0.02903173305094242, 0.009640944190323353, -0.019832799211144447, -0.03523268550634384, 0.031209753826260567, 0.004717976786196232, 0.0042343284003436565, 0.02568783052265644, -0.0012811885681003332, -0.028903614729642868, 0.0010866080410778522, 0.023407315835356712, -0.01565612480044365, -0.015515193343162537, 0.008161171339452267, 0.04145926237106323, -0.013196242041885853, -0.016283906996250153, 0.011505072936415672, 0.018346620723605156, 0.029697950929403305, -0.018884720280766487, 0.006136893294751644, -0.008372567594051361, 0.0012323432601988316, 0.049710117280483246, 0.023971037939190865, -0.01401620265096426, -0.0006081641768105328, -0.003353510983288288, 0.016873253509402275, -0.013785588555037975, 0.010518558323383331, 0.022215809673070908, 0.0062265763990581036, -0.013221865519881248, 0.01810319349169731, -0.014567113481462002, 0.0014229200314730406, 0.0076743196696043015, -0.02081931382417679, -0.010358409956097603, -0.0009320646640844643, 0.003718649735674262, -0.022830780595541, -0.013516539707779884, 0.02038371004164219, 0.008673646487295628, 0.036283258348703384, -0.009000349789857864, -0.03374650701880455, 0.015848303213715553, -0.006674992386251688, -0.014246816746890545, 0.0029531395994126797, -0.004154253751039505, -0.01401620265096426, -0.015925174579024315, 0.006809517275542021, 0.010941349901258945, -0.019179392606019974, 0.011825370602309704, -0.00023381691426038742, -0.00833413191139698, -0.04643027484416962, -0.0005140769062563777, -0.002740141935646534, 0.012235350906848907, 0.000645799096673727, -0.025905633345246315, 0.004176674876362085, 0.0036898229736834764, -0.006191343534737825, 0.0033214814029634, -0.012574865482747555, -0.006213764660060406, 0.013695905916392803, -0.01023669634014368, 0.013939331285655499, -0.029082980006933212, -0.0022452829871326685, -0.019205017015337944, -0.008321319706737995, -0.009070814587175846, 0.02892923727631569, 0.013772777281701565, 0.006726239807903767, -0.0006614135927520692, 0.022420799359679222, 0.005073506850749254, 0.009685785509645939, -0.006739052012562752, 0.03361838683485985, -0.016552956774830818, -2.717521056183614e-05, -0.03287529945373535, 0.003235001116991043, -0.026341237127780914, 0.005425833631306887, -0.01117837056517601, -0.017308857291936874, -0.001243553590029478, 0.01906408555805683, -0.011011815629899502, 0.006649368442595005, -0.007245121523737907, 0.005429036449640989, 0.020127471536397934, -0.021613651886582375, 0.01657857932150364, 0.02179301716387272, -0.003058837726712227, -0.00950641930103302, -0.004304793663322926, 0.048685166984796524, 0.03172222897410393, -0.002703307894989848, 0.014400559477508068, 0.028109276667237282, -0.015053965151309967, -0.02652060240507126, -0.012209727428853512, -0.00012161282211309299, 0.03999870643019676, -0.007424487732350826, -0.038281913846731186, -0.04035744071006775, -0.0022773125674575567, 0.00996124092489481, 0.006066428031772375, -0.0029675529804080725, -0.008737705647945404, -0.01707824319601059, -0.004173471592366695, -0.016424836590886116, -0.016399214044213295, 0.032465316355228424, -0.02754555456340313, -0.01115274615585804, 0.0003301062388345599, -0.0049614026211202145, 0.027468683198094368, 0.011774122714996338, 0.013196242041885853, -0.021472720429301262, -0.015604876913130283, 0.0014317282475531101, -0.005214437376707792, -0.006815922912210226, -0.010230290703475475, 0.012036766856908798, 0.008199607022106647, 0.021626463159918785, 0.01230581570416689, -0.011799746192991734, 0.005499501712620258, 0.0018977605504915118, 0.001145062269642949, -0.01668107509613037, -0.0013692702632397413, -0.03174785152077675, 0.025008801370859146, 0.01951250247657299, 0.0195253137499094, 0.018359431996941566, -0.016360778361558914, 0.03361838683485985, 0.00390762509778142, -0.025367533788084984, -0.013913707807660103, -0.023573869839310646, -0.03577078506350517, 0.00414464483037591, 0.001676755491644144, 0.005281699821352959, -0.002410236047580838, -0.01953812502324581, -0.007680725306272507, 0.029313594102859497, 0.011991924606263638, -0.00787290371954441, -0.022946087643504143, 0.009711408987641335, -0.018679728731513023, 0.03167098015546799, 0.0013748754281550646, -0.012728608213365078, -0.004612278658896685, -0.0061304871924221516, -0.043381042778491974, -0.022164562717080116, -0.005348962265998125, -0.03510456532239914, 0.0012707789428532124, 0.012901568785309792, -0.002717721275985241, 0.005742927547544241, 0.0077447849325835705, 0.0050094472244381905, -0.013785588555037975, -0.0019361962331458926, -0.008801765739917755, -0.023189513012766838, -0.022215809673070908, -0.018308185040950775, -0.029672326520085335, -0.006223373580724001, 0.025790326297283173, -0.020768066868185997, 0.01938438229262829, -0.022164562717080116, -0.014810539782047272, -0.01565612480044365, -0.009141280315816402, 0.029826069250702858, -0.0016911688726395369, 0.022625789046287537, 0.019140956923365593, -0.024406641721725464, -0.01942281797528267, 0.035796407610177994, 0.02380448393523693, -0.0011634794063866138, 0.0005368980928324163, 0.014772104099392891, 0.0016175005584955215, -0.008039458654820919, 0.018141629174351692, 0.009781874716281891, -0.031517237424850464, -0.04614841192960739, 0.031184129416942596, 0.0035969368182122707, 0.0029755604919046164, 0.00027465479797683656, 0.0016575376503169537, 0.004026134964078665, 0.018795035779476166, -0.01664263941347599, 0.00875051785260439, -0.004922966938465834, -0.014080261811614037, -0.026853712275624275, 0.017821332439780235, -0.028134901076555252, 0.004490565974265337, -0.0038435657043009996, -0.01236987579613924, -0.022933274507522583, -0.004061367828398943, -0.013375608250498772, 0.020985867828130722, -0.006815922912210226, 0.0185259860008955, -0.056833524256944656, -0.001608692342415452, 0.0031100851483643055, 0.015963610261678696, -0.009205339476466179, -0.003875595284625888, -0.014349311590194702, 0.02331763133406639, -0.000776320172008127, -0.026725593954324722, 0.014720856212079525, -0.014323688112199306, 0.004413694608956575, -0.004987026564776897, -0.0005661252071149647, 0.021728957071900368, -0.004935779143124819, -0.009974053129553795, -0.011806152760982513, 0.01447743084281683, -0.006200952455401421, -0.000822362897451967, -0.01711667887866497, -0.033439021557569504, -0.01761634275317192, -0.00464430870488286, 0.011761310510337353, 0.04322730377316475, 0.007892121560871601, -0.015873925760388374, 0.014605549164116383, 0.024803809821605682, -0.009621726348996162, -0.006892794277518988, -0.0053457594476640224, 0.009359082207083702, -0.02092180959880352, 0.028186148032546043, -0.04022932052612305, 0.0022997334599494934, 0.003012394532561302, 0.008865824900567532, -0.002821817761287093, -0.016283906996250153, 0.04463661089539528, -0.0038723924662917852, -0.033951498568058014, 0.011095092631876469, 0.015258955769240856, 0.012638925574719906, -0.00878895353525877, 0.0036994318943470716, 0.01949968934059143, 0.006777487695217133, -0.005313729401677847, -0.0074693295173347, -0.05544983968138695, 0.016245471313595772, -0.030671654269099236, -0.002893884666264057, 0.008910666219890118, -0.023496998474001884, 0.0058197989128530025, 0.002986770821735263, -0.004685947205871344, 0.014964282512664795, -0.022715473547577858, -0.006460393313318491, -0.03126100078225136, 0.011505072936415672, -0.012613301165401936, -0.01999935321509838, -0.00355850113555789, -0.030287297442555428, -0.021728957071900368, 0.020614324137568474, 0.0005993560189381242, 0.0018240922363474965, -0.004708367865532637, 0.010749172419309616, -0.016988560557365417, 0.01847473904490471, 0.01662982814013958, -0.0022148548159748316, -0.003914031200110912, -0.017231985926628113, -0.01760353147983551, 0.006636556703597307, -0.016822006553411484, 0.02895486168563366, 0.023061394691467285, 0.00700810132548213, 0.009378300048410892, 0.006521249655634165, -0.003225392196327448, 0.01901283860206604, 0.0262003056704998, 0.023932602256536484, 0.011972706764936447, -0.00783446803689003, 0.005092724692076445, 0.02477818727493286, 0.021626463159918785, 0.04048555716872215, -0.03241407126188278, -0.0015734597109258175, -0.004990229383111, -0.008020240813493729, -0.004112615250051022, -0.01282469742000103, -0.029621079564094543, 0.020537452772259712, 0.003709040815010667, -0.002304537920281291, -0.0051055364310741425, 0.024483513087034225, 0.011806152760982513, -0.023919790983200073, 0.0063707102090120316, 0.004878125619143248, -0.02429133467376232, -0.018372243270277977, 0.03407961502671242, -0.0053681801073253155, -0.018820660188794136, -0.01284391526132822, 0.008411003276705742, -0.02616186998784542, 0.01018544938415289, 0.016552956774830818, 0.016053292900323868, 0.002536753425374627, -0.019679056480526924, -0.01851317472755909, -0.0031517238821834326, -0.03128662332892418, 0.01302328146994114, 0.03981934115290642, 0.007802438456565142, 0.020768066868185997, -0.014567113481462002, 0.011005409993231297, -0.018846284598112106, 0.004788442049175501, -0.019653432071208954, 0.015886738896369934, 0.006623744964599609, -0.010230290703475475, -0.019794363528490067, 0.006329071708023548, 0.027929911389946938, -0.017372917383909225, -0.015130836516618729, -0.02375323511660099, -0.007770408410578966, -0.03948623314499855, 0.017091054469347, 0.013516539707779884, 0.003379134926944971, 0.03187597170472145, -0.006956853903830051, 0.004673135466873646, 0.00019958514894824475, -0.030517911538481712, -0.009384706616401672, -0.0052720909006893635, -0.00010619851673254743, -0.0149386590346694, 0.002549565164372325, 0.01802632212638855, -0.009602508507668972, -0.013247489929199219, 0.008782547898590565, 0.025828761979937553, 0.1896159052848816, -0.02037089876830578, -0.012811885215342045, 0.02176739275455475, -0.0019858423620462418, 0.037385083734989166, 0.038717519491910934, 0.0005364976823329926, -0.011883024126291275, 0.03661637008190155, -0.0020066616125404835, -0.017911016941070557, -0.018782224506139755, 0.0135037275031209, 0.014157133176922798, -0.016937313601374626, -0.04120302572846413, -0.020191531628370285, 0.000760305323638022, -0.03525830805301666, 0.0013844843488186598, -0.03561704233288765, -0.001676755491644144, -0.01897440291941166, 0.040613677352666855, 0.0053938040509819984, -0.0010922132059931755, -0.025495652109384537, 0.03843565657734871, 0.008660834282636642, -0.019832799211144447, 0.010512151755392551, -0.005813393276184797, 0.005592388100922108, -0.03423335775732994, 0.007584636099636555, -0.01332436129450798, -0.016232658177614212, -0.017744461074471474, 0.018820660188794136, 0.015387075021862984, -0.005531531758606434, -0.01750103570520878, -0.01354216318577528, 0.009211746044456959, 0.044405996799468994, 0.004452130291610956, 0.0012627714313566685, 0.019397195428609848, -0.0024214463774114847, -0.03095351532101631, -0.022677037864923477, -0.0010986191919073462, 0.01611735299229622, 0.021203670650720596, -0.003177347593009472, -0.0010313567472621799, 0.016770757734775543, -0.011466637253761292, 0.022574542090296745, 0.009320646524429321, 0.004464942030608654, -0.023906977847218513, 0.012190509587526321, 0.007539794780313969, 0.02892923727631569, -0.017436975613236427, -0.0012123247142881155, 0.012318627908825874, -0.01375996507704258, -0.0014045030111446977, -0.025892820209264755, -0.021613651886582375, 0.009935617446899414, 0.0007126611308194697, -0.015989232808351517, 0.03561704233288765, 0.017718838527798653, -0.007828062400221825, 0.025060048326849937, -0.005739724729210138, 0.014246816746890545, -0.005166392773389816, -0.008244448341429234, -0.0005224847118370235, -0.03238844498991966, 0.0010361612075939775, 0.005515516735613346, 0.004663526546210051, -0.010339192114770412, 0.0017648371867835522, -0.008692864328622818, 0.011107904836535454, 0.018795035779476166, 0.015604876913130283, -0.0026088200975209475, 0.02710995078086853, 0.014490243047475815, 0.005951120983809233, -0.03479707986116409, -0.011268053203821182, 0.05196500942111015, 0.0360526442527771, 0.01905127428472042, -0.007757596671581268, 0.005166392773389816, 0.003488035872578621, 0.009134874679148197, 0.017680402845144272, -0.0031981668435037136, 0.013478104025125504, -0.017911016941070557, 0.011825370602309704, -0.029723575338721275, 0.010595429688692093, 0.01213285606354475, 0.013016875833272934, -0.00898753758519888, -0.013426856137812138, -0.01616859994828701, 0.015130836516618729, -0.03615514189004898, 0.007783220615237951, 0.003545689396560192, -0.01993529312312603, -0.02652060240507126, -0.015374262817203999, 0.020294027402997017, -0.007962587289512157, -0.017859768122434616, 0.0085455272346735, -0.03694947808980942, 0.01568174734711647, -0.0022548919077962637, 0.009154092520475388, 0.002153998240828514, 0.015912361443042755, 0.005288105923682451, 0.012062390334904194, 0.008039458654820919, -0.0009464780450798571, -0.013683093711733818, 0.013016875833272934, 0.019781552255153656, -0.005518719553947449, -0.017308857291936874, -0.0039460607804358006, -0.019128145650029182, -0.01851317472755909, 0.013567786663770676, -0.033464644104242325, 0.023138266056776047, 0.021113988012075424, -0.0053201355040073395, 0.011248835362493992, -0.006232982501387596, -0.014720856212079525, -0.03448959439992905, -0.024790998548269272, 0.006604527123272419, -0.03528393432497978, -0.01233144011348486, 0.01304249931126833, 0.00557637307792902, -0.004135035909712315, 0.03671886399388313, -0.15886737406253815, 0.005012650042772293, 0.008436626754701138, -0.048685166984796524, 0.004298387560993433, 0.006559685338288546, 0.01256845984607935, -5.855432027601637e-05, -0.02371479943394661, -0.007366834208369255, 0.005028665065765381, 0.004048555623739958, -0.022664224728941917, 0.004586655180901289, -0.00355850113555789, -0.0015502381138503551, -0.006210561376065016, 0.018359431996941566, 0.02939046546816826, 0.020806502550840378, 0.02997981198132038, -0.052989959716796875, 0.007994616404175758, -0.02281796745955944, 0.0035873278975486755, -0.017283232882618904, 0.012972034513950348, 0.02421446330845356, -0.0014012999599799514, -0.023599492385983467, -0.03272155672311783, 0.003058837726712227, 0.018743788823485374, -0.003034815425053239, 0.0023301616311073303, 0.010845260694622993, 0.0006510039092972875, 0.0006842347793281078, -0.012414717115461826, 0.01994810625910759, -0.002447070088237524, 0.028365515172481537, 0.0025287459138780832, 0.033003415912389755, -0.007635883986949921, 0.037282586097717285, 0.011972706764936447, 0.01329873688519001, -0.011524290777742863, -0.005787769332528114, -0.01404182706028223, -0.013888084329664707, 0.008507092483341694, 0.0029275158885866404, -0.01214566733688116, 0.004048555623739958, 0.003958872519433498, -0.0018385056173428893, 0.022536106407642365, -0.012459558434784412, 0.0021732160821557045, -0.018308185040950775, 0.027443058788776398, 0.022715473547577858, 0.020691195502877235, -0.001133051118813455, 0.013452479615807533, 0.005947917699813843, 0.0011650808155536652, 0.011453825980424881, -0.018628481775522232, -0.00533935334533453, 0.001418115571141243, -0.012984845787286758, 0.024406641721725464, 0.017936639487743378, -0.012196915224194527, -0.009845933876931667, -0.012664549052715302, -0.008186794817447662, -0.025393156334757805, 0.01404182706028223, -0.025008801370859146, -0.015566441230475903, -0.025918444618582726, 0.013631845824420452, 0.009019567631185055, -0.0018849486950784922, 0.0034303823485970497, -0.012260974384844303, 0.009371894411742687, -0.023163888603448868, 0.013875272125005722, -0.0014749682741239667, -0.009096438996493816, 0.009717815555632114, 0.005973541643470526, -7.707149779889733e-05, -0.005714100785553455, -0.010249508544802666, 0.0016639436362311244, -0.007270745001733303, -0.010556994006037712, 0.028826743364334106, 0.004987026564776897, -8.983333827927709e-06, -0.006937636062502861, -0.011485855095088482, 0.020627135410904884, -0.027443058788776398, 0.021101174876093864, 0.009865151718258858, -0.013157806359231472, 0.007091378793120384, -0.014349311590194702, 0.00809070561081171, 0.018180064857006073, 0.016860442236065865, 0.0038019269704818726, -0.01949968934059143, 0.06390568614006042, -0.006460393313318491, 0.0037891152314841747, 0.01948687806725502, -0.009608914144337177, -0.02754555456340313, -0.10526245087385178, -0.00828928966075182, 0.013465291820466518, 0.015912361443042755, -0.004717976786196232, 0.007014507427811623, -0.002669676672667265, 0.021716145798563957, 0.01469523273408413, -0.0016639436362311244, -0.03876876458525658, -0.02805802971124649, 0.01620703563094139, -0.00163271464407444, 0.03474583476781845, -0.01610453985631466, 0.012965627945959568, -0.027366187423467636, -0.03095351532101631, 0.03528393432497978, -0.017257610335946083, 0.018654106184840202, -0.005131160374730825, -0.009922805242240429, -0.040562428534030914, 0.004906952381134033, -0.003169340081512928, 0.004525798372924328, 0.00924377515912056, -0.003814738942310214, -0.015912361443042755, 0.003218986326828599, 0.015758618712425232, -0.006063224747776985, 0.010845260694622993, 0.016527332365512848, -0.013439668342471123, -0.016476085409522057, 0.01938438229262829, -0.025790326297283173, 0.01469523273408413, 0.010556994006037712, 0.011447419412434101, -0.0027465480379760265, 0.015912361443042755, -0.014067450538277626, -0.012747826054692268, 0.0016054894076660275, -0.021549591794610023, -0.002274109749123454, 0.00827007181942463, -0.011005409993231297, -0.020140284672379494, -0.061445802450180054, 0.04991510510444641, 0.004541813395917416, -0.00020248784858267754, 0.023125452920794487, -0.028416762128472328, -0.020575888454914093, -0.004663526546210051, 0.0019041665364056826, -0.006044006906449795, 0.012497994117438793, 0.019960917532444, -0.004333620425313711, -0.02992856502532959, -0.00521123455837369, -0.00880817137658596, 0.010153419338166714, -0.021139610558748245, 0.005906279198825359, -0.0018208891851827502, 0.012869538739323616, -0.02754555456340313, 0.03548892214894295, 0.009974053129553795, -0.02561095915734768, -0.016002045944333076, -0.003456006059423089, -0.005143972113728523, -0.0006566091324202716, -0.004455333109945059, -0.004064570646733046, 0.021652087569236755, 0.025546899065375328, 0.03046666458249092, -0.005371382925659418, 0.0024198449682444334, -0.012228944338858128, -0.004593060817569494, 0.007309180684387684, 0.003686620155349374, -0.0025303473230451345, -0.009602508507668972, 0.015976421535015106, 0.005284902639687061, 0.0010922132059931755, 0.02473975159227848, 0.0474039763212204, -0.0021011491771787405, -0.025892820209264755, -0.03274717926979065, 0.006630150601267815, 0.004804457072168589, 0.008609587326645851, 0.012991252355277538, 0.00220204284414649, 0.01142820157110691, 0.01718073897063732, -0.010230290703475475, 0.005762145388871431, -0.013362796977162361, -0.0018881516298279166, -0.006095254793763161, -0.011812558397650719, -0.03994745761156082, 0.008276478387415409, 0.01897440291941166, 0.0097626568749547, 0.015335827134549618, 0.021011492237448692, -0.001093014026992023, 0.012081608176231384, -0.011146340519189835, 0.04555906355381012, -0.013734341599047184, -0.01358059886842966, -0.006674992386251688, 0.021985195577144623, -0.0011826971312984824, -0.00039076252141967416, 0.01071714237332344, -0.043047934770584106, -0.009346270933747292, 0.008238042704761028, -0.028263019397854805, -0.017001371830701828, -0.016732322052121162, 0.0185259860008955, 0.009852340444922447, 0.07128532975912094, -0.02371479943394661, -0.023971037939190865, 0.025072859600186348, -0.05070944130420685, -0.003347105113789439, -0.013221865519881248, -0.02463725581765175, 0.0066685862839221954, 0.006905606482177973, -0.026879336684942245, 0.022446423768997192, 0.008430221118032932, 0.01564331166446209, -0.005906279198825359, -0.016283906996250153, -0.030569158494472504, -0.006950447801500559, -0.017257610335946083, 0.0003156928578391671, -0.0350533202290535, 0.005035071168094873, 0.008686458691954613, 0.0004127829452045262, 0.005268888082355261, -0.006828735116869211, -0.0022052458953112364, -0.01805194653570652, -0.010018894448876381, 0.00679029943421483, 0.0001670549827395007, -0.01473366841673851, 0.02570064179599285, 0.02333044447004795, 0.012690172530710697, 0.022023631259799004, -0.008782547898590565, -0.004705165047198534, -0.025995315983891487, -0.012875945307314396, 0.01947406679391861, 0.028134901076555252, 0.00809070561081171, -0.02138303779065609, 0.02418884076178074, 0.0409211628139019, 0.03269593045115471, -0.0111975884065032, 0.028339890763163567, -0.004577046260237694, -0.01756509579718113, -0.001915376866236329, -0.007629477884620428, -0.006287432741373777, 0.012651736848056316, 0.0013180227251723409, 0.010095765814185143, -0.011678033508360386, -0.004855704493820667, 0.0031277015805244446, 0.014567113481462002, 0.00034291812335141003, 0.008404596708714962, -0.011915053240954876, -0.02322794869542122, -0.013824024237692356, 0.00392684293910861, -0.005422630347311497, -0.018795035779476166, -0.00453220447525382, -5.03592173117795e-06, 0.008103517815470695, 0.01119118183851242, -0.004416897427290678, 0.006841546855866909, -0.02176739275455475, -0.013010470196604729, -0.013734341599047184, -0.013824024237692356, -0.020140284672379494, 0.019730303436517715, 0.022933274507522583, 0.02939046546816826, 0.0027385405264794827, 0.02043495699763298, -0.009794686920940876, 0.000842381501570344, 0.03472020849585533, -0.030569158494472504, 0.014618361368775368, -0.0034207734279334545, -0.0004408089444041252, -0.0009921203600242734, -0.03092789091169834, 0.00338554079644382, -0.011319301091134548, -0.05170876905322075, 0.01946125365793705, 0.00473399180918932, 0.004346432164311409, 0.09701159596443176, 0.023432938382029533, -0.021728957071900368, 0.014169945381581783, 0.0028266222216188908, -0.0028266222216188908, -0.0006490020896308124, 0.010774795897305012, -0.02185707725584507, 0.003353510983288288, 0.015182084403932095, -0.005550749599933624, 0.033490270376205444, -0.03997308388352394, -0.018244124948978424, 0.02713557332754135, -0.0059639327228069305, 0.01516927219927311, 0.0037378675770014524, 0.012779856100678444, 0.05360493063926697, -0.02145990915596485, 0.011300083249807358, -0.021088363602757454, -0.02427852340042591, -0.013939331285655499, 0.034848328679800034, 0.0035072537139058113, -0.0170269962400198, -0.024470701813697815, 0.007603853940963745, 0.0022757111582905054, -0.015002718195319176, -0.011991924606263638, 0.018602857366204262, -0.007892121560871601, -0.01187021192163229, -0.024867869913578033, 0.006649368442595005, 0.0046987589448690414, -0.009166903793811798, 0.01425962895154953, -0.008065082132816315, -0.010986192151904106, -0.013721529394388199, -0.019614996388554573, 0.014067450538277626, -0.006306650582700968, -0.008904260583221912]"
"Son frecuentes en pacientes con demencia los episodios en los que deambulan sin objetivo aparente y sin rumbo fijo, definido como el vagabundeo. Esta conducta entraña peligro cuando el enfermo abandona el hogar por riesgo de tener un accidente o perderse. El vagabundeo también puede desencadenarse por múltiples causas: desorientación, confusión, la falta de ejercicio, necesidad de realizar una actividad física, el aburrimiento, miedos, exceso de estimulación, expresión de una sensación de malestar, como dolor, hambre o sed. Es posible que por desorientación: el enfermo no recuerda donde se encuentra, se siente confuso, es la búsqueda interminable de ""algo"". La vivencia psicológica de estar en el pasado y la necesidad de ir a lugares como el trabajo pueden ser causas importantes de la deambulación errante. Esta conducta puede aumentar cuando el paciente se muda de su domicilio habitual o se realizan cambios significativos en su medio (obras de reformas, cambios de muebles, entre otras). Ejemplos de pacientes afectados por demencia con vagabundeo:
El Sr. FAP, cuidador de una paciente con enfermedad de Alzheimer de 6 años de evolución se encuentra agotado físicamente debido al ""constante ir y venir"" de su esposa. ""Ella es una máquina, no se cansa, entra y sale de las habitaciones, se sienta, inmediatamente se para, se recuesta para dormir, inmediatamente se levanta de la cama, empieza a llenar con agua la olla, y luego se va al jardín, coge la escoba, y regresa a la cocina ........ , y nunca termina de hacer lo que empieza"".
El Sr. RGS con diagnóstico de demencia vascular desde hace 5 años, presenta episodios de deambulación errante en ciertas circunstancias; sobre todo cuando es desplazado fuera de su domicilio. La esposa, narra: ""Cuando llevo a mi esposo a la casa de su único hermano, inmediatamente se quiere ir, se pone inquieto, entra y sale de las habitaciones, se sienta, se pone de pie y a veces, se torna agresivo"".","[-0.010911641642451286, -0.024272440001368523, 0.037278756499290466, -0.01401175931096077, -0.03542255237698555, 0.015739059075713158, -0.0057297395542263985, -0.004476157948374748, -0.022609591484069824, -0.0002475341025274247, 2.283497087773867e-05, 0.02201663702726364, -0.0043279193341732025, 0.027146978303790092, -0.02013465389609337, 0.009139224886894226, 0.0325351245701313, 0.01786595955491066, 0.020018640905618668, -0.005591168999671936, -0.031091410666704178, 0.004137787036597729, -0.002605452435091138, -0.009487262926995754, -0.015507034957408905, 0.004282803274691105, 0.01933545432984829, -0.009783740155398846, 0.021268999204039574, -0.003095284104347229, 0.021256109699606895, -0.01082785427570343, 0.012458478100597858, -0.016344904899597168, 0.016112878918647766, -0.01579062081873417, 0.004469712730497122, -0.034752257168293, 0.009461482055485249, -0.02594817988574505, 0.002660236321389675, 0.02250646986067295, -0.023383010178804398, -0.005136785563081503, 0.002792361890897155, 0.03462335467338562, -0.021681489422917366, -0.013650830835103989, -0.034752257168293, 0.03444289043545723, 0.00899098627269268, 0.015803512185811996, -0.043466102331876755, 0.02056003361940384, 0.03668580204248428, 0.0035931719467043877, 0.006113226059824228, 0.005404259543865919, 0.0009240736253559589, -0.044626228511333466, -0.007257240824401379, -0.010028655640780926, -0.011369246989488602, 0.008282019756734371, -0.018755391240119934, 0.0041603450663387775, 0.0014509647153317928, -0.034056179225444794, 0.011826853267848492, 0.01615154929459095, 0.024981407448649406, 0.0019448244711384177, -0.011768846772611141, 0.0032886385452002287, 0.047436315566301346, -0.009371249936521053, -0.003660846035927534, 0.00520123727619648, -0.013044986873865128, 0.010898751206696033, 0.005107782781124115, -0.04447154700756073, -0.0360928475856781, 0.034107740968465805, 0.02766259014606476, 0.009461482055485249, -0.015042983926832676, 0.018433133140206337, -0.02183617278933525, -0.011672168970108032, -0.009848191402852535, 0.006922092754393816, 0.018368681892752647, 0.01602264679968357, 0.028410227969288826, 0.015133216045796871, 0.005275356583297253, 0.0003287027357146144, -0.0074119241908192635, -0.009719288907945156, -0.014089100994169712, 0.023034971207380295, -0.047126948833465576, 0.0007407895755022764, -0.011259679682552814, -0.01896163634955883, -0.008217568509280682, -0.006429038476198912, 0.022429127246141434, -0.023769719526171684, -0.011272570118308067, 0.02478805184364319, 0.0007673758664168417, -0.013573489151895046, -0.010421809740364552, -0.0021414016373455524, 0.02170727029442787, 0.02722431905567646, -0.005877978168427944, -0.045605890452861786, 0.001743413507938385, 0.03243200108408928, 0.028126642107963562, -0.00514000840485096, 0.003683404065668583, -0.018690939992666245, -0.01199442707002163, -0.005810304079204798, -0.02722431905567646, -0.008243348449468613, -0.02459469810128212, 0.01750503107905388, 0.021565476432442665, -0.017092542722821236, -0.006061664782464504, 0.0042054615914821625, -0.002900318242609501, -0.008726735599339008, -0.014346906915307045, -0.04068179801106453, 0.013715282082557678, 0.0009708009310998023, -0.042666904628276825, -0.010576494038105011, 0.009777294471859932, 0.022442016750574112, 0.00892653502523899, 0.0033933722879737616, 0.015880852937698364, 0.020714716985821724, 0.01914210058748722, -0.020753387361764908, 0.0021768498700112104, -0.019619042053818703, 0.0030888388864696026, 0.004134564660489559, 0.018252668902277946, 0.008172452449798584, -0.036299094557762146, -0.008069329895079136, 0.001817532698623836, -0.0037317427340894938, -0.006702957674860954, -0.011221008375287056, 0.007805078290402889, 0.0360928475856781, -0.026077082380652428, 0.006735183298587799, 0.010434700176119804, -0.010821409523487091, -0.009165005758404732, 0.027971956878900528, -0.0305242370814085, 0.016138659790158272, 0.01633201353251934, 0.0036382880061864853, -0.0008709011017344892, 0.027997737750411034, -0.04117162898182869, -0.02307364158332348, -0.028487570583820343, 0.00221713213250041, 0.013019206002354622, 0.02121743932366371, -0.03320541977882385, -0.016963638365268707, 0.026077082380652428, 0.018136655911803246, 0.005517049692571163, 0.006487044971436262, -0.012883857823908329, 0.013019206002354622, 0.011485259979963303, 0.000663044978864491, -0.6352341175079346, -8.82683671079576e-05, -0.0009127946104854345, -0.0073410277254879475, 0.01217489130795002, 0.008282019756734371, 0.015378131531178951, 0.006596612744033337, -0.013102993369102478, -0.05630484223365784, -0.0019754390232264996, 0.0026118976529687643, 0.007244350388646126, -0.01128546055406332, -0.02668292634189129, -0.010666726157069206, -0.00962905678898096, 0.0018062536837533116, 0.0358608216047287, 0.008758961223065853, -0.00822401326149702, 0.025161871686577797, -0.019786614924669266, -0.0036447332240641117, 0.008984541520476341, -0.00035851154825650156, 0.006238906644284725, -0.02464625984430313, 0.006155119743198156, 0.03016330860555172, -0.025058748200535774, -0.0003127912641502917, -0.014295346103608608, 0.03663424029946327, 0.06491556763648987, -0.018922964110970497, 0.012058878317475319, 0.040965382009744644, 0.005913426633924246, 0.044626228511333466, 0.01394730806350708, -0.01100831851363182, 0.012284458614885807, -0.02007020264863968, 0.014089100994169712, -0.004837086424231529, 0.01925811357796192, 0.002165570855140686, -0.0024459350388497114, 0.0037897489964962006, 0.022893177345395088, 0.003512607654556632, -0.04202238842844963, 0.0020882291719317436, 0.019992860034108162, 0.012213561683893204, 0.020959632471203804, -0.0305242370814085, 0.0013558987993746996, -0.011085660196840763, -0.00042376870987936854, 0.011188782751560211, 0.001121456385590136, -0.004624396096915007, -0.015635937452316284, 0.040656015276908875, -0.026760268956422806, -0.004360144957900047, 0.013199670240283012, -0.018033534288406372, 0.0029792713467031717, 0.028539130464196205, -0.012033097445964813, 0.019180770963430405, 0.04684336110949516, -0.009835300967097282, 0.00036213695420883596, 0.02784305438399315, -0.00921012181788683, -0.006876976694911718, -0.0022831950336694717, 0.008011323399841785, -0.05800636485219002, 0.022158430889248848, 0.023473242297768593, -0.0040282197296619415, -0.006960763595998287, 0.013148109428584576, -0.0057716332376003265, 0.002711797598749399, -0.004640508908778429, 0.010505597107112408, 0.007231459952890873, -0.025252103805541992, -0.011904194951057434, 0.017530811950564384, 0.009003876708447933, 0.02569037303328514, 0.03127187490463257, -0.01817532815039158, -0.017466360703110695, -0.010860079899430275, 0.012555154971778393, 0.007959761656820774, 0.016061317175626755, 0.02337011881172657, -0.026889171451330185, -0.002321865875273943, 0.021926404908299446, -0.0311945341527462, 0.005488046444952488, -0.004624396096915007, 0.02784305438399315, -0.000954688061028719, -0.01768549531698227, -0.018871404230594635, 0.014720725826919079, 0.008185341954231262, 0.003217741847038269, -0.015519924461841583, -0.015648826956748962, -0.011923530139029026, 0.015803512185811996, 0.002848756965249777, 0.026205986738204956, -0.0052366857416927814, 0.015326570719480515, -0.0005667704972438514, -0.012123329564929008, -0.007360362913459539, -0.027482125908136368, -0.029389891773462296, 0.013753953389823437, -0.0027230766136199236, 0.01925811357796192, -0.004269912838935852, 0.023318558931350708, -0.003883203724399209, -2.379167199251242e-05, -0.019979970529675484, -0.01602264679968357, -0.007747072260826826, 0.01122745405882597, -0.011175892315804958, 0.008514044806361198, -0.04006306082010269, 0.0006239712238311768, -0.005452597979456186, -0.041274748742580414, -0.0022541917860507965, -0.0027681926731020212, -0.044445764273405075, -0.010872970335185528, 0.03885137289762497, 0.009358360432088375, -0.005343030672520399, -0.02098541334271431, 0.011098550632596016, -0.023163873702287674, 0.01987684704363346, 0.03194217011332512, 0.017285896465182304, -0.004856421612203121, 0.006429038476198912, -0.021823283284902573, -0.03882559388875961, 0.003483604406937957, 0.011949311010539532, -0.03480381891131401, -0.03155546262860298, -0.0035416106693446636, -0.005610504187643528, 0.009777294471859932, 0.015275008976459503, 0.008024213835597038, 0.025239212438464165, -0.02080494910478592, -0.0069800992496311665, 0.012529374100267887, 0.021694380789995193, -0.008372251875698566, 0.008546271361410618, -0.005578278563916683, -0.012187781743705273, 0.01755659282207489, -0.001082785427570343, 0.01437268778681755, 0.013418805785477161, 0.003483604406937957, 0.012007317505776882, 0.021823283284902573, 0.01299987081438303, 0.005987545941025019, -0.0040378873236477375, 0.0014533816138282418, -0.001691852230578661, 0.006644951179623604, 0.009306798689067364, -0.01519766729325056, 0.024684930220246315, 0.03256090357899666, -0.013895746320486069, 0.006554719060659409, -0.006003658752888441, 0.02532944455742836, -0.03939276561141014, 0.015507034957408905, -0.0013897358439862728, 0.034288205206394196, 0.0024330446030944586, -0.006844751071184874, -0.02465914934873581, -0.005810304079204798, 0.0029454343020915985, -0.022248663008213043, 0.03797483444213867, -0.00012769456952810287, 0.023357229307293892, 0.0025683927815407515, 0.00514000840485096, -0.029750820249319077, 0.001384901930578053, 0.003979880828410387, 0.012606716714799404, 0.011201673187315464, 0.016383575275540352, 0.005178679246455431, 0.00034541983040980995, -0.00957749504595995, -0.001769194146618247, 0.004534163977950811, 0.01902608759701252, 0.008282019756734371, 0.03970213234424591, -0.014682055450975895, 0.013173889368772507, -0.005136785563081503, -0.003918651957064867, 0.023357229307293892, -0.023150984197854996, 0.002117232186719775, 0.02318965457379818, 0.013212560676038265, -0.0015959806041792035, -0.0005426012212410569, 0.017891740426421165, 0.015571486204862595, 0.03173592686653137, 0.0017256892751902342, 0.010473371483385563, 0.005304359830915928, 0.00037341596907936037, -0.03346322849392891, -0.009061883203685284, -0.017466360703110695, -0.010615164414048195, 0.008533380925655365, -0.014733616262674332, 0.03261246532201767, 0.003970213234424591, 0.015919523313641548, -0.0038155296351760626, 0.014978531748056412, 0.019232332706451416, -0.009474372491240501, -0.01860070787370205, 0.023202545940876007, 0.005394591949880123, -0.005094892345368862, -0.007109002210199833, -0.006909202318638563, -0.013715282082557678, -0.025316555052995682, 0.002682794351130724, 0.021372122690081596, 0.004298916086554527, -0.014037540182471275, -0.022918958216905594, 0.044574666768312454, 0.030910946428775787, -0.010686061345040798, -0.018446024507284164, 0.01872961036860943, 0.022158430889248848, 0.007682620547711849, -0.005633062217384577, 0.015455473214387894, 0.021629927679896355, 0.005800636485219002, 0.011942865327000618, -0.039727915078401566, -0.0013655665097758174, -0.027146978303790092, -0.002542612375691533, 0.008391587063670158, 0.02502007782459259, 0.029931284487247467, 0.00285197957418859, -0.018149547278881073, -0.014501591213047504, 0.002317032078281045, -0.010621610097587109, -0.02257092110812664, -0.021152988076210022, 0.008114445954561234, 0.02373104728758335, -0.02056003361940384, -0.015816401690244675, 0.0007150089950300753, 0.006735183298587799, -0.020095981657505035, -0.005810304079204798, 0.003291861154139042, -0.004170013125985861, -0.01287741307169199, 0.020276445895433426, -0.008984541520476341, 0.009944869205355644, 0.022970519959926605, 0.0024991075042635202, 0.009061883203685284, -0.012200672179460526, 0.01312232855707407, -0.007521491963416338, 0.013844185508787632, -0.0009716065833345056, -0.009590385481715202, 0.0125358197838068, 0.039908379316329956, -0.012729174457490444, -0.015158995985984802, -0.014578932896256447, 0.030756263062357903, 0.020482691004872322, -0.0011987981852144003, -0.010557157918810844, 0.008133781142532825, -0.0008999042911455035, 0.0017095764633268118, 0.013264121487736702, 0.014669165015220642, -0.02097252383828163, -0.000995775917544961, 0.00614867452532053, -0.005294691771268845, -0.02514898031949997, 0.0012551932595670223, 0.030936727300286293, -0.016190219670534134, -0.005533162504434586, 0.005981100723147392, -0.0039766584523022175, 0.019013196229934692, -0.018678048625588417, -0.001080368529073894, 0.006180900149047375, 0.008282019756734371, 0.03702095150947571, 0.012787180952727795, -0.03769124671816826, -0.0018658713670447469, 0.017711276188492775, 0.0057104043662548065, 0.0029373778961598873, 0.027636809274554253, 0.00962905678898096, 0.010086662136018276, -0.016009755432605743, 0.016744503751397133, -0.018884293735027313, -0.007508601527661085, 0.008365807123482227, -0.0006094696582295001, 0.004521274007856846, 0.022042417898774147, -0.008488264866173267, 0.0066191707737743855, -0.03384993597865105, 0.024556027725338936, -0.002940600272268057, 0.04044977203011513, 0.009848191402852535, -0.05225728824734688, 0.007875975221395493, 0.014243785291910172, -0.030807824805378914, -0.002395985182374716, -0.001011083135381341, 0.001106149167753756, -0.02766259014606476, -0.013534817844629288, 0.013160998933017254, -0.03421086445450783, -0.005011105444282293, -0.007283021230250597, -0.0050401086919009686, -0.04106850549578667, -0.0030324438121169806, 0.005671733524650335, 0.02117876708507538, -0.01652536913752556, -0.02275138534605503, 0.0004531747254077345, 0.018136655911803246, -0.009964204393327236, 0.018871404230594635, -0.024001743644475937, -0.0031549015548080206, 0.009873972274363041, 0.006525715813040733, 0.011066325008869171, -0.012026652693748474, -0.004231241997331381, 0.0025345557369291782, -0.0019931630231440067, 0.0009844969026744366, 0.01976083405315876, 0.028410227969288826, -0.0001652577193453908, -0.008778296411037445, 0.013895746320486069, 0.009861081838607788, 0.01909053884446621, -0.00040966994129121304, 0.03519052639603615, -0.033256981521844864, -0.010718286968767643, -0.009165005758404732, 0.0155972670763731, -0.01951591856777668, 0.001451770425774157, -0.01064739003777504, 0.0034513785503804684, 0.0014058486558496952, 0.003538388293236494, -0.01236180029809475, 0.003973436076194048, 0.0009007099433802068, 0.004334364552050829, 0.009590385481715202, 0.007057440932840109, 0.011304795742034912, 0.03591238334774971, -0.007450595032423735, -0.006122894119471312, 0.0027762490790337324, 0.04060445353388786, 0.017878850921988487, -0.0014324348885565996, 0.022313114255666733, 0.03266402706503868, -0.020508471876382828, -0.028925839811563492, -0.004911205265671015, 0.007289466448128223, 0.03921230137348175, -0.006106780841946602, -0.02079205960035324, -0.04514184221625328, 0.0031951838172972202, 0.00544293038547039, 0.009996430017054081, 0.00094985420582816, -0.009042548015713692, -0.026889171451330185, -0.004869312047958374, -0.00933257956057787, -0.004279580432921648, 0.020276445895433426, -0.030240651220083237, 0.0025103865191340446, 0.006632060743868351, -0.021049864590168, 0.03212263435125351, 0.006197012960910797, 0.018523365259170532, -0.0011166224721819162, -0.020456910133361816, -0.011040544137358665, -0.015094544738531113, -0.012613161467015743, -0.003214519238099456, 0.005952097475528717, 0.0011915473733097315, 0.010744067840278149, 0.0005716043524444103, 0.007347472943365574, -0.0048209731467068195, -0.011362802237272263, 0.003786526620388031, -0.023318558931350708, 0.0024056527763605118, -0.041687238961458206, 0.03787171095609665, 0.010170449502766132, 0.017221445217728615, 0.013496147468686104, -0.02300919033586979, 0.018562035635113716, 0.014914080500602722, -0.01312232855707407, -6.49046924081631e-05, -0.010892306454479694, -0.05285024270415306, 0.0018400907283648849, -0.012013762257993221, 0.0003673736355267465, 0.008217568509280682, -0.009010321460664272, -0.012181336060166359, 0.01541680283844471, 0.00962905678898096, -0.01419222354888916, -0.006928537972271442, -0.005136785563081503, -0.018252668902277946, 0.02642512135207653, 0.009371249936521053, -0.01664138026535511, -0.013496147468686104, -0.006657841615378857, -0.033566348254680634, -0.023099422454833984, -0.007573053240776062, -0.025432568043470383, -0.01677028462290764, 0.0020721161272376776, -0.00022074644220992923, 0.004289248492568731, 0.00558150140568614, 0.009893307462334633, -0.007012324873358011, 0.025123201310634613, -0.014965642243623734, -0.023808389902114868, -0.02727588079869747, -0.01207821350544691, -0.01501720305532217, -0.01932256482541561, 0.0155972670763731, -0.027559468522667885, 0.01933545432984829, -0.011156557127833366, -0.028358666226267815, -0.011891304515302181, 0.0014163220766931772, 0.005604059435427189, -0.012935418635606766, 0.02454313635826111, 0.017840178683400154, -0.03307651728391647, -0.028771156445145607, 0.01914210058748722, 0.02005731128156185, 0.008849193342030048, 0.009712843224406242, 0.011279014870524406, 0.006406480446457863, -0.021372122690081596, 0.008636503480374813, 0.005220572929829359, -0.04024352505803108, -0.04287314787507057, 0.04300205036997795, 0.014089100994169712, -0.00036233835271559656, -0.0033031401690095663, 0.0009385751909576356, -0.006551496684551239, 0.02807508036494255, -0.01921944133937359, 0.01236180029809475, -0.006284022703766823, -0.016009755432605743, -0.008894309401512146, 0.012587380595505238, -0.038567785173654556, 0.02202952839434147, -0.014179333113133907, -0.006412925664335489, -0.029209427535533905, -0.001441297004930675, -0.018690939992666245, 0.04055289179086685, -0.008185341954231262, 0.009873972274363041, -0.019851066172122955, 0.006806079763919115, 0.007044550497084856, 0.01829133927822113, -0.011362802237272263, 0.013380134478211403, -0.01211688481271267, 0.022132650017738342, -0.0008862083195708692, -0.003879981115460396, 0.02709541656076908, -0.03338588401675224, -0.002843923168256879, 0.0029534907080233097, 0.0004982907557860017, 0.005143230780959129, -0.007527937181293964, -0.00822401326149702, -0.008829857222735882, 0.027765711769461632, 0.003921874798834324, 0.002687628148123622, -0.0062034581787884235, -0.04527074471116066, -0.025896618142724037, -0.0070509957149624825, 0.01490119006484747, 0.06037817895412445, -0.008410923182964325, -0.011253234930336475, 0.01773705706000328, 0.024130648002028465, -0.01755659282207489, 0.01584218256175518, -0.008198232389986515, 0.0024991075042635202, -0.037717025727033615, 0.02177172154188156, -0.04014040529727936, -0.005413927137851715, 0.001359121291898191, -0.012097549624741077, 0.01116300281137228, -0.022132650017738342, 0.026270437985658646, 0.010808519087731838, -0.0336436927318573, 0.005301136989146471, -0.0033901496790349483, 0.0169378574937582, -0.004382702987641096, -0.012928973883390427, 0.021939296275377274, -0.005616949405521154, 0.0015734225744381547, -0.003960545640438795, -0.046353530138731, 0.01909053884446621, -0.008011323399841785, 0.009158560074865818, 0.0007246767054311931, -0.028668034821748734, 0.00917145051062107, 0.025226322934031487, -0.0032757483422756195, 0.0075859432108700275, -0.024027524515986443, -0.003322475589811802, -0.029028963297605515, -0.0008092693169601262, -0.005436485167592764, -0.031168753281235695, 0.00029587274184450507, -0.021629927679896355, -0.014849629253149033, 0.00689631188288331, 0.007386143784970045, -0.0058973138220608234, -0.005178679246455431, 0.009422811679542065, -0.018523365259170532, 0.014566042460501194, 0.009661282412707806, 0.003261246718466282, 0.013573489151895046, -0.008120890706777573, -0.00823045801371336, 0.012220007367432117, -0.02251935936510563, 0.03859356790781021, 0.02080494910478592, -0.0014912469778209925, 0.023589255288243294, 0.012278013862669468, -0.005249575711786747, 0.011014764197170734, 0.016357794404029846, 0.01829133927822113, 0.014785178005695343, -0.004350477363914251, -0.0027246878016740084, 0.011646389029920101, 0.013457476161420345, 0.041016943752765656, -0.021449463441967964, -0.013212560676038265, 0.005639507435262203, -0.0247236005961895, -0.020031530410051346, -0.00880407728254795, -0.05083935335278511, 0.0004447154642548412, -0.007592388428747654, 0.0026763491332530975, 7.119878137018532e-05, -3.2401992939412594e-05, -0.0012020207941532135, -0.025986850261688232, -0.003000217955559492, -0.0154812540858984, -0.024079086259007454, -0.017878850921988487, 0.02508452907204628, -0.014063321053981781, -0.028977401554584503, -0.012323129922151566, -0.001206048997119069, -0.005848974920809269, -0.002677960554137826, 0.028358666226267815, -0.0015420025447383523, 0.008404477499425411, -0.017943302169442177, -0.01718277484178543, -0.007347472943365574, -0.014527371153235435, 0.01437268778681755, 0.022248663008213043, 0.011253234930336475, 0.02704385481774807, -0.0056588430888950825, 0.011272570118308067, -0.010860079899430275, -0.00022497607278637588, -0.019361235201358795, 0.012426252476871014, 0.0015597266610711813, -0.010441145859658718, -0.014578932896256447, 0.003625397803261876, 0.026141533628106117, -0.012909638695418835, -0.0009667727281339467, -0.014024649746716022, 0.014282455667853355, -0.03841310366988182, 0.04519340395927429, 0.0035512784961611032, -0.006638505961745977, 0.011201673187315464, -0.010022210888564587, 0.013038541190326214, -0.008887863717973232, -0.030498456209897995, 0.008127336390316486, -0.0054300399497151375, -0.00031339548877440393, -0.022545140236616135, -0.017479250207543373, 0.013998868875205517, 0.020469801500439644, -0.013985978439450264, 0.004244132433086634, 0.002431433415040374, 0.179123654961586, -0.029957063496112823, -0.008236903697252274, 0.006831860635429621, 0.001964160008355975, 0.03763968497514725, 0.03217419609427452, -0.002060837112367153, -0.0022461353801190853, 0.022802945226430893, 0.016680052503943443, -0.013238341547548771, -0.005742629989981651, 0.01651247777044773, 0.007508601527661085, -0.0013800680171698332, -0.03511318564414978, -0.025896618142724037, -0.011369246989488602, -0.051612772047519684, 0.01925811357796192, -0.018252668902277946, 0.009132780134677887, -0.01871672086417675, 0.0496792271733284, -0.004289248492568731, 0.0035770591348409653, -0.01183329802006483, 0.027997737750411034, 0.016976529732346535, -0.01804642379283905, -0.018587816506624222, -0.017040980979800224, 0.009500153362751007, -0.007044550497084856, 0.009712843224406242, -0.009364805184304714, -0.0011593216331675649, 0.007366808131337166, 0.03591238334774971, 0.011111441068351269, -0.013070766814053059, -0.03140077739953995, -0.011201673187315464, -0.010428255423903465, 0.03823263943195343, 0.005800636485219002, -0.007663285359740257, 0.03256090357899666, -0.00689631188288331, -0.034468669444322586, -0.02361503429710865, -0.018368681892752647, -0.005233462899923325, 0.005136785563081503, -3.7210680602584034e-05, 0.028642253950238228, 0.024362672120332718, -0.014798067510128021, 0.024672040715813637, -0.0006892284145578742, 0.008494709618389606, -0.025845058262348175, 0.0191549900919199, -0.00015901397273410112, 0.02434978261590004, 0.003683404065668583, -0.021578367799520493, 0.009139224886894226, -0.002162348246201873, 0.026760268956422806, 0.008642948232591152, -0.006535383407026529, 0.017208553850650787, 0.010454035364091396, -0.023640815168619156, 0.01976083405315876, -0.0014171276707202196, -0.0078566400334239, 0.021488135680556297, -0.002238078974187374, 0.016228891909122467, 0.0002046335575869307, -0.01811087504029274, -0.005861865356564522, -0.03158124163746834, 0.0034674915950745344, -0.0027279104106128216, -0.01116300281137228, -0.008249794133007526, -0.004975656978785992, -0.017698386684060097, 0.010544267483055592, 0.021049864590168, -0.002387928543612361, 0.014798067510128021, 0.02593529038131237, 0.009152115322649479, -0.005117450375109911, -0.029621915891766548, -0.005674955900758505, 0.03158124163746834, 0.025123201310634613, -0.0020495580974966288, -0.007747072260826826, 0.017028089612722397, 0.00721856951713562, 0.012883857823908329, -0.0169378574937582, -0.0285133495926857, -0.007895310409367085, -0.009229457005858421, -0.0008028241572901607, -0.010260681621730328, 0.013650830835103989, 0.007946872152388096, 0.010905195958912373, 0.001451770425774157, -0.00792753603309393, 0.0011351522989571095, 0.012800070457160473, -0.040398210287094116, -0.01443713903427124, 0.007811523508280516, -0.013102993369102478, -0.010415364988148212, -0.01260027103126049, 0.01835579238831997, -0.02630910836160183, -0.008462483994662762, -0.01018333900719881, -0.03209685534238815, 0.010080217383801937, 0.01028001680970192, 0.006032662000507116, 0.006574054714292288, -0.003983103670179844, -0.0036672912538051605, -0.022558029741048813, -0.010009320452809334, -0.007637504488229752, -0.005333363078534603, 0.025677483528852463, 0.012632496654987335, 0.010531377978622913, -0.015674607828259468, 0.021617038175463676, -0.006506380625069141, -0.025780605152249336, -0.010312242433428764, -0.01840735226869583, 0.012928973883390427, -0.0011399862123653293, -0.023640815168619156, 0.012497148476541042, -0.0305242370814085, -0.025007188320159912, -0.03833576291799545, -0.013921527191996574, -0.024749381467700005, -0.04537386819720268, -0.005923094227910042, 0.01626756228506565, 0.011575492098927498, 0.005778078455477953, 0.014462919905781746, -0.15983976423740387, 0.0027375780045986176, 0.006644951179623604, -0.04730741307139397, 0.01033802330493927, 0.008971651084721088, 0.02025066688656807, 0.002434656023979187, -0.03181326761841774, -0.01092453207820654, 0.012374690733850002, -0.020482691004872322, -0.023202545940876007, 0.0006586139206774533, 0.0005091669736430049, -0.00911344401538372, -0.00425057765096426, 0.006248574238270521, 0.036247532814741135, 0.017350347712635994, 0.03310229629278183, -0.03763968497514725, 0.014527371153235435, -0.01767260581254959, -0.009622611105442047, -0.029570356011390686, -0.0016660717083141208, 0.025239212438464165, -0.0077535174787044525, -0.01501720305532217, -0.010473371483385563, -0.006174454931169748, 0.022184211760759354, -0.0018014198867604136, -0.008572051301598549, 0.021333452314138412, 0.004640508908778429, -0.00045760575449094176, -0.015068763867020607, 0.009687062352895737, -0.01700231060385704, 0.040836479514837265, 0.009152115322649479, 0.004949876572936773, -0.0009168228134512901, 0.04490981623530388, -0.001090841949917376, 0.0022622481919825077, -0.03160702437162399, -0.010679615661501884, -0.010350913740694523, -0.01786595955491066, 0.011511040851473808, 0.002995384158566594, -0.004366590175777674, 0.0018642600625753403, 0.01773705706000328, 0.010093106888234615, 0.02141079306602478, -0.009506598114967346, -0.011195228435099125, -0.040527112782001495, 0.004092670977115631, -0.002631233073771, 0.005433262791484594, 0.0012737230863422155, 0.00828846450895071, -0.006216348614543676, -0.022661153227090836, 0.006677176803350449, -0.016344904899597168, -0.007205679547041655, -0.0038542007096111774, -0.003538388293236494, 0.017350347712635994, 0.023898622021079063, -0.007811523508280516, -0.013960198499262333, -0.015919523313641548, -0.00962905678898096, -0.01981239579617977, 0.007991988211870193, -0.042305976152420044, -0.03065314143896103, -0.006448374129831791, 0.029389891773462296, 0.01465627457946539, 0.003821974853053689, 0.015507034957408905, -0.017144102603197098, 0.011324130930006504, -0.01976083405315876, 0.003944432828575373, -0.005391369108110666, -0.0011045378632843494, 0.026025522500276566, -0.015687499195337296, -0.0059585426934063435, -0.0028165311086922884, -0.03645377606153488, 0.010247791185975075, -0.0033804818522185087, -0.020083092153072357, 0.02766259014606476, 0.023898622021079063, 0.006219570990651846, -0.0065643866546452045, 0.01620311103761196, 0.028126642107963562, -0.02159125730395317, 0.006229239050298929, 0.0008346471004188061, -0.010144668631255627, -0.0017401908989995718, -0.010731177404522896, 0.0053494758903980255, -0.017479250207543373, 0.010673170909285545, 0.02678604982793331, -0.006967208813875914, 0.05169011652469635, -0.015300789847970009, 0.0020930629689246416, -0.010756958276033401, -0.01140791829675436, -0.01621600054204464, -0.10910352319478989, 0.003496494609862566, 0.0020495580974966288, 0.006316248327493668, -0.01383129507303238, 0.004972434602677822, -0.017969083040952682, 0.025522800162434578, 0.02385995164513588, -0.01189774926751852, -0.03552567586302757, -0.017466360703110695, 0.013844185508787632, -0.013173889368772507, 0.0407591387629509, 0.00012124940985813737, 0.02642512135207653, -0.013418805785477161, -0.036866266280412674, 0.02342168055474758, -0.018587816506624222, -0.005942429881542921, 0.011208118870854378, -0.0026457346975803375, -0.04140365496277809, 0.004443931858986616, -0.005107782781124115, 0.008095109835267067, 0.0025313333608210087, 0.003000217955559492, -0.02397596277296543, 0.006657841615378857, 0.019992860034108162, -0.0021542918402701616, 0.02931254915893078, 0.009100553579628468, 0.0032241870649158955, -0.01804642379283905, 0.034752257168293, -0.01976083405315876, 0.014785178005695343, -4.0030434320215136e-05, 0.009384140372276306, 0.013115882873535156, 0.013277011923491955, -0.017453471198678017, -0.009674172848463058, 0.013212560676038265, -0.01621600054204464, -0.012445587664842606, -0.01945146732032299, -0.013599270023405552, -0.004692070186138153, -0.039495889097452164, 0.05138074606657028, -0.013728172518312931, 0.006393590476363897, 0.019657712429761887, -0.0115303760394454, -0.00754082715138793, -0.01241336204111576, -0.012058878317475319, -0.009345469996333122, 0.026102863252162933, 0.01519766729325056, -0.010544267483055592, -0.04452310502529144, -0.00993842352181673, -0.00012084659101674333, 0.002513609128072858, -0.015507034957408905, 0.011962201446294785, 0.010853635147213936, 0.01706676185131073, -0.030678920447826385, 0.03745922073721886, 0.019051868468523026, 0.00921012181788683, -0.005446153227239847, -0.001886818092316389, -0.006103558465838432, -0.00981596577912569, 0.020108873024582863, -0.0056588430888950825, 0.02949301339685917, 0.03292183205485344, 0.023692376911640167, 0.0043730353936553, 0.014849629253149033, 0.006806079763919115, 0.003635065397247672, 0.012226452119648457, -0.008256238885223866, -0.010202675126492977, 0.009751514531672001, 0.009590385481715202, 0.009525934234261513, -0.008120890706777573, 0.023047862574458122, 0.03336010500788689, -0.01082785427570343, -0.02636067010462284, -0.039676353335380554, -0.003386927070096135, -4.443629950401373e-05, 0.00582641689106822, 0.007940426468849182, -0.008088665083050728, 0.011936420574784279, 0.0018707052804529667, -0.010898751206696033, 0.013128773309290409, -0.017298785969614983, 0.0025313333608210087, 0.01651247777044773, 0.0026586249005049467, -0.030575798824429512, -0.019374124705791473, 0.019683493301272392, 0.007824413478374481, 0.010170449502766132, 0.028281325474381447, 0.0008813744643703103, 0.02618020586669445, -0.0012995037250220776, 0.03604128584265709, -0.021449463441967964, -0.012394025921821594, -0.019709274172782898, 0.023163873702287674, 0.0078566400334239, -0.0075343819335103035, 0.011491704732179642, -0.03970213234424591, 0.007070331368595362, 0.011156557127833366, -0.021642819046974182, 0.007469930686056614, 0.0004253799852449447, 0.014334017410874367, 0.004914428107440472, 0.08621034771203995, -0.012658277526497841, -0.018871404230594635, 0.03457179293036461, -0.03542255237698555, -0.0077728526666760445, -0.007424814626574516, -0.02361503429710865, 0.0008797631599009037, 0.004282803274691105, 0.0054719336330890656, 0.002603841247037053, 0.011549711227416992, 0.004959544166922569, -0.016344904899597168, -0.006509603001177311, -0.010408919304609299, 0.0006715042400173843, -0.0062034581787884235, -0.0021768498700112104, -0.028642253950238228, 0.0320710726082325, 0.0016644604038447142, 0.007205679547041655, 0.018819842487573624, -0.006664286833256483, -0.005520272068679333, -0.018858512863516808, 0.0003901330637745559, 0.01419222354888916, -0.011401472613215446, -0.012348909862339497, 0.017350347712635994, 0.013083657249808311, -0.0011206506751477718, -0.0008040326647460461, -0.006361364386975765, -0.009326133877038956, 0.013251231051981449, 0.004563167225569487, 0.00633236113935709, 0.01878117211163044, -0.003934764768928289, -0.026399340480566025, 0.017028089612722397, 0.03377259522676468, 0.018239779397845268, -0.012858076952397823, 0.0018723164685070515, 0.004675957374274731, -0.008610722608864307, -0.024143537506461143, -0.012638942338526249, -0.013070766814053059, 0.01465627457946539, -0.00017492544429842383, -0.012149110436439514, -0.007785743102431297, 0.001162544242106378, 0.0010384750785306096, 0.027327442541718483, 0.002300919033586979, 0.014991422183811665, -0.0070509957149624825, -0.036247532814741135, -0.003130732337012887, -0.0011029265588149428, -0.00620668102055788, -0.008597832173109055, -0.005662065465003252, 0.004853199236094952, 0.0056588430888950825, 0.008088665083050728, -0.008391587063670158, 0.0038284200709313154, -0.012065324001014233, -0.005929539445787668, 0.002657013712450862, -0.027146978303790092, -0.02318965457379818, 0.03168436512351036, 0.04093960300087929, 0.013869966380298138, -0.008114445954561234, 0.007167008705437183, 0.00405400013551116, 0.0027101861778646708, 0.04398171231150627, -0.021024083718657494, -0.009828856214880943, -0.021268999204039574, 0.008075774647295475, -0.0008982929866760969, -0.03240622207522392, 0.007689065765589476, -0.009609720669686794, -0.042177069932222366, 0.023034971207380295, 0.001912598730996251, -0.026025522500276566, 0.09033524245023727, 0.03145233914256096, -0.00721856951713562, 0.02740478329360485, -0.012522929348051548, -0.004956321325153112, 0.008797631599009037, 0.0007033271831460297, -0.024749381467700005, 0.009364805184304714, 0.01217489130795002, -0.009841746650636196, 0.03413352370262146, -0.033566348254680634, -0.010176894254982471, 0.03186482936143875, -0.01584218256175518, 0.012091103941202164, 0.007431259844452143, 0.017646824941039085, 0.03756234422326088, -0.03222575783729553, 0.02410486713051796, -0.007695510983467102, -0.03454601392149925, -0.012754954397678375, 0.03088516555726528, 0.007160563487559557, -0.02482672408223152, -0.01804642379283905, 0.010853635147213936, -0.011304795742034912, -0.01223934255540371, -0.010963202454149723, 0.006000435911118984, -0.01039602980017662, -0.0037188525311648846, -0.01976083405315876, 0.006786744575947523, -0.003348256228491664, -0.011092105880379677, 0.015249228104948997, -0.002777860267087817, -0.016873406246304512, -0.006851195823401213, -0.010673170909285545, -0.01744057983160019, -0.0057104043662548065, -0.013354353606700897]"
"Cuando hablamos de agitación psíquica nos referimos a un estado de intranquilidad, excitación, y/o conductas repetitivas que la persona no puede controlar, que carecen de una finalidad aparente y que están presentes de forma continuado. Vuestro familiar puede mostrar en ciertos momentos enfado, irritabilidad o incluso agresividad: gestos o expresiones corporales (ceño fruncida), agresiones verbales (insultos, gritos) y en casos extremos, agresiones físicas. Los pacientes pueden dañar el entorno o a las personas, o autolesionarse. Se manifiestan ansiosos, hiperactivos, coléricos y confusos. Con frecuencia gritan y discuten. La agitación puede llegar a situaciones límite, con la necesidad de varias personas para reducir al paciente, que da empujones, tira objetos, pudiendo destrozar muebles. La agitación puede ser consecuencia de una depresión, de un estado de ansiedad o de una reacción catastrófica. También puede deberse a diversos factores, o a la suma de factores como el dolor, el cansancio, la falta de descanso, y el efecto de medicamentos o de la propia demencia. En ciertos casos se puede relacionar con la supresión brusca de medicaciones ansiolíticas, hipnóticas, alcohol o drogas.
Ejemplos de pacientes afectados por demencia con agitación psíquica:
El Sr. JBC cuando fue hospitalizado para una resección de próstata, la primera noche después de la cirugía se mostró desorientado, confuso, agitado e inquieto; señalaba que veía rostros ""de personas maléficas"" en la habitación, y que ""pequeños insectos le recorrían la piel"", y que estos ""subían por las paredes del cuarto"", por lo que intenta levantarse de la cama, y salir de la habitación; retirándose en el intento la vía endovenosa y cogiendo el soporte metálico agrede a los auxiliares de enfermería, antes de ser contenido. Entonces, empieza a proferir en voz alta, que es víctima de una ""conspiración malévola"" y que lo están intentado ""aniquilar''.
El señor JRD con frecuencia presenta delusiones celotípicas con su esposa; a quien acusa de tener un amante. En cierta oportunidad, cuando llegó el médico de programa de atención a domicilio, se mostró suspicaz y poco colaborador durante la entrevista, y no permitió ser examinado (ni medición de presión arterial, ni auscultación de pulmones y corazón) e invitó groseramente a ""retirarse de su domicilio"". Luego de ello, se mostró irritable, hiperactivo, entraba y salía de las habitaciones, revisaba las puertas y ventanas y pedía en forma reiterada que no ""dejen ingresar nunca más a ese individuo"", ""el amante de su esposa"". Por varias horas, reclamaba por la ""conducta inmoral"" de su esposa a quien empezó a agredir verbalmente, y tuvo dos intentos de golpearla con su bastón. Cuando los hijos llegaron, ya estaba más calmado, refirió que ""su esposa tiene un amante que viene todos los meses a envenenarlo con unas cápsulas"".","[-0.015553919598460197, -0.00045079123810864985, 0.04563693702220917, -0.019380779936909676, -0.01551500242203474, 0.006836459971964359, -0.00883421115577221, 0.012550806626677513, 0.002150177024304867, -0.012252440676093102, -0.014970161020755768, 0.029291700571775436, 0.009846058674156666, 0.026398854330182076, 0.0037490264512598515, 0.002784203505143523, 0.04457319900393486, 0.02189742773771286, 0.02446596510708332, -0.0233243927359581, -0.017785174772143364, 0.0008359096827916801, -0.011084924452006817, -0.008944476954638958, -0.03204185143113136, 0.007952087558805943, -8.482739940518513e-05, -0.019549421966075897, -0.00730995275080204, -0.017227360978722572, 0.0002513404469937086, -0.010274148546159267, 0.015839312225580215, 0.005905689671635628, 0.004280895460397005, -0.03582979738712311, 0.005143560469150543, -0.026035627350211143, 0.00600298261269927, -0.0009494182304479182, 0.007971545681357384, 0.006706736050546169, -0.010585485957562923, 0.011714085936546326, 0.004138198681175709, 0.029161976650357246, -0.04545532539486885, -0.01747383549809456, -0.03292397782206535, 0.026035627350211143, 0.026139406487345695, 0.023090889677405357, -0.04766063392162323, -0.008613680489361286, 0.04312029108405113, -0.023985985666513443, -0.0006113247945904732, 0.007141311652958393, 0.001589930965565145, -0.03902100771665573, 0.005344633013010025, -0.014827464707195759, -0.013854533433914185, 0.008088297210633755, -0.026826944202184677, 0.015346360392868519, 0.015125829726457596, -0.01880999468266964, 0.008302342146635056, -0.013828588649630547, 0.026956668123602867, 0.00341174378991127, -0.024907026439905167, -0.018758105114102364, 0.021910401061177254, -0.0018404606962576509, 0.001282647019252181, -0.007971545681357384, -0.002351249335333705, 0.028772804886102676, 0.017071690410375595, -0.029187921434640884, -0.025075668469071388, 0.02423246204853058, 0.015592836774885654, 0.015994980931282043, -0.0292657557874918, 0.009962811134755611, -0.017914898693561554, -0.015047995373606682, -0.015553919598460197, 0.0009737415239214897, 0.0237524826079607, 0.02859119139611721, 0.019471587613224983, 0.029706818982958794, 0.008587735705077648, -0.0009048255742527544, -0.019744006916880608, -0.01988670416176319, 0.0034960643388330936, 0.003716595470905304, -0.06683385372161865, -0.0012080556480214, -0.01773328334093094, -0.009923893958330154, -0.003249588655307889, -0.008341259323060513, -0.011947588995099068, -0.026333991438150406, -0.01751275360584259, -0.0021517984569072723, -0.003878750605508685, -0.02729395031929016, 0.008548818528652191, 0.0023626000620424747, 0.024997834116220474, 0.027760956436395645, -0.00634350860491395, -0.04789413884282112, -0.0015866878675296903, 0.02215687558054924, 0.008081811480224133, -0.017162498086690903, 0.002146933926269412, -0.013348610140383244, -0.0030906766187399626, -0.009119603782892227, -0.037801600992679596, -0.009515262208878994, -0.025127558037638664, 0.017811119556427002, 0.001473990036174655, 0.0037068661767989397, -0.013102133758366108, 0.029187921434640884, -0.010793045163154602, -0.008483955636620522, -0.018537573516368866, -0.044235918670892715, 0.01177894789725542, 0.005733805242925882, -0.0380091592669487, -0.033053699880838394, 0.020249931141734123, 0.013750754296779633, 0.01624145731329918, 0.01604687049984932, 0.008600708097219467, 0.017551669850945473, 0.020185070112347603, -0.0011683276388794184, -0.004151171073317528, -0.0054678707383573055, -0.0018923502648249269, 0.025218363851308823, 0.0008472605259157717, -0.0183559600263834, -0.03489578142762184, -0.017175471410155296, 0.008269911631941795, -0.001491827075369656, 0.0034312023781239986, 0.011376803740859032, -0.0011188703356310725, 0.022494157776236534, -0.00599325355142355, -0.0033241799101233482, 0.021028276532888412, -0.018797021359205246, 0.0014999349368736148, 0.036504361778497696, -0.012336761690676212, 0.0136599475517869, 0.020613159984350204, 0.0021647708490490913, 0.00860719382762909, 0.028772804886102676, -0.033287204802036285, -0.010228744708001614, -0.02459568902850151, 0.011967048048973083, 0.03730865195393562, 0.015009078197181225, -0.025296198204159737, -0.011110869236290455, 0.0315229557454586, -4.6442241000477225e-05, -0.0061586517840623856, -0.008665570057928562, -0.019380779936909676, 0.011733544990420341, 0.016423070803284645, -0.03359854221343994, -0.628072202205658, -0.002335033845156431, 0.0034085006918758154, -0.01532041560858488, 0.009949838742613792, 0.04107065126299858, 0.02719017118215561, -0.002219903515651822, -0.027994459494948387, -0.06252701580524445, 2.8858545192633756e-05, 0.013802643865346909, 0.0009340135147795081, -0.021067192777991295, -0.0233243927359581, -0.011545444838702679, -0.03206779807806015, 0.0003283641126472503, 0.015009078197181225, 0.018835939466953278, 0.020133180543780327, 0.0014245327329263091, -0.03710109367966652, 0.006674305070191622, 0.02446596510708332, 0.0008869885350577533, -0.004365216009318829, -0.010546568781137466, 0.0038398331962525845, 0.024686496704816818, -0.022507131099700928, -0.010449276305735111, 0.004433320835232735, 0.016877105459570885, 0.05552191287279129, -0.022208765149116516, 0.019614282995462418, 0.03450661152601242, 0.0010442789644002914, 0.03554440289735794, 0.011850296519696712, -0.006804028991609812, 0.022533075883984566, -0.023674648255109787, 0.01757761463522911, -0.0031441878527402878, 0.023467089980840683, -0.018472712486982346, -0.01059197261929512, 0.019925622269511223, 0.020833689719438553, 0.0018485684413462877, -0.005321931093931198, 0.02358384057879448, 0.026645328849554062, 0.0013094026362523437, 0.012161633931100368, -0.02729395031929016, -0.0016223619459196925, 0.010189827531576157, 0.01060494501143694, -0.0015720939263701439, 0.01258972380310297, -0.01226541306823492, -0.017811119556427002, 0.03611518815159798, -0.021482311189174652, 0.0007860469631850719, 0.017564643174409866, 0.0006015955004841089, -0.00956715177744627, 0.012570264749228954, -0.030173825100064278, 0.01818731799721718, 0.0334688164293766, -0.013063216581940651, 0.003153917146846652, 0.02729395031929016, 0.0003332287888042629, -0.003333909437060356, -0.010728183202445507, -0.0052992296405136585, -0.04184899479150772, 0.01816137321293354, 0.04996972158551216, -0.010754127986729145, -0.00471871392801404, 0.011597334407269955, -7.75810913182795e-05, 0.006476475391536951, -0.014126954600214958, 0.005163019057363272, -0.0030647318344563246, -0.00789371132850647, -0.005396522581577301, 0.014580988325178623, 0.0004467373655643314, 0.014088037423789501, 0.02027587592601776, 0.007225632201880217, 0.007718584034591913, -0.014282623305916786, 0.00461169146001339, 0.023506006225943565, 0.008185590617358685, 0.0237524826079607, -0.045014262199401855, 0.0016912779537960887, 0.03723081573843956, -0.009359593503177166, 0.01589120179414749, 0.0018047865014523268, 0.016189567744731903, -0.025490785017609596, 0.0002592455130070448, -0.0263469647616148, 0.025451868772506714, 0.016487933695316315, -0.0033128291834145784, -0.012051369063556194, 0.0013864262728020549, -0.020639104768633842, 0.013179968111217022, 0.003102027578279376, 0.019186194986104965, -0.0163063183426857, -0.005198693368583918, 0.007102394476532936, -0.006259187590330839, -0.004803034942597151, -0.0030987844802439213, -0.011188703589141369, 0.018991608172655106, 0.004092795308679342, 0.041044704616069794, -0.007614804431796074, 0.027397729456424713, -1.2510014130384661e-05, 0.012927005998790264, -0.033676374703645706, -0.03733459487557411, -0.0018745132256299257, 0.013037271797657013, 0.027786901220679283, 0.011701113544404507, -0.043742965906858444, -0.015489057637751102, 0.0007244279840961099, -0.02202715165913105, -1.0704771739256103e-05, 0.016786297783255577, -0.005548948422074318, 0.006966183893382549, 0.034973617643117905, 0.010812503285706043, 0.008775834925472736, -0.02874686010181904, 0.00035937628126703203, -0.01049467921257019, -0.0006745653226971626, 0.014256678521633148, 0.035726018249988556, 0.0007138879154808819, -0.01760355941951275, -0.04018852487206459, -0.02479027584195137, 0.00436845887452364, 0.027786901220679283, -0.040914978832006454, -0.03038138337433338, 0.01164922397583723, 0.00904825609177351, 0.00425495021045208, -0.0014731793198734522, -0.00359335751272738, 0.01816137321293354, -0.0027371784672141075, -0.00836720410734415, 0.008192076347768307, 0.021326642483472824, -0.006268917117267847, 0.005487329326570034, -0.0079910047352314, -0.0169549398124218, 0.02241632342338562, 0.010066590271890163, 0.0028604164253920317, -0.0011058979434892535, 0.004034419544041157, 0.01956239342689514, 0.03518117591738701, 0.03733459487557411, 0.004066850524395704, 0.01585228554904461, -0.033832043409347534, -0.004627907183021307, -0.00647323252633214, 0.001533176633529365, 0.008470983244478703, 0.01906944252550602, 0.0239730142056942, -0.004997620824724436, 0.007459135726094246, 0.009528234601020813, 0.02900630794465542, -0.024323267862200737, 0.004984648432582617, -0.024414075538516045, 0.036400582641363144, 0.016072815284132957, 0.007342383731156588, -0.011538958176970482, 0.0005176802515052259, -0.0025490785483270884, -0.01913430355489254, 0.02219579368829727, -0.0016410098178312182, 0.025970764458179474, -0.0009323919657617807, -0.004160900600254536, -0.026333991438150406, 0.005831098183989525, 0.019289974123239517, 0.013238344341516495, -0.012395137920975685, 0.0086915148422122, 0.02060018666088581, 0.005954335909336805, 0.0008188833598978817, 0.00814018677920103, -0.0108514204621315, 0.007802904583513737, 0.01984778791666031, 0.010624404065310955, -0.02371356450021267, 0.03992907702922821, 0.0034830919466912746, 0.001016712631098926, 0.025931846350431442, -0.013082675635814667, -0.0029512231703847647, 0.019614282995462418, 0.018459739163517952, -0.01699385605752468, 0.014542071148753166, 0.013802643865346909, 0.01880999468266964, 0.012771337293088436, 0.005231124348938465, 0.0006263241521082819, -0.0030339222867041826, 0.004261436406522989, -0.031107839196920395, -0.008769349195063114, -0.013050244189798832, -0.015151774510741234, 0.018628381192684174, -0.022792523726820946, 0.013854533433914185, 0.0027339353691786528, 0.006992128677666187, -0.019484559074044228, 0.008003977127373219, 0.018265152350068092, -0.0008813131134957075, -0.011480582877993584, 0.01829109713435173, -0.000731725012883544, -0.01002118643373251, 0.009424455463886261, -0.003671191865578294, -0.003642003983259201, -0.004757631104439497, -0.019860759377479553, 0.01608578860759735, -0.0014975025551393628, -0.02189742773771286, -0.012161633931100368, 0.031237563118338585, 0.01952347718179226, -0.010630889795720577, -0.015605809167027473, 0.012382165528833866, 0.03632274642586708, 0.012537834234535694, -0.009807141497731209, 0.012914033606648445, 0.006054872181266546, -0.006739167030900717, 0.025361061096191406, -0.041459821164608, -0.006817001383751631, -0.009820113889873028, -0.011902186088263988, -0.004893841687589884, -0.006564039271324873, 0.026826944202184677, 0.007900197990238667, -0.002840957837179303, -0.013841561041772366, 0.025776177644729614, -0.006979156285524368, -0.026852888986468315, 0.002010723575949669, -0.02576320618391037, 0.03904695436358452, -0.01552797481417656, -0.023544924333691597, -0.002638263860717416, -0.011785434558987617, -0.007627776823937893, 0.00766669400036335, -0.022182820364832878, 0.016526849940419197, 0.0008083432912826538, 0.009385538287460804, -0.0064180996268987656, -0.002150177024304867, 0.03621896728873253, -0.01829109713435173, 0.018174346536397934, -0.02131366916000843, -0.0003230940783396363, -0.036141134798526764, 0.010767100378870964, 0.01578742265701294, -0.015009078197181225, 0.014749630354344845, 0.027605287730693817, 0.008081811480224133, -0.0064440444111824036, -0.01653982326388359, 0.02582806721329689, 0.005107886157929897, -0.019549421966075897, 0.006207298021763563, 0.02887658402323723, 0.0027404215652495623, -0.004443050362169743, 0.024816220626235008, -0.0013758862623944879, -0.024932971224188805, -0.02475135773420334, 0.010099020786583424, 0.019899677485227585, -0.013608057983219624, 0.013815616257488728, 0.013867505826056004, -0.02407679334282875, -0.03001815639436245, 0.011928130872547626, 0.012628640979528427, 0.019108358770608902, -0.03118567354977131, -0.01945861428976059, 0.005970551632344723, 0.012258927337825298, 0.015943091362714767, 0.01816137321293354, -0.014412347227334976, 0.008698000572621822, 0.0016037141904234886, 0.015242581255733967, -0.020262904465198517, 0.016423070803284645, 0.0011172487866133451, -0.0001745194458635524, -0.029317645356059074, 0.012602696195244789, -0.005004107020795345, 0.017357084900140762, 0.0011756246676668525, -0.01880999468266964, -0.001979914028197527, 0.019354835152626038, -0.008179103955626488, -0.010968172922730446, -0.010968172922730446, 0.008646111004054546, 0.011201675981283188, 0.01852460205554962, -0.009508776478469372, -0.01236270647495985, 0.01390642300248146, -0.0019426184007897973, -0.02783879078924656, 0.003843076294288039, -0.01480151992291212, -0.010267662815749645, -0.03178240358829498, 0.005211665760725737, 0.007919656112790108, -0.01049467921257019, 0.003603086806833744, -0.00013408201630227268, -0.03284614160656929, -0.03764593228697777, 0.006541337817907333, 0.017850035801529884, 0.010300093330442905, -0.018693242222070694, -0.006739167030900717, 0.00974876619875431, 0.027216115966439247, -0.025905901566147804, 0.004932758864015341, -0.011967048048973083, -0.015540947206318378, 0.011318427510559559, -0.012875116430222988, 0.023155750706791878, -0.00718022882938385, 0.001889107166789472, 0.023376282304525375, 0.007446163333952427, -0.026878833770751953, 0.012537834234535694, 0.012725934386253357, -0.004932758864015341, 0.009158520959317684, 0.008432066068053246, -0.000477546826004982, 0.0016701978165656328, 0.002469622530043125, 0.02043154463171959, -0.042549505829811096, -0.0011058979434892535, -0.01578742265701294, 0.01621551252901554, -0.0267750546336174, -0.009002852253615856, 0.005831098183989525, -0.011999479494988918, 0.004014960955828428, 0.00335012492723763, -0.011941103264689445, -0.0024761087261140347, 0.0045435866340994835, 0.01507394015789032, 0.00182748818770051, -0.002758258720859885, 0.03515522927045822, 0.020288849249482155, 0.005727319046854973, 0.011000603437423706, -0.010339010506868362, 0.03385799005627632, 0.02874686010181904, -0.014023175463080406, 0.008302342146635056, 0.02108016610145569, -0.01140274852514267, -0.017629504203796387, -0.000816856452729553, 0.005227881018072367, 0.020198041573166847, -0.004047391936182976, 0.0009234734461642802, -0.041537657380104065, 0.012174606323242188, -0.019769951701164246, 0.02781284600496292, 0.010449276305735111, -0.010643862187862396, -0.026100488379597664, -0.02999221161007881, -0.025672398507595062, -0.005954335909336805, 0.014606933109462261, -0.03611518815159798, -0.011616792529821396, 0.01945861428976059, -0.02973276376724243, 0.01904349774122238, -0.019666172564029694, -0.0010045509552583098, -0.015878230333328247, 0.002129096770659089, -0.005746777635067701, -0.0032528317533433437, -0.003192834323272109, -0.007556428667157888, 0.012784309685230255, -0.007647235412150621, 0.02556861937046051, 0.02336331084370613, 0.0018339743837714195, 0.031004060059785843, -0.008179103955626488, 0.003162024775519967, -0.005720832850784063, 0.014204788953065872, -0.01936780847609043, 0.03782754763960838, 0.004861410707235336, -0.006625658366829157, 0.02755339816212654, -0.02628210186958313, 0.013465361669659615, 0.019406724721193314, -0.006178110372275114, -0.011240593157708645, -0.01891377381980419, -0.026593439280986786, -0.0026025897823274136, 0.025464840233325958, 0.005386793054640293, 0.009229869581758976, -0.020353710278868675, -0.007731556426733732, 0.018602436408400536, 0.018732160329818726, -0.007549942471086979, -0.010215772315859795, -0.0045046694576740265, -0.029966266825795174, 0.01552797481417656, 0.006226756609976292, 0.005970551632344723, -0.0013345367042347789, -0.010183341801166534, -0.027916625142097473, -0.016163622960448265, -0.011363831348717213, -0.0017901925602927804, 0.016384152695536613, -0.010540083050727844, -0.002699882723391056, -0.012544319964945316, 0.0032398593612015247, 0.016656573861837387, 0.00425495021045208, 0.007861279882490635, -0.012771337293088436, -0.0306667760014534, -0.009554179385304451, -0.013179968111217022, -0.026489660143852234, 0.0016134434845298529, 0.0150609677657485, -0.027242060750722885, 0.02641182579100132, -0.004987891763448715, -0.011551930569112301, 0.009242841973900795, -0.005581379402428865, 0.024803247302770615, -0.023921122774481773, 0.022494157776236534, 0.011324914172291756, -0.00740724615752697, -0.024543799459934235, 0.02368761971592903, 0.017097637057304382, -0.004001988563686609, 0.01880999468266964, 0.008211535401642323, 0.0025328630581498146, -0.01164922397583723, -0.0037198385689407587, 0.017525725066661835, -0.03557034954428673, -0.0460001640021801, 0.021625006571412086, 0.0026593441143631935, 0.004848438315093517, -0.017499780282378197, -0.013867505826056004, -0.01965320110321045, 0.012453513219952583, -0.018265152350068092, 0.0018112726975232363, 0.0209504421800375, 0.0032122929114848375, -0.021495282649993896, 0.009035283699631691, -0.01760355941951275, 0.030952170491218567, -0.01023523136973381, 0.00823748018592596, -0.02172878570854664, 0.009547693654894829, -0.03193807229399681, 0.03320936858654022, -0.001631280523724854, 0.010222258977591991, -0.036400582641363144, -0.003567412728443742, 0.01578742265701294, 0.019808869808912277, 0.011513013392686844, 0.02047046273946762, 0.010047131218016148, 0.025192419067025185, 0.005036538001149893, -0.01714952662587166, 0.020457489416003227, -0.017227360978722572, 0.017551669850945473, 0.0007965870318002999, -0.0018064080504700541, 0.0015007456531748176, 0.009203924797475338, -0.0037457833532243967, 0.002960952464491129, 0.025127558037638664, 0.010838448069989681, -0.011551930569112301, -0.011221134103834629, -0.016526849940419197, -0.010825475677847862, 0.002399895805865526, 0.013608057983219624, 0.08084405958652496, -0.0017512752674520016, -0.009949838742613792, 0.006804028991609812, -0.0022993595339357853, -0.007089422084391117, -0.0010434682480990887, -0.004430077970027924, 0.013225371949374676, -0.020068317651748657, -0.0015396629460155964, -0.04465103521943092, -0.01844676584005356, 0.009398510679602623, 0.006045143119990826, 0.010436303913593292, 0.017616532742977142, 0.032119687646627426, 0.011850296519696712, -0.026048598811030388, -0.003333909437060356, 0.007348869927227497, 0.02960303984582424, 0.0028344716411083937, 0.0027987973298877478, 0.018965663388371468, 0.013880478218197823, -0.011344372294843197, -0.003126350697129965, -0.022079041227698326, 0.011279510334134102, -0.020703965798020363, 0.002250713063403964, -0.0012080556480214, -0.017486808821558952, 0.0026139405090361834, -0.009729307144880295, 0.00493924506008625, 0.006035413593053818, -0.01805759407579899, -0.003424716182053089, -0.014062092639505863, 0.01411398220807314, -0.009417969733476639, -0.012031910009682178, -0.009943352080881596, -0.015437168069183826, -0.03442877531051636, 0.03847616910934448, -0.0007726691546849906, 0.0004657905956264585, -0.008419093675911427, 0.015022050589323044, 0.0034214730840176344, 0.00578245148062706, 0.009340135380625725, 0.0005184910260140896, 0.01578742265701294, 0.007679666392505169, -0.013218885287642479, -0.001210488029755652, -0.027086392045021057, 0.04522182047367096, 0.03512928634881973, -0.01201893761754036, 0.003424716182053089, 0.018342986702919006, -0.03388393297791481, 0.03876155987381935, 0.0012769715394824743, 0.011655710637569427, 0.013724809512495995, -0.014840437099337578, -0.00705050490796566, 0.0012656206963583827, 0.03557034954428673, 0.045040205121040344, -0.025192419067025185, 0.0008959070546552539, -0.0034863350447267294, -0.021741759032011032, -0.015112857334315777, -0.015035022981464863, -0.03276830539107323, -0.006784570403397083, -0.017136553302407265, -0.007562914863228798, -0.012109744362533092, 0.008003977127373219, 0.013322664424777031, -0.022533075883984566, 0.006888349540531635, -0.0013029164401814342, -0.03544062376022339, -0.00926230102777481, 0.019756980240345, -0.023142779245972633, -0.003580385120585561, 0.006804028991609812, 0.0019377537537366152, -0.012570264749228954, 0.016384152695536613, 0.030225714668631554, -0.008451525121927261, -0.015255553647875786, -0.019056469202041626, -0.025036750361323357, -0.01965320110321045, -0.02898036316037178, 0.017681393772363663, 0.02423246204853058, -0.0066094426438212395, 0.011422206647694111, -0.014010202139616013, 0.010027673095464706, -0.01650090515613556, 0.01634523645043373, -0.005283013917505741, 0.01565769873559475, 0.01699385605752468, -0.018109483644366264, -0.016643602401018143, -0.0028733888175338507, 0.0199775118380785, -0.020548297092318535, 0.012771337293088436, -0.002664208645001054, 0.008529359474778175, -0.05271987244486809, 0.010501165874302387, 0.027112336829304695, -0.013082675635814667, 0.01377669908106327, -0.010754127986729145, -0.01634523645043373, 0.003056623972952366, -0.03749026358127594, 0.0034052575938403606, -0.01930294558405876, -0.003943612799048424, -0.0035576834343373775, -0.0010929255513474345, 0.022974137216806412, 0.008639625273644924, 0.010650348849594593, 0.002866902621462941, 0.022338489070534706, 0.18275530636310577, -0.025257281959056854, -0.014178844168782234, 0.025789150968194008, -0.0018664054805412889, 0.005980280693620443, 0.012732420116662979, -0.0020301821641623974, -0.014736657962203026, 0.03385799005627632, 0.018109483644366264, -0.009152035228908062, -0.003658219473436475, 0.017032774165272713, 0.010274148546159267, 0.0063629671931266785, -0.023077916353940964, -0.014840437099337578, 0.009528234601020813, -0.04070742055773735, 0.0131734823808074, -0.030952170491218567, 0.0013256181264296174, -4.798778172698803e-05, 0.05188963934779167, -0.018784049898386, 0.0021663925144821405, -0.01692899502813816, 0.03243102505803108, -0.0033241799101233482, -0.01643604412674904, 0.011396261863410473, 0.0247254129499197, -0.003450660966336727, -0.014036147855222225, -0.006324049551039934, -0.0008764484664425254, -0.00797803234308958, 0.010027673095464706, 0.029525205492973328, -0.009742279537022114, 0.012356220744550228, -0.014088037423789501, -0.019082413986325264, -0.011324914172291756, 0.039721518754959106, 0.005448412150144577, -0.00909365899860859, 0.03486983850598335, 0.0008756376337260008, -0.03917667642235756, -0.02206606976687908, -0.01991264894604683, 0.011558417230844498, 0.009502289816737175, 0.0199775118380785, 0.02364870347082615, 0.04117443040013313, -0.01917322166264057, 0.009729307144880295, 0.014542071148753166, -0.0028069051913917065, -0.0341174378991127, 0.021676896139979362, -0.008905559778213501, 0.015969036146998405, -0.0008205049089156091, -0.020807744935154915, -0.006654846016317606, 0.004147928208112717, 0.0056332689709961414, -0.0101509103551507, -0.017006829380989075, -0.0014237220166251063, 0.010481706820428371, -0.00921041052788496, 0.031497012823820114, 0.021676896139979362, 0.004747902043163776, 0.038450222462415695, -0.001992886420339346, 0.019925622269511223, 0.004245221149176359, 0.0020350466948002577, -0.0063013480976223946, -0.02114502713084221, 0.017331140115857124, 0.009184465743601322, -0.03222346678376198, -0.01721438765525818, -0.014152899384498596, -0.006778084207326174, 0.006758625619113445, 0.002591238822788, 0.01034549716860056, 0.014749630354344845, 0.03115972876548767, 0.0036971368826925755, -0.011603820137679577, -0.0015939848963171244, -0.014866381883621216, 0.0589466318488121, 0.02794256992638111, 0.0018031649524345994, -0.014049120247364044, 0.012570264749228954, 0.01493124384433031, -0.0003999150649178773, 0.011266537941992283, -0.019225111231207848, -0.019990483298897743, -0.013672919943928719, -0.0066094426438212395, -0.013491306453943253, -0.0044787246733903885, 0.010099020786583424, 0.002555564744397998, -4.5530119678005576e-05, -0.003856048919260502, -0.011000603437423706, 0.005253825802356005, -0.016877105459570885, 0.0032268869690597057, -0.016228483989834785, 0.006680791266262531, -0.02345411665737629, -0.009807141497731209, 0.014152899384498596, 0.0022717933170497417, -0.009242841973900795, 0.011084924452006817, -0.043405681848526, 0.012317303568124771, -0.003489578142762184, -0.022533075883984566, 0.005915418732911348, -0.002064234809949994, 0.021793648600578308, -0.005179234780371189, -0.009236356243491173, -0.010176855139434338, -0.01679927110671997, 0.0033695835154503584, 0.004984648432582617, 0.006972670089453459, -0.020678021013736725, 0.021676896139979362, 0.007108880672603846, -0.018472712486982346, -0.03092622570693493, -0.0267750546336174, 0.029421426355838776, 0.012395137920975685, -0.02716422639787197, 0.0011942724231630564, -0.029577095061540604, -0.017097637057304382, -0.020872607827186584, -0.02157311700284481, 0.017292222008109093, -0.02453082613646984, -0.0029301431495696306, 0.009372565895318985, 0.02066504955291748, 0.010099020786583424, 0.009119603782892227, -0.1604427695274353, 0.011260051280260086, 0.002988518914207816, -0.01764247752726078, 0.015502030029892921, 0.003940369468182325, 0.004468995146453381, 0.0015623646322637796, -0.007472108118236065, -0.02014615200459957, 0.007115366868674755, -0.017175471410155296, -0.021871482953429222, -0.003969557583332062, 0.007381301373243332, 3.790375922108069e-05, -0.010436303913593292, 0.007725070230662823, 0.026398854330182076, 0.011804892681539059, 0.024050848558545113, -0.027242060750722885, 0.027631232514977455, -0.011668683029711246, -0.0019653199706226587, -0.017396001145243645, -0.01721438765525818, 0.012096771970391273, -0.00870448723435402, -0.00989146251231432, -0.012927005998790264, -0.009424455463886261, 0.025711316615343094, 0.019419698044657707, 0.00870448723435402, 0.016812242567539215, 0.006191082764416933, -0.013672919943928719, -0.01818731799721718, 0.00836720410734415, 0.008672055788338184, 0.01643604412674904, -0.001814515795558691, 0.018926745280623436, -0.01731816679239273, 0.03435094282031059, 0.018200291320681572, 0.009022311307489872, -0.015683643519878387, -0.007854794152081013, -0.019795896485447884, -0.01565769873559475, 0.0013312936061993241, -0.023103861138224602, 0.002962574129924178, 0.017097637057304382, -0.0003133647842332721, 0.005990010220557451, 0.007621290627866983, -0.010131452232599258, 0.0028214992489665747, -0.021132055670022964, 0.01718844287097454, 0.009184465743601322, 0.0287209153175354, -0.002617183607071638, 0.019445642828941345, -0.011247078888118267, -0.016916021704673767, 0.015670670196413994, -0.008393148891627789, 0.003982529975473881, -0.015177719295024872, -0.02377842739224434, 0.010274148546159267, -0.01585228554904461, -0.022922247648239136, -0.005642998497933149, -0.009268786758184433, 0.0030777042265981436, -0.026398854330182076, 0.0003780241240747273, -0.04337973892688751, -0.03938423469662666, -0.01634523645043373, 0.016682518646121025, -0.006946725305169821, -0.006304590962827206, 0.006317563354969025, 0.00019742385484278202, 0.01865432597696781, -0.021404476836323738, 0.002142069162800908, -0.008146673440933228, -0.0019880218897014856, 9.774913633009419e-05, -0.015138802118599415, 0.00860719382762909, -0.011811379343271255, -0.049788109958171844, 0.00850990042090416, 0.003027436090633273, 0.008490442298352718, 0.0036225453950464725, 0.0035220093559473753, -0.02193634584546089, -0.01316050998866558, -0.0026804241351783276, 0.029058197513222694, -0.024115709587931633, 0.009203924797475338, -0.006067844573408365, 0.001197515637613833, 0.02436218596994877, -0.012596209533512592, 0.017992733046412468, -0.007939115166664124, 0.02049640752375126, 0.018200291320681572, -0.009755251929163933, 0.06605551391839981, 0.010124965570867062, 0.015748506411910057, 0.0021534201223403215, 0.0063629671931266785, -0.03686758875846863, -0.12463891506195068, -0.02202715165913105, 0.005675429478287697, -0.007154284045100212, 0.00979416910558939, -0.014671795070171356, -5.994672028464265e-05, 0.028253909200429916, 0.0030906766187399626, -0.0045306142419576645, -0.02807229571044445, -0.014710713177919388, 0.007355356588959694, -0.013698864728212357, 0.023272503167390823, 0.022468212991952896, 0.0313153974711895, -0.019277000799775124, -0.024063820019364357, 0.01340049970895052, -0.011980020441114902, 0.001835595932789147, -0.02133961394429207, 0.0014131818898022175, -0.037542153149843216, 0.003616059198975563, -0.0012299466179683805, 0.024063820019364357, -0.0020269390661269426, 0.018148401752114296, -0.021949317306280136, 0.001463450025767088, 0.03474011272192001, -0.011856782250106335, 0.011772462166845798, 0.009930379688739777, -0.018083538860082626, -0.01013793796300888, 0.023596813902258873, -0.011590847745537758, 0.0009664445533417165, -0.0009088794467970729, 0.010585485957562923, 0.0009356350637972355, 0.018771076574921608, -0.007303466554731131, -0.002594481920823455, 0.0009818492690101266, -0.009469859302043915, -0.020522352308034897, -0.04301651194691658, -0.01410100981593132, -0.0011375182075425982, -0.014165871776640415, 0.046441227197647095, 0.005565163679420948, 0.0150609677657485, 0.005253825802356005, -0.04133009910583496, -0.005257069133222103, -0.017940843477845192, -0.0023658431600779295, 0.002774474211037159, 0.004021447151899338, 0.017266277223825455, -0.013225371949374676, -0.0253740344196558, -0.009443914517760277, 0.009346621111035347, -0.028305798768997192, -0.025918874889612198, 0.011266537941992283, -0.008646111004054546, 0.014970161020755768, -0.027605287730693817, 0.028150130063295364, -0.009644987061619759, -0.0009194195736199617, -0.005143560469150543, -0.010047131218016148, -0.030303549021482468, -0.007452649530023336, 0.01602092571556568, 0.0021874725352972746, 0.055210575461387634, 0.007965059950947762, 0.02377842739224434, -0.022364433854818344, 0.007926142774522305, 0.0015372305642813444, -0.012550806626677513, 0.020898552611470222, -0.00289122574031353, -0.009930379688739777, -0.002542592352256179, 0.0013012948911637068, 0.0007787499926052988, -0.01353022363036871, 0.018848910927772522, 0.03219752013683319, -0.006547824013978243, -0.023830316960811615, -0.031237563118338585, 0.006304590962827206, 0.00435224361717701, 0.02069099433720112, -0.0035220093559473753, 0.003820374608039856, 0.019705090671777725, 0.0011748138349503279, 0.0026317776646465063, 0.00036221399204805493, -0.008613680489361286, 0.001290754764340818, 0.01628037355840206, -0.013063216581940651, -0.032275356352329254, -0.01197353471070528, 0.03204185143113136, 0.008931504562497139, 0.01783706434071064, -0.00013479145127348602, -0.01848568394780159, 0.01081898994743824, -0.0024534070398658514, 0.0341174378991127, -0.012797282077372074, -0.010293607600033283, -0.014970161020755768, 0.028928473591804504, 0.007867766544222832, -0.01995156705379486, 0.006521879229694605, -0.036530304700136185, 0.008036407642066479, 0.016267402097582817, -0.018719187006354332, -0.010293607600033283, 0.002255577826872468, 0.015164746902883053, 0.016617657616734505, 0.07056991010904312, -0.026333991438150406, -0.030121935531497, 0.0009323919657617807, -0.04413213953375816, 0.006135949864983559, -0.014010202139616013, -0.015437168069183826, 0.012862144038081169, 0.007082935888320208, 0.0004844384384341538, 0.025490785017609596, 0.01764247752726078, 0.00753697007894516, -0.02144339308142662, -0.011052493005990982, -0.024932971224188805, -0.00043457571882754564, -0.008743404410779476, -0.0032966136932373047, -0.013348610140383244, 0.03647841513156891, -0.0064310720190405846, -0.005237610545009375, 0.0019442399498075247, 0.01449018158018589, -0.0020707210060209036, -0.016513878479599953, -0.0326126366853714, 0.017266277223825455, -0.009126090444624424, 0.0030777042265981436, -0.0062883757054805756, 0.010870879516005516, 0.002033425262197852, 0.016228483989834785, -0.012920520268380642, 0.004443050362169743, 0.014580988325178623, 0.01718844287097454, 0.00974876619875431, 0.019147276878356934, 0.00846449751406908, -0.042808953672647476, -0.0023755724541842937, 0.029836542904376984, 0.028046350926160812, -0.04031825065612793, -0.005318688228726387, -0.004705741535872221, -0.02098935842514038, -0.01153247244656086, -0.022040124982595444, -0.021235834807157516, 0.010994117707014084, 0.025672398507595062, -0.0004070093564223498, -0.006641873624175787, -0.017564643174409866, 0.02027587592601776, 0.031497012823820114, 0.007303466554731131, 0.02312980592250824, -0.00991092063486576, -0.029784653335809708, 0.01906944252550602, -0.004488453734666109, -0.014983133412897587, -0.026749109849333763, -0.011149786412715912, -0.00872394535690546, -0.0017674908740445971, -0.01304375845938921, -0.015930119901895523, 0.011714085936546326, -0.026528578251600266, 0.015904175117611885, -0.006019198335707188, -0.014295595698058605, 0.001910187304019928, 0.02848741225898266, 0.02245524153113365, 0.003453904064372182, 0.007076449692249298, 0.009508776478469372, 0.023116834461688995, -0.007154284045100212, 0.03167862445116043, -0.028150130063295364, -0.02427137829363346, -0.011409234255552292, -0.005279770586639643, -0.0029804110527038574, -0.04343162849545479, 0.0028863612096756697, -0.016773326322436333, -0.030329493805766106, -0.0057759652845561504, 0.001306159538216889, -0.010656834580004215, 0.08229696750640869, 0.026645328849554062, -0.010773586109280586, 0.026385881006717682, 0.012654585763812065, -0.011383289471268654, -0.014023175463080406, 0.01734411157667637, -0.036530304700136185, 0.005808396264910698, 0.017370056360960007, -0.016267402097582817, 0.040110692381858826, -0.04369107633829117, -0.013685892336070538, 0.03147106617689133, -0.007102394476532936, 0.020483434200286865, -0.003346881829202175, -0.002305845730006695, 0.03580385074019432, 0.0035706558264791965, 0.020314794033765793, -0.00766669400036335, -0.051344797015190125, -0.017681393772363663, 0.03118567354977131, 0.005474356934428215, -0.03001815639436245, -0.032898031175136566, 0.006408370565623045, -0.0065575530752539635, -0.027631232514977455, -0.016293346881866455, -0.003671191865578294, -0.03834644332528114, -0.02144339308142662, -0.013134565204381943, 0.015489057637751102, 0.012038396671414375, -0.03564818203449249, 0.028383633121848106, -0.023467089980840683, 0.0030825689900666475, 0.010364955291152, -0.007906683720648289, -0.005043024197220802, -0.009145548567175865, -0.031081894412636757]"
"Con frecuencia las ""reacciones catastróficas"", se asocian con labilidad emocional. La labilidad emocional se refiere a que los pacientes son propensos a presentar cambios bruscos y fluctuaciones en sus sentimientos y expresiones emocionales. Sus emociones pueden oscilar entre sentimientos depresivos y desesperación, ansiedad y sentimientos de alegría y euforia, o conductas de furor y agresividad. Con frecuencia se presentan enfados o una conducta violenta, la mayoría de estas reacciones son ""reacciones catastróficas"". Son arranques de agitación y angustia desproporcionados en relación con las causas que las provoca. Muchas veces el enfado es causado por la dificultad que tiene el paciente en comprender lo que está ocurriendo. Las reacciones catastróficas puede deberse a trastornos perceptivos, alucinaciones y delirios, por dolor, infecciones, ciertos medicamentos y estados agudos de confusión mental. Ejemplos de pacientes afectados por demencia con reacción catastrófica:
La Sra. RZM durante una entrevista con el neuropsicólogo: ""Este reloj que voy a dibujar es algo tan simple, me están haciendo perder el tiempo, y yo teniendo que recoger a mis hijas del colegio"". Luego tiró el lápiz, rompió el papel, agredió verbalmente al evaluador y salió corriendo del consultorio.
La Sra. JDA, cuidadora principal de un paciente con demencia, en estado moderado, nos cuenta: ""Mi esposo es imprevisible. De repente está como si se sintiera triste, apático, distante y de un momento a otro, arranca en llanto; pero termina riéndose, pues reconoce que el motivo de su tristeza es una tontería"".","[-0.029655592516064644, -0.0073416633531451225, 0.05552871897816658, -0.02161785028874874, -0.03475141525268555, 0.014105450361967087, -0.006225310266017914, 0.02038329467177391, -0.0037430664524435997, 0.0031422057654708624, 0.007545233704149723, 0.047202035784721375, -0.005338794551789761, 0.018242523074150085, -0.006215460132807493, 0.022235127165913582, 0.04320943355560303, 0.007538666948676109, 0.011091296561062336, -0.01465705968439579, -0.016692763194441795, 0.001440588035620749, -0.010769524611532688, 0.0008717404562048614, -0.030364805832505226, -0.0016474417643621564, 0.01187274418771267, -0.02839476987719536, -0.00843831617385149, -0.013632642105221748, 0.0008364440291188657, 0.00042314708116464317, 0.008655020035803318, -0.01333713624626398, 0.007899840362370014, -0.028736243024468422, 0.016653362661600113, -0.02105310745537281, -0.008339814841747284, 0.002375533804297447, 8.311084820888937e-05, 0.010191647335886955, -0.0063205286860466, -0.006947656627744436, -0.00034947600215673447, 0.03322792425751686, -0.020409561693668365, -0.008668153546750546, -0.04462786018848419, 0.030128400772809982, 0.03459381312131882, 0.014105450361967087, -0.028447303920984268, -0.006228593643754721, 0.03724679350852966, -0.02297060750424862, -0.00517462519928813, -0.006021740380674601, 0.026385335251688957, -0.02461230382323265, -0.010585654526948929, 0.002475677290931344, -0.008753522299230099, 0.02524271421134472, -0.007105259224772453, -0.002989528002217412, 0.022944340482354164, -0.005512814503163099, -0.00488896993920207, 0.0015415523666888475, 0.026359068229794502, 0.004843002650886774, -0.003434427548199892, -0.005417596083134413, 0.013514439575374126, 0.01703423634171486, 0.004925087559968233, -0.009948676452040672, 0.010684155859053135, 0.021486515179276466, 0.022077525034546852, -0.022011857479810715, -0.02771182544529438, 0.02519018016755581, 0.0007933494634926319, 0.004757634364068508, -0.019056804478168488, -0.004307809751480818, -0.026437869295477867, -0.018189989030361176, -0.027133947238326073, 0.01945081166923046, 0.008576218970119953, 0.021342044696211815, 0.00704615842550993, 0.019490212202072144, 0.013271468691527843, 0.016863498836755753, -0.01256882306188345, -0.04286796227097511, -0.012214216403663158, 0.014157984405755997, -0.05024902522563934, -0.007164360489696264, -0.007052725180983543, 0.0007428673561662436, 0.004688682965934277, 0.005828020162880421, -0.0011081446427851915, -0.02089550346136093, -0.02750168740749359, 0.011038762517273426, 0.0007055187597870827, -0.0045901816338300705, 0.017467644065618515, -0.0020668949000537395, 0.01708677038550377, 0.007899840362370014, 0.004357060417532921, -0.03690532222390175, 0.0037890339735895395, 0.0118399104103446, 0.024901241064071655, -0.014827796258032322, 0.0016810965025797486, -0.014814662747085094, -0.004462128970772028, -7.14650668669492e-05, -0.029997065663337708, 0.008845456875860691, -0.019582146778702736, 0.017047369852662086, 8.223870099755004e-05, 0.004655849188566208, 0.0005138507694937289, 0.03924309462308884, -0.01924067549407482, -0.002943560481071472, -0.004862702917307615, -0.03942696750164032, 0.0058575705625116825, 0.009771373122930527, -0.027685558423399925, -0.020238826051354408, -0.0028877428267151117, 0.024651704356074333, 0.006287694908678532, 0.017467644065618515, 0.005079406779259443, 0.01717870496213436, 0.02163098379969597, 0.0020373445004224777, -0.01071042288094759, -0.02492750808596611, -0.0018731749150902033, -0.006274561397731304, 0.02054089680314064, -0.0025035860016942024, -0.03871775418519974, -0.029813194647431374, 0.022103792056441307, -0.0062318770214915276, 0.0026907394640147686, -0.010579087771475315, 0.0099618099629879, 0.030075866729021072, -0.011813642457127571, -0.004892253316938877, 0.015234936960041523, -0.022366464138031006, -0.004994038492441177, 0.03152056038379669, -0.0008421899401582778, 0.02910398319363594, 0.021696651354432106, -0.00403857184574008, -0.003391743404790759, 0.0201862920075655, -0.04039885103702545, -0.02151278220117092, -0.029340386390686035, 0.007486132904887199, 0.033569395542144775, 0.009942109696567059, -0.022589733824133873, -0.026976345106959343, 0.03102148324251175, -0.0059199552051723, 0.0012821643613278866, 0.005407745949923992, -0.024835573509335518, 0.035066623240709305, 0.007919540628790855, -0.002277032006531954, -0.6283097863197327, -0.0069410898722708225, -0.008293847553431988, -0.010854892432689667, -0.009751672856509686, 0.02952425740659237, 0.007788205053657293, 0.0020783869549632072, -0.022261394187808037, -0.06230564042925835, 0.00038949231384322047, -0.0006004502065479755, 0.0071840607561171055, -0.015668343752622604, -0.024441566318273544, -0.016036083921790123, -0.03107401728630066, 0.00807714369148016, 0.01148530375212431, 0.01256882306188345, 0.0027449154295027256, 0.03401593491435051, -0.030128400772809982, 0.0005056423251517117, -0.0003847724583465606, 0.0065930504351854324, 0.006451864261180162, -0.010447751730680466, 0.010211347602307796, 0.025741789489984512, -0.011294866912066936, -0.005332227796316147, 0.002950127236545086, 0.011308000423014164, 0.0577876903116703, -0.012457187287509441, 0.014486324042081833, 0.03750946372747421, 0.011754541657865047, 0.04163340479135513, -0.005338794551789761, -0.017428241670131683, 0.018649663776159286, -0.006054574158042669, -0.011406502686440945, 0.007105259224772453, 0.016942299902439117, -0.006149792578071356, -0.015497608110308647, 0.018899202346801758, 0.012174815870821476, 0.0015300604281947017, -0.02080356888473034, 0.020370161160826683, 0.02570238895714283, 0.008037742227315903, 0.027055146172642708, -0.035171691328287125, -0.012023779563605785, -0.006579916924238205, -0.00513522420078516, -0.0025610453449189663, -0.0016113243764266372, -0.0034672615583986044, -0.033884599804878235, 0.0251376461237669, -0.02498004399240017, 0.0003619939088821411, 0.01723123900592327, 0.0037791836075484753, 0.008057442493736744, -0.006028307136148214, -0.021039973944425583, 0.008924257941544056, 0.02089550346136093, -0.006304111797362566, 0.004429295193403959, 0.010533120483160019, -0.008871723897755146, 0.008740388788282871, 0.006737519521266222, -0.014223651960492134, -0.057472486048936844, 0.027317818254232407, 0.03422607481479645, -0.013803377747535706, -0.006842588074505329, 0.01583908125758171, -0.0040484219789505005, 0.006195759866386652, -0.018295057117938995, 0.0015809530159458518, -0.011005928739905357, -0.024270830675959587, -0.010263881646096706, 0.024704238399863243, -0.0004403849015943706, 0.019739750772714615, 0.023561617359519005, -0.005864137317985296, 0.009200063534080982, -0.032019633799791336, 0.011275166645646095, 0.010887726210057735, 0.020146891474723816, 0.006070991046726704, -0.04336703568696976, 0.007019891403615475, 0.04846286028623581, -0.017638379707932472, -0.009771373122930527, 7.587712752865627e-05, 0.00403857184574008, -0.04315689951181412, 0.010572521016001701, -0.025465985760092735, 0.02096117101609707, 0.030522407963871956, -0.003674115287140012, -0.006849154829978943, -0.004869269672781229, -0.0051811919547617435, 0.008799489587545395, -0.010835192166268826, 0.005952788982540369, -0.0016556502087041736, -0.001415141741745174, -0.00354934623464942, 0.004130506422370672, 0.0018173572607338428, -0.00029263226315379143, -0.02378488890826702, 0.015878481790423393, -0.0027596906293183565, 0.01543194055557251, -0.016627095639705658, 0.03924309462308884, -0.010447751730680466, -0.007821038365364075, -0.025268981233239174, -0.028368502855300903, -0.010723557323217392, 0.00019525919924490154, 0.020448962226510048, 0.000286681141005829, -0.025505386292934418, -0.019385144114494324, 0.008727255277335644, -0.021801719442009926, 0.020567165687680244, -0.01073669083416462, -0.028158366680145264, 0.01585221476852894, 0.04793751612305641, 0.02734408527612686, 0.016062350943684578, -0.017992986366152763, 0.004176474176347256, -0.0047477842308580875, -0.009561236016452312, 0.0022540483623743057, 0.016574561595916748, -0.008832323364913464, 0.016640229150652885, -0.04770111292600632, -0.01009314600378275, 0.011137263849377632, 0.026306534186005592, -0.01702110283076763, -0.028526106849312782, -0.032387375831604004, -0.032334841787815094, -0.007236595265567303, 0.012660757638514042, -0.003043703967705369, 0.01754644513130188, -0.025058845058083534, -0.0025708957109600306, 0.030259735882282257, 0.006162926089018583, 0.0072103277780115604, -0.0052337259985506535, -0.005824736785143614, -0.0025659704115241766, 0.007065858691930771, 0.02079043537378311, 0.004064838867634535, -0.008155944757163525, 0.0028943095821887255, 0.02182798646390438, 0.005867420695722103, 0.03152056038379669, -0.0022425565402954817, -0.0001295913680223748, -0.022773604840040207, -0.009541535750031471, -0.004580331034958363, 0.001323206815868616, -0.009876442141830921, 0.02519018016755581, 0.01796671934425831, -0.02048836275935173, 0.02601759508252144, 0.020146891474723816, 0.0153794065117836, -0.02570238895714283, 0.0172443725168705, -0.004028721246868372, 0.020238826051354408, 0.016797831282019615, 0.002076745266094804, -0.023863689973950386, -0.013974114321172237, -0.013619508594274521, -0.023246413096785545, 0.02915651723742485, 0.013067898340523243, 0.025111379101872444, 0.011826776899397373, -0.008595919236540794, -0.015011666342616081, 0.009475868195295334, 0.02358788438141346, 0.005512814503163099, 0.01021791435778141, 0.011899011209607124, 0.003910519182682037, 0.009443034417927265, 0.005427446216344833, 0.0073416633531451225, -0.0019043671200051904, -0.005946222227066755, 0.018242523074150085, 0.011780808679759502, -0.012056614272296429, 0.03178323060274124, -0.008779789321124554, 0.004777334630489349, 0.03877028822898865, -0.005204175598919392, -0.027028879150748253, 0.007663435768336058, -0.001160678919404745, 0.008458016440272331, -0.001123740803450346, 0.013067898340523243, 0.025584187358617783, 0.02797449566423893, 0.008648453280329704, 0.011583805084228516, -0.002912368392571807, 0.0066981189884245396, -0.01604921743273735, -0.0169817004352808, -0.011550971306860447, -0.007518966682255268, 0.016088617965579033, 0.002869684249162674, 0.03908549249172211, -0.01065788883715868, 0.018255656585097313, -0.002135846298187971, 0.024848707020282745, 0.025045711547136307, 0.0049907551147043705, -0.03199336677789688, 0.009436467662453651, 0.0010728482156991959, 0.00010650501644704491, -0.004409594926983118, -0.013527573086321354, -0.004009020980447531, -0.0060480074025690556, -0.01594414934515953, 0.003953203558921814, -0.000696078990586102, 0.008372648619115353, -0.0004272513324394822, 0.02647726982831955, 0.02069850079715252, 0.000758873880840838, -0.015418807044625282, 0.02668740600347519, 0.03622237592935562, 0.021276377141475677, -0.01615428738296032, -0.0036018805112689734, 0.006179342977702618, 0.007912973873317242, 0.040950458496809006, -0.0011705290526151657, 0.003654414787888527, -0.012214216403663158, 0.0012427637120708823, 0.007321963086724281, -9.715504347695969e-06, 0.025623587891459465, -0.005345361307263374, 0.0008216687710955739, -0.008346381597220898, 0.00686228834092617, -0.008852023631334305, -0.005673700477927923, -0.0031241471879184246, -0.018400127068161964, 0.023338347673416138, -0.025531653314828873, -0.013934713788330555, -0.013429071754217148, -0.014867196790874004, 0.008090277202427387, -0.005010455381125212, -0.025150779634714127, -0.002992811379954219, -0.01489346381276846, 0.014932865276932716, -0.010854892432689667, 0.0058838375844061375, 0.024730505421757698, -0.0042651258409023285, 0.020527763292193413, 0.005076123401522636, -8.285433432320133e-05, -0.01677156426012516, 0.004731367342174053, 0.012706725858151913, -0.012457187287509441, 0.01478839572519064, 0.02973439358174801, -0.011971245519816875, -0.0068097542971372604, -0.02332521416246891, 0.02290493994951248, 0.0006164567894302309, -0.0018107905052602291, 0.004196174442768097, 0.03435740992426872, -0.007853873074054718, 0.011360534466803074, 0.02667427249252796, 0.008799489587545395, -0.009062160737812519, 0.006038157269358635, 0.009883008897304535, 0.007761937566101551, -0.0358283706009388, 0.029603058472275734, 0.02126324363052845, -0.023601017892360687, -0.009869875386357307, 0.01842639409005642, 0.016128020361065865, 0.016325023025274277, -0.025308381766080856, -0.012831494212150574, 0.028631174936890602, -0.02517704665660858, 0.03144175931811333, 0.02410009503364563, -0.01460452564060688, 0.0176515132188797, 0.013199234381318092, 0.02431023120880127, 0.0026316384319216013, 0.014052916318178177, -0.009712272323668003, 0.029025182127952576, -0.0034475610591471195, 0.006675134878605604, -0.0007174210622906685, 0.012647624127566814, 0.013829645700752735, -0.021946189925074577, -0.008530251681804657, 0.0334380604326725, -0.01946394518017769, -0.024546636268496513, -0.01878100074827671, 0.008359515108168125, 0.00962033774703741, 0.03317539021372795, -0.011826776899397373, -0.020409561693668365, 0.03546062856912613, 0.010040611028671265, -0.00972540583461523, -0.009646604768931866, -0.000343730062013492, -0.012220783159136772, -0.00576891889795661, -0.015011666342616081, 0.019595280289649963, -0.030522407963871956, -0.019897352904081345, -0.014368121512234211, -0.02311507612466812, -0.045021865516901016, 0.009915842674672604, 0.012378386221826077, 0.002884459448978305, -0.0008865157142281532, -0.01006031222641468, 0.005273126997053623, 0.014932865276932716, -0.026661138981580734, 0.017520178109407425, -0.01770404726266861, -0.025768056511878967, 0.016075484454631805, -0.03406847268342972, 0.005365062039345503, -0.03467261418700218, -0.004271692596375942, 0.02172291837632656, -0.015497608110308647, -0.03312285244464874, -0.011242332868278027, 0.04313063248991966, -0.00882575660943985, 0.012818360701203346, 0.017520178109407425, 0.01331743597984314, 0.0022753903176635504, -0.031257886439561844, 0.024901241064071655, -0.029130250215530396, -0.0304961409419775, -0.013934713788330555, 0.010027477517724037, -0.03472514823079109, -0.009094994515180588, -0.002396875759586692, 0.01883353479206562, -0.0017467642901465297, 0.011550971306860447, -0.022432131692767143, -0.003848135005682707, -0.0016638586530461907, -0.0005237009609118104, 0.017743447795510292, 0.0005126195028424263, 0.025662988424301147, 0.021919922903180122, -0.008799489587545395, 0.00023127389431465417, -0.009843608364462852, 0.03467261418700218, 0.012851194478571415, -0.016075484454631805, 0.01816372200846672, 0.01635129004716873, -0.03417354077100754, -0.02450723387300968, -0.00933796539902687, -0.010309849865734577, 0.03107401728630066, -0.010040611028671265, -0.03199336677789688, -0.042342618107795715, 0.012338985688984394, -0.009042460471391678, 0.019857952371239662, 0.011386802420020103, -0.0047248005867004395, -0.03183576464653015, -0.0038842521607875824, -0.014709594659507275, -0.01832132413983345, 0.008819189853966236, -0.030180934816598892, -0.01625935547053814, 0.012319285422563553, -0.008970226161181927, 0.0065076821483671665, -0.0072103277780115604, -0.004242141731083393, -0.029130250215530396, -0.0025134363677352667, -0.009797640144824982, -0.009955243207514286, 0.010644755326211452, -0.012371819466352463, 0.03107401728630066, -0.005401179194450378, 0.03593343868851662, 0.009974943473935127, 0.02318074367940426, 0.009311698377132416, -0.01207631453871727, 0.017060503363609314, -0.018413260579109192, 0.0037299329414963722, -0.01893860287964344, 0.026201464235782623, 0.005407745949923992, 0.015825947746634483, 0.0019733184017241, -0.043734773993492126, 0.011708574369549751, 0.02823716774582863, -0.015090467408299446, -0.023338347673416138, -0.01385591272264719, -0.037745870649814606, -0.01935887709259987, 0.03380579873919487, 0.010881159454584122, 0.010211347602307796, -0.031205354258418083, 0.015681477263569832, 0.013501306064426899, 0.0036051638890057802, -0.006376346573233604, -0.01269359141588211, 0.008300414308905602, -0.00957436952739954, 0.004688682965934277, -2.6549298581812764e-06, -0.010355817154049873, 0.0024428432807326317, -0.018413260579109192, -0.019647814333438873, -0.030180934816598892, -0.005145074799656868, -0.012509722262620926, 0.011518137529492378, -0.021893655881285667, 0.004215874709188938, -0.01253598928451538, -0.011747974902391434, 0.008425182662904263, 0.010158813558518887, 0.021079374477267265, -0.010388650931417942, -0.002493735868483782, -0.021604716777801514, -0.01935887709259987, -0.024940641596913338, -0.0014028290752321482, 0.03908549249172211, -0.034488745033741, 0.028552373871207237, -0.014302453957498074, -0.016587695106863976, 0.003982753958553076, 0.017612112686038017, 0.010743257589638233, -0.03753573074936867, 0.01842639409005642, -0.007755370810627937, -0.0114327697083354, -0.019792284816503525, 0.00799834169447422, 0.015405673533678055, -0.015655210241675377, 0.020475229248404503, 0.01956901326775551, -0.004859419539570808, -0.002135846298187971, 0.0057229516096413136, 0.015602677129209042, -0.022484665736556053, -0.04000484198331833, 0.02214319258928299, 0.0005113882361911237, 0.006816321052610874, -0.022011857479810715, -0.011019062250852585, 0.0017566145397722721, 0.020304493606090546, -0.02012062445282936, -0.005785335786640644, 0.003372043138369918, -0.012555689550936222, -0.031967099756002426, 0.012529422529041767, -0.028815044090151787, 0.036458779126405716, -0.0017812399892136455, 0.0027629740070551634, -0.01199751254171133, 0.014683326706290245, -0.019030537456274033, 0.011281733401119709, 0.004859419539570808, 0.021197576075792313, -0.02589939348399639, 0.008300414308905602, 0.006901688873767853, 0.0013626074651256204, -0.000530678138602525, 0.00882575660943985, -0.017927318811416626, 0.026345934718847275, 0.022510932758450508, -0.008602485992014408, 0.009436467662453651, -0.0003377789107616991, 0.0016367706703022122, -0.013232068158686161, -0.008313547819852829, -0.017323173582553864, -0.020672233775258064, -0.0015866989269852638, 0.01583908125758171, 0.01269359141588211, -0.0034639781806617975, -0.005246859975159168, -0.00820191204547882, -0.019056804478168488, -0.016692763194441795, -0.003867835272103548, 0.010322983376681805, 0.05321720987558365, -0.00970570556819439, -0.006730952765792608, -0.0006386196473613381, 0.0038382848724722862, -0.008037742227315903, -0.013553840108215809, -0.0026250716764479876, 0.0014217084972187877, -0.03091641515493393, 0.01573401317000389, -0.02729155123233795, 0.0013338777935132384, -0.00650439877063036, 0.012634490616619587, -0.009042460471391678, 0.02920905128121376, 0.03714172542095184, 0.007466432638466358, -0.032334841787815094, -0.009449601173400879, -0.007335096597671509, 0.017257506027817726, 0.007105259224772453, -0.009383932687342167, 0.02322014607489109, 0.004087822511792183, -0.003585463622584939, -0.006028307136148214, -0.02771182544529438, 0.01853146217763424, -0.021604716777801514, 0.009712272323668003, 0.013048198074102402, -0.018899202346801758, 0.005801753140985966, -0.0027317816857248545, -0.012004079297184944, -0.00937079917639494, -0.01585221476852894, -0.0019700350239872932, 0.0076437355019152164, 0.023706087842583656, 0.0049907551147043705, -0.009528402239084244, -0.009837041608989239, -0.022891806438565254, -0.020002420991659164, 0.02894638106226921, 0.010237614624202251, -0.005887120962142944, 0.009876442141830921, 0.014105450361967087, 0.0030486290343105793, 0.017099903896450996, 0.010034044273197651, -0.016627095639705658, 0.0010966528207063675, 0.011833343654870987, -0.01484092976897955, 0.011065029539167881, -0.027843160554766655, 0.024783039465546608, 0.017822248861193657, 0.003864551894366741, -0.009298564866185188, 0.009219763800501823, -0.03974217176437378, 0.025873126462101936, -0.007545233704149723, 0.017310040071606636, 0.023338347673416138, -0.0072103277780115604, -0.001189408591017127, -0.0007482028449885547, 0.01734944060444832, 0.046781763434410095, -0.025426585227251053, -0.0033096587285399437, -0.010099712759256363, -0.02404755912721157, 0.009180363267660141, -0.007794771809130907, -0.02307567559182644, -0.004311093129217625, 0.007177494000643492, -0.0010539686772972345, 0.002556120278313756, 0.0031389223877340555, -0.003179964842274785, -0.02353535033762455, 0.012227349914610386, -0.010224481113255024, -0.027422886341810226, -0.00887829065322876, 0.022589733824133873, -0.008471149951219559, -0.009712272323668003, 0.005719668231904507, -0.0012082881294190884, -0.004695250187069178, 0.017625246196985245, 0.028447303920984268, -0.022537199780344963, 0.003582180244848132, -0.0037857505958527327, -0.013186100870370865, -0.018137454986572266, -0.02899891510605812, 0.010290149599313736, 0.02947172336280346, -0.0042060245759785175, 0.04320943355560303, -0.006159642711281776, -0.0020948038436472416, -0.0176515132188797, 1.1139162779727485e-05, 0.004025437869131565, 0.018951736390590668, 0.02369295433163643, -0.007912973873317242, 0.0011344117810949683, -0.0034836784470826387, 0.021959323436021805, -0.02813209965825081, -0.0059199552051723, -0.0034705449361354113, 0.006757219787687063, -0.03422607481479645, 0.007551800459623337, 0.02255033329129219, 0.0035591963678598404, 0.018334457650780678, -0.013107298873364925, -0.02167038433253765, -0.026135796681046486, -0.021447114646434784, 0.022418998181819916, -0.011340834200382233, 0.002889384515583515, -0.0053420779295265675, -0.013356836512684822, 0.033201657235622406, 0.01987108588218689, 0.012404653243720531, -0.004035288468003273, 0.026490403339266777, 0.18166348338127136, -0.02828970178961754, -0.01786164939403534, 0.006146509200334549, 0.0021030122879892588, 0.010080012492835522, 0.014105450361967087, -0.0073744975961744785, -0.02085610292851925, 0.0342523418366909, 0.017323173582553864, -0.011629773303866386, -0.011564104817807674, 0.01702110283076763, 0.009219763800501823, 0.02533464878797531, -0.012759259901940823, -0.008655020035803318, 0.011498437263071537, -0.03835001215338707, 0.014591392129659653, -0.002424784703180194, 0.016272488981485367, -0.01153783779591322, 0.06388166546821594, -0.009633471257984638, 0.013514439575374126, -0.03370073065161705, 0.03440994396805763, 0.004307809751480818, -0.01971348375082016, -0.0006377988029271364, 0.007965507917106152, 0.003848135005682707, -0.007354797329753637, -0.006471564993262291, -0.01297596376389265, -0.00864188652485609, 0.005936372093856335, 0.02580745704472065, -0.005683550611138344, 0.01867593079805374, 0.002016002545133233, -0.0009883008897304535, -0.0027859576512128115, 0.03937443345785141, 0.009659738279879093, -0.02920905128121376, 0.015458207577466965, -0.004274975974112749, -0.02353535033762455, -0.006980490405112505, -0.03464634716510773, 0.001891233492642641, 0.0053420779295265675, 0.010677589103579521, 0.013369970954954624, 0.016430091112852097, -0.018255656585097313, 0.005460279993712902, -0.006333662196993828, -0.0014578258851543069, -0.021998723968863487, 0.008733822032809258, -0.016732163727283478, 0.005365062039345503, -0.011675740592181683, -0.021407712250947952, 0.014066049829125404, -0.018045520409941673, -0.017743447795510292, -0.006422313861548901, -0.0075912014581263065, 0.006987057160586119, 0.014617659151554108, -0.011445903219282627, 0.007387631107121706, 0.01754644513130188, 0.001805865322239697, 0.03863895311951637, 0.007860439829528332, 0.004061555489897728, -0.022576600313186646, 0.0048331525176763535, -0.020068088546395302, -0.03480394929647446, 0.009232897311449051, 0.016167420893907547, -0.03159936144948006, -0.023364614695310593, -0.005138508044183254, -0.006579916924238205, -0.004934937693178654, 0.013271468691527843, 0.037956006824970245, 0.033937133848667145, 0.026766208931803703, 0.011715141125023365, -0.022169459611177444, -0.009863308630883694, -0.02348281629383564, 0.05248172953724861, 0.025308381766080856, 0.021289510652422905, -0.010539687238633633, 0.010408351197838783, -0.010158813558518887, 0.013429071754217148, 0.02663487195968628, -0.033411793410778046, -0.01042148470878601, 0.0034015937708318233, -0.00981077365577221, -0.008595919236540794, -0.006287694908678532, 0.005076123401522636, -0.013882179744541645, 0.01315983384847641, -0.002538061700761318, 0.006501115392893553, -0.0003305964928586036, -0.03727306053042412, -0.007637168746441603, -0.002447768347337842, 0.003871118649840355, -0.010986228473484516, -0.025991328060626984, 0.008845456875860691, 0.00448839645832777, -0.011498437263071537, 0.0252821147441864, -0.016141153872013092, 0.008510551415383816, -0.007834171876311302, -8.090482151601464e-05, 0.005552215036004782, 0.007000190671533346, -0.01414485089480877, 0.004783901385962963, 0.000581981148570776, -0.002181813819333911, -0.018807267770171165, 0.02512451261281967, 0.015340005047619343, -0.006980490405112505, -0.001243584556505084, 0.015313738025724888, 0.0011212782701477408, -0.03782467171549797, -0.024060692638158798, -0.007637168746441603, 0.03711545839905739, 0.0153794065117836, -0.021236976608633995, 0.012096014805138111, -0.0007769325166009367, -0.02503257803618908, -0.029287852346897125, -0.007321963086724281, -0.016246221959590912, -0.046834297478199005, 0.015103600919246674, 0.01645635813474655, 0.026608604937791824, 0.01543194055557251, 0.005565348546952009, -0.16348662972450256, 0.013330569490790367, -0.0022540483623743057, -0.008753522299230099, 0.014985399320721626, 0.0029369937255978584, 0.021013706922531128, -0.0006300007808022201, -0.01385591272264719, -0.021709784865379333, 0.0031848899088799953, -0.021236976608633995, -0.040897924453020096, -0.0024576187133789062, 0.0037726168520748615, -0.015445074066519737, 0.01282492745667696, 0.015576410107314587, 0.03265004605054855, 0.028053296729922295, 0.009797640144824982, -0.049566078931093216, 0.04428638517856598, -0.018281923606991768, -0.002621788065880537, -0.02096117101609707, -0.014171117916703224, 0.006855721585452557, -0.004169907420873642, -0.01656142622232437, -0.031756963580846786, -0.019161872565746307, 0.03535556048154831, -0.00034927079104818404, 0.002304940950125456, 0.022931206971406937, -0.02161785028874874, -0.02564985491335392, -0.020409561693668365, 0.007899840362370014, 0.006189193110913038, 0.03112655133008957, -0.002447768347337842, 0.019582146778702736, -0.020094355568289757, 0.053795088082551956, 0.024192029610276222, -0.008760089054703712, -0.011235766112804413, -0.012483455240726471, -0.01267389114946127, -0.024966910481452942, 0.026306534186005592, -0.0027481988072395325, 0.010638188570737839, 0.01489346381276846, 0.0017615396063774824, 0.001154933008365333, 0.010066878981888294, -0.016298756003379822, -0.007039591670036316, -0.03459381312131882, 0.025374049320816994, 0.010237614624202251, 0.021342044696211815, -0.003828434506431222, 0.015904748812317848, -0.009554669260978699, -0.00972540583461523, 0.00419289106503129, 0.0006755578215233982, -0.0004174011410214007, -0.015707746148109436, 0.0005770560819655657, 0.01941141113638878, 0.0018731749150902033, -0.01414485089480877, -0.007177494000643492, -0.015405673533678055, -0.017007967457175255, -0.019739750772714615, 0.002547911833971739, -0.04142326861619949, -0.03309658542275429, -0.022484665736556053, 0.009351098909974098, 0.006451864261180162, 0.0049644880928099155, 0.0043734777718782425, -0.006021740380674601, 0.015523875132203102, -0.019582146778702736, -0.0059068212285637856, -0.011511570774018764, -0.022208860144019127, 0.016732163727283478, -0.018912335857748985, 0.0024740356020629406, -0.01514300238341093, -0.028210900723934174, 0.01153783779591322, 0.00921319704502821, -8.72663949849084e-05, 0.007433598395437002, 0.01904367096722126, -0.0008208478684537113, -0.02230079472064972, 0.00030904923914931715, 0.026753075420856476, -0.018492061644792557, 0.015458207577466965, 0.008471149951219559, 0.013015364296734333, 0.009114694781601429, -0.019595280289649963, 0.008372648619115353, -0.0061563593335449696, 0.013632642105221748, 0.025662988424301147, -0.010434618219733238, 0.07696270197629929, -0.008700987324118614, 0.002165396697819233, 0.006087407935410738, -0.011183232069015503, -0.02290493994951248, -0.12208963185548782, -0.020448962226510048, -0.008109977468848228, 0.011419636197388172, -0.005131940823048353, -0.0028713259380310774, -0.014696461148560047, 0.022944340482354164, -0.010132546536624432, -0.0022261394187808037, -0.03401593491435051, -0.014762128703296185, 0.002288523828610778, -0.009075294248759747, 0.030417339876294136, -0.003585463622584939, 0.03525049239397049, -0.020475229248404503, -0.00709869246929884, 0.020146891474723816, -0.008806056343019009, -0.002781032584607601, -0.0013626074651256204, -0.012910295277833939, -0.029235318303108215, 0.008221612311899662, 0.0038809687830507755, 0.015011666342616081, 0.00365113141015172, 0.03107401728630066, -0.010677589103579521, -0.005877270828932524, 0.016338156536221504, -0.008563085459172726, 0.013278035447001457, 0.008306981064379215, -0.019542746245861053, -0.0049907551147043705, 0.029918264597654343, -0.023233279585838318, 0.014827796258032322, 0.011143830604851246, 0.01099279522895813, -0.0011590372305363417, 0.014880330301821232, -0.00900962669402361, -0.014578258618712425, 0.00503015611320734, -0.00843831617385149, -0.023259546607732773, -0.009876442141830921, -0.025768056511878967, -0.00034167792182415724, -0.009712272323668003, 0.03853388503193855, -0.011491870507597923, 0.01564207673072815, 0.008247879333794117, -0.036826521158218384, -0.018347593024373055, -0.00518447533249855, -0.02079043537378311, -0.01671903021633625, 0.009666305035352707, 0.028552373871207237, -0.012542556039988995, -0.03039107285439968, -0.01124889962375164, -0.005933088716119528, -0.012962830252945423, -0.01197781227529049, 0.018754731863737106, -0.017638379707932472, 0.019437678158283234, -0.023824289441108704, 0.02177545242011547, -0.014341854490339756, 0.005880554206669331, -0.010887726210057735, -0.003723365953192115, -0.009922409430146217, -0.0005368345300666988, -0.0014266336802393198, -0.00227046525105834, 0.035171691328287125, 0.012522855773568153, 0.01094026118516922, -0.02270793542265892, 0.0062318770214915276, -0.01011284627020359, 0.013297735713422298, 0.015615810640156269, -0.004311093129217625, -0.0036642649210989475, -0.000618919322732836, 0.002176888519898057, 0.016128020361065865, 0.00739419786259532, 0.02306254208087921, 0.029182784259319305, -0.015064200386404991, -0.016587695106863976, -0.025662988424301147, 0.02038329467177391, -0.0024576187133789062, 0.022563466802239418, 0.014945998787879944, 0.0009800923289731145, 0.017507044598460197, -0.01109786331653595, -0.004957921337336302, 0.011445903219282627, -0.016141153872013092, 0.015326871536672115, 0.019936753436923027, -0.014276186935603619, -0.016114884987473488, -0.010723557323217392, 0.021604716777801514, 0.009377365931868553, 0.0334380604326725, 0.005197608843445778, -0.021539049223065376, 0.0014389463467523456, -0.009686005301773548, 0.02601759508252144, -0.009180363267660141, -0.009200063534080982, -0.019175006076693535, 0.030259735882282257, -0.0059921895153820515, -0.004255275707691908, -0.0032702579628676176, -0.04397118091583252, 0.006011889781802893, 0.0312841534614563, -0.01934574358165264, -0.024704238399863243, 0.008576218970119953, 0.019135605543851852, 0.020265093073248863, 0.08268893510103226, -0.03580210357904434, -0.027002612128853798, 0.018347593024373055, -0.04927714169025421, -0.02146024815738201, -0.015326871536672115, -0.03309658542275429, -0.0027399903628975153, 0.02255033329129219, 0.004905386827886105, 0.022734202444553375, 0.0118399104103446, 0.015720879659056664, -0.022208860144019127, -0.027633024379611015, -0.022221993654966354, 0.0028795343823730946, 0.0037857505958527327, 0.013842779211699963, -0.014775262214243412, 0.015182402916252613, -0.013448772020637989, -0.002700589597225189, 0.003340850817039609, -0.0038382848724722862, -0.00018551162793301046, -0.011859610676765442, -0.012890595011413097, 0.020041821524500847, -0.016705896705389023, -0.016022950410842896, 0.039978574961423874, 0.015051066875457764, 0.01396098081022501, 0.008661586791276932, -0.005305960774421692, -0.024494100362062454, 0.0013076106552034616, 0.00812967773526907, 0.009298564866185188, 0.01987108588218689, 0.001415141741745174, -0.021657250821590424, 0.01914873905479908, 0.022629134356975555, 0.030312271788716316, -0.022471532225608826, -0.008018041960895061, -0.0073744975961744785, -0.01091399323195219, -0.011360534466803074, 0.0035756134893745184, -0.028499839827418327, 0.020724767819046974, 0.005299394018948078, 0.009383932687342167, -0.019963020458817482, -0.020724767819046974, 0.014985399320721626, 0.03609104081988335, -0.00851711817085743, 0.016653362661600113, -0.011255466379225254, -0.024691104888916016, 0.007131526712328196, 0.0024116511922329664, -0.009049027226865292, -0.013737710192799568, 0.004711667075753212, 0.0043997447937726974, -0.007433598395437002, -0.010231047868728638, -0.0005245218053460121, 0.006622600834816694, -0.019831685349345207, -0.008792922832071781, 0.009534968994557858, 0.0008438316290266812, 0.0015555067220702767, 0.010999361984431744, 0.027160214260220528, -0.008109977468848228, 0.0050991070456802845, 0.019726617261767387, 0.015681477263569832, 0.009731972590088844, 0.02549225278198719, -0.03091641515493393, -0.016902899369597435, -9.131932893069461e-05, 0.0067014023661613464, 0.014762128703296185, -0.05082690343260765, 0.0013076106552034616, -0.018754731863737106, -0.033569395542144775, -0.0002641078026499599, -0.001879741670563817, 0.0009472584933973849, 0.08915064483880997, 0.02952425740659237, -0.007972074672579765, 0.0252821147441864, -0.009580936282873154, 0.005214025732129812, 0.007230028044432402, 0.008018041960895061, 0.0028762510046362877, 0.015011666342616081, 0.030522407963871956, -0.007840738631784916, 0.018334457650780678, -0.0420011468231678, -0.029130250215530396, 0.028552373871207237, -0.005535798147320747, 0.01396098081022501, 0.018754731863737106, -0.012194516137242317, 0.029025182127952576, -2.1149659005459398e-05, 0.017782848328351974, -0.0007285025203600526, -0.03714172542095184, -0.01821625605225563, 0.015957282856106758, 0.019805418327450752, -0.01414485089480877, -0.02080356888473034, -0.017717180773615837, -0.02156531624495983, -0.01962154731154442, -0.025623587891459465, 0.007499266415834427, -0.011399935930967331, -0.01723123900592327, -0.02027822658419609, -0.023417148739099503, -0.01733630709350109, -0.030995216220617294, 0.011899011209607124, -0.010375517420470715, -0.03701039031147957, -0.0016211746260523796, -0.01712617091834545, 0.009232897311449051, -0.007321963086724281, -0.02828970178961754]"
"Entendemos por desinhibición el comportamiento impulsivo e inapropiado de la persona que padece una demencia en cuanto a sus movimientos o más frecuentemente con sus palabras. El paciente pierde la capacidad para diferenciar lo que está bien o mal visto en nuestra sociedad llegando a comportarse de forma irresponsable, con demostraciones de escasez de juicio o sentido común, e incapaz de adaptar sus comportamientos a todo lo que les rodea. Se vuelve impulsivo en sus comportamientos. Se comporta de manera grosera, descortés, perdiendo la gracia y el tacto social, mantiene un lenguaje obsceno, roba, agrede, etc. A veces muestran una excesiva jocosidad, realizando bromas de forma excesiva, ofensivas o en momentos inoportunos. Ejemplos de pacientes afectados por demencia con conductas desinhibidas:
El Sr. LAD después de los 60 años de edad, se ha tornado bromista, en las reuniones familiares le encanta contar chistes con contenido sexual; y en las colas para pagar los servicios, busca conversar con mujeres jóvenes, presentándose como ""admirador de mujeres bellas"". Cambio en el patrón de condcuta habitual de un adulto mayor, siendo tímido y retraido socialmente, ahora se torna conversador y galante. Es un síntoma que preocupa por el cambio de patrón previo.
La Sra. MAS de 56 años de edad, luego de iniciar de tratamiento para enfermedad de Parkinson, ha notado un entusiasmo por acudir a salas de juego de casinos y tragamonedas. Inicialmente lo hacía los fines de semana, y ahora acude 2 a 3 veces por semana (figura 22). Desorden del control de impulsos que generan conducta de ludopatía, debe llamar la atención en adultos mayores, pues debemos evaluar respuesta a ciertos medicamentos o probable síntoma de enfermedad neurodegenerativa.","[-0.031161868944764137, -0.009338068775832653, 0.04440828785300255, -0.024197664111852646, -0.0264272578060627, 0.026256760582327843, -0.012728364206850529, 0.016551464796066284, -0.00815113727003336, -0.008872476406395435, 0.008419999852776527, 0.030663488432765007, 0.010170888155698776, 0.03462429717183113, -0.015187476761639118, 0.016367850825190544, 0.03184386342763901, 0.014584174379706383, 0.0375358872115612, -0.025863302871584892, -0.028014205396175385, 0.006518286652863026, -0.0007094538304954767, -0.015528473071753979, -0.026086261495947838, -0.01104305312037468, 0.0018459735438227654, -0.02371239848434925, -0.007108473684638739, 0.012072601355612278, 0.02101065404713154, -0.002226316137239337, 0.03556859865784645, -0.010085638612508774, -0.005741206929087639, -0.029063425958156586, -0.008833130821585655, -0.03457183763384819, -0.00895116850733757, -0.008774111978709698, -0.0028296182863414288, 0.0024459969718009233, -0.0117906229570508, -0.007711775600910187, 0.017548223957419395, 0.04372629150748253, -0.03446691483259201, -0.006964205764234066, -0.026374798268079758, 0.015790779143571854, 0.026781370863318443, 0.017889220267534256, -0.03659158945083618, 0.015921931713819504, 0.025981338694691658, 0.003482102882117033, 0.00880690012127161, 0.009895467199385166, 0.01108239870518446, -0.02266317792236805, -0.006692063994705677, -0.01779741421341896, -0.013338224031031132, 0.028696199879050255, -0.012951323762536049, 0.019266324117779732, -0.0010254497174173594, -0.03315538913011551, 0.004698543809354305, 0.004659197758883238, 0.03535875305533409, 0.00035554662463255227, -0.019581090658903122, -0.00836098100990057, 0.03813919052481651, 0.007010108791291714, -0.0017213785322383046, -0.003268979722633958, 0.009895467199385166, 0.026414142921566963, 0.019030248746275902, -0.04236230626702309, -0.02379108965396881, 0.023568131029605865, 0.0019213863415643573, 0.03365376964211464, 0.012262772768735886, 0.016158005222678185, -0.005970724392682314, -0.018938442692160606, -0.012623442336916924, 0.0009934812551364303, 0.020013894885778427, 0.020892616361379623, 0.016813769936561584, 0.029483115300536156, -0.0005201022140681744, 0.011331588961184025, -0.0012590654660016298, 0.001243491075001657, 0.0002604609471745789, 0.008649516850709915, -0.03816542029380798, -0.0027935514226555824, -0.0020804088562726974, -0.004990358371287584, -0.004632967058569193, -0.00824294425547123, 0.005918262992054224, -0.03399476781487465, -0.014584174379706383, 0.020223738625645638, 0.008203597739338875, -0.0484740175306797, 0.011331588961184025, 0.02337140217423439, 0.008662632666528225, 0.028171587735414505, 0.01716788113117218, -0.053379125893116, 0.0005516608362086117, 0.01606619916856289, 0.01598750799894333, -0.029588038101792336, -0.0062953270971775055, -0.026191184297204018, -0.01173816155642271, -0.003557515563443303, -0.02242710255086422, 0.004308364354074001, -0.00278043607249856, 0.0006283031543716788, -0.0021181153133511543, -0.002262383233755827, -0.01567274145781994, 0.022623831406235695, 0.0043509891256690025, -0.014662865549325943, -0.020945077762007713, -0.03714242950081825, 0.0066133723594248295, 0.015436667017638683, -0.023987818509340286, -0.014439906924962997, 0.016131775453686714, 0.014990747906267643, 0.018440062180161476, 0.010085638612508774, 0.012203753925859928, 0.009875793941318989, 0.01672196201980114, -0.02355501614511013, -0.015541588887572289, -0.027174828574061394, 0.007397009525448084, 0.019436823204159737, 0.021522149443626404, 0.015764547511935234, -0.0063412305898964405, 0.003380459500476718, 0.019515514373779297, -0.019161401316523552, -0.005865802057087421, -0.007128146477043629, 0.01800725795328617, 0.030611027032136917, -0.02342386357486248, 0.012229984626173973, 0.01643342711031437, -0.008085560984909534, -0.006367460824549198, 0.04519520327448845, -0.029824111610651016, 0.02158772572875023, 0.014426791109144688, 0.00023648461501579732, 0.013351339846849442, 0.014741557650268078, -0.026597756892442703, -0.03152909502387047, -0.03318161889910698, 0.022912368178367615, 0.0330766960978508, 0.018151527270674706, -0.03249962627887726, -0.00906920526176691, 0.04871009290218353, -0.0006295327330008149, -0.006193683948367834, 0.0017131814965978265, -0.016079314053058624, 0.01219719648361206, 0.0008094577351585031, -0.025417383760213852, -0.6202995777130127, -0.002385338768362999, 0.006983878556638956, -0.0031247118022292852, 0.00880690012127161, 0.03556859865784645, 0.02400093525648117, -0.009259376674890518, -0.011311915703117847, -0.04692641645669937, 0.004465747624635696, 0.003370623104274273, -0.010708613321185112, -0.006760919000953436, -0.026938753202557564, -0.015239937230944633, -0.020748348906636238, -0.00026660875300876796, 0.03433576226234436, 0.015292398631572723, 0.015174360945820808, 0.027778130024671555, -0.009803660213947296, 0.006092040333896875, -0.002383699407801032, 0.0015426829922944307, 0.0008746242383494973, -0.023777974769473076, 0.015135015361011028, 0.01080697774887085, -0.012046370655298233, -0.014557943679392338, -0.0027853543870151043, 0.028643738478422165, 0.05980560556054115, -0.018413832411170006, 0.0018344976706430316, 0.012656230479478836, -0.0017951518530026078, 0.04860517010092735, 0.01321362890303135, 0.006196962669491768, 0.016603924334049225, -0.023200903087854385, 0.008800342679023743, -0.010039735585451126, 0.012702133506536484, -0.018807290121912956, -0.017705608159303665, -0.001338576665148139, 0.028617506846785545, 0.008551152423024178, -0.022361526265740395, 0.00845278799533844, 0.004373940639197826, 0.027437133714556694, 0.016499003395438194, -0.029273271560668945, 0.02287302166223526, -0.005737928207963705, 0.008839688263833523, 0.005262500140815973, 0.0020525390282273293, -0.0039870403707027435, -0.04288691654801369, 0.03764081001281738, -0.01769249141216278, -0.015843240544199944, 0.01853186823427677, -0.012951323762536049, -0.013416916131973267, 0.015253053046762943, -0.02470915950834751, -0.0002389437286183238, 0.03541121631860733, -0.014203831553459167, -0.009088878519833088, 0.007036339491605759, -0.009220031090080738, -0.00013320190191734582, -0.013030015863478184, 0.006741246208548546, -0.04556243121623993, 0.014308753423392773, 0.040447477251291275, -0.017023613676428795, 0.004173933062702417, 0.0011631600791588426, -0.005770716350525618, 0.02103688381612301, 0.024643583223223686, 0.005455950275063515, 0.010059407912194729, -0.001662359805777669, -0.006285490468144417, 0.018518753349781036, -0.012846401892602444, 0.02174510806798935, 0.021679531782865524, 0.005288730375468731, -0.0023705840576440096, -0.019266324117779732, 0.0187679436057806, 0.02287302166223526, 0.03297177702188492, 0.007397009525448084, -0.04918224364519119, 0.02190249226987362, 0.03425707295536995, -0.028381433337926865, 0.00841344241052866, 0.013771028257906437, 0.007777351886034012, -0.010006947442889214, 0.0026607592590153217, -0.02284679189324379, 0.008603613823652267, 0.007705218158662319, 0.016446541994810104, -0.009646276943385601, -0.02169264853000641, 0.0023902570828795433, 0.004088683985173702, 0.01743018627166748, 0.008590498007833958, -0.005380537360906601, 0.0051149530336260796, 0.005210038740187883, -0.00422639399766922, -0.011147974990308285, 0.006787149701267481, -0.007724890951067209, 0.010485653765499592, -0.006288769654929638, 0.026086261495947838, -0.01819087192416191, 0.01774495281279087, -0.019581090658903122, -0.007160934619605541, -0.025561651214957237, -0.03541121631860733, -0.014085793867707253, 0.013095592148602009, 0.004682149738073349, 0.0031706152949482203, -0.028565047308802605, -0.0022017250303179026, -0.002673874609172344, -0.019961433485150337, -0.005059213377535343, -0.007783909793943167, -0.03417837992310524, -0.0029607710894197226, 0.04333283379673958, 0.002095163566991687, 0.0019869625102728605, -0.025076385587453842, -0.00043116434244439006, -0.007285529747605324, 0.00465264031663537, -0.014295638538897038, 0.028958505019545555, 0.00289191585034132, 0.004626409616321325, -0.029509345069527626, -0.03344392403960228, 0.012361137196421623, 0.0227943304926157, -0.03690635412931442, -0.03249962627887726, -0.020368006080389023, 0.006298605818301439, 0.0026919080410152674, 0.006288769654929638, -0.006242866162210703, 0.0013828406808897853, 0.002218119101598859, -0.009482336230576038, 0.020761463791131973, 0.018623676151037216, 0.0006709277513436973, -0.019712243229150772, -0.00929216481745243, 0.006105155684053898, 0.024486199021339417, -0.000844295194838196, 0.017417071387171745, -0.003041102085262537, 0.00872820895165205, 0.019790934398770332, 0.025299346074461937, 0.015174360945820808, 0.02449931390583515, 0.005675630643963814, -0.011875872500240803, 0.0063215577974915504, 0.011613567359745502, -0.009233145974576473, -0.010269252583384514, 0.019436823204159737, 0.041995078325271606, -0.006649439223110676, 0.012702133506536484, 0.0010377452708780766, 0.013915295712649822, -0.019672896713018417, 0.026164952665567398, -0.004816581029444933, 0.03420460969209671, 0.007724890951067209, 0.004164096433669329, -0.008065887726843357, 0.005396931432187557, 0.003849330125376582, -0.02263694629073143, 0.02232217974960804, -0.011784065514802933, 0.02090573124587536, 3.9140868466347456e-05, 0.0030263473745435476, -0.02310909703373909, 0.008570825681090355, -0.0022754983510822058, -0.0056133330799639225, -0.01139716524630785, 0.012944766320288181, 0.018099065870046616, 0.01059713400900364, -0.01564651168882847, -0.0074494704604148865, -0.01158077921718359, 0.005101838149130344, 0.015410436317324638, 0.014295638538897038, -0.040762241929769516, 0.027358442544937134, -0.008892149664461613, -0.0028706034645438194, 0.021600840613245964, -0.014531712979078293, 0.002818142529577017, 0.027673209086060524, 0.0052329907193779945, 0.006255981046706438, -0.001332838786765933, 0.00585596589371562, 0.020525388419628143, 0.025456728413701057, -0.0035935824271291494, 0.021364767104387283, 0.010302040725946426, 0.008459345437586308, -0.03433576226234436, -0.013993987813591957, -0.019804049283266068, -0.014125140383839607, 0.019213862717151642, -0.001487762900069356, 0.028906043618917465, 0.0029886409174650908, 0.011351261287927628, -0.010138100013136864, 0.018846634775400162, 0.011705373413860798, -0.005813341122120619, -0.01695803739130497, 0.018282679840922356, -0.0057772742584347725, 0.000640598707832396, -0.001604980556294322, -0.00828228984028101, 0.007337990682572126, -0.009849564172327518, -0.01708918996155262, 0.013384127989411354, 0.014859595336019993, -0.017994143068790436, 0.0028050271794199944, 0.03404722735285759, 0.01779741421341896, -0.012361137196421623, -0.008577383123338223, 0.029063425958156586, 0.030689720064401627, 0.009685623459517956, -0.01609242893755436, 0.010649595409631729, 0.007823255844414234, 0.005065770819783211, 0.004036222584545612, -0.02158772572875023, -0.00016947381664067507, -0.02360747568309307, -0.0004983800463378429, 0.0007713414961472154, -0.011718489229679108, 0.025902647525072098, 0.008347866125404835, -0.020669657737016678, -0.015069439075887203, 0.030112648382782936, -0.018912211060523987, -0.031135639175772667, -0.010872554033994675, -0.003521448466926813, 0.040814705193042755, -0.013587414287030697, -0.019200747832655907, 0.007344548124819994, -0.008472461253404617, -0.012341463938355446, 0.007023224141448736, -0.03155532851815224, 0.0036263708025217056, 0.004737889394164085, 0.01585635542869568, -0.011462741531431675, -0.006918302271515131, 0.014177600853145123, 0.0027296144980937243, -0.0021820522379130125, -0.01779741421341896, 0.0048034656792879105, -0.018413832411170006, 0.0040132710710167885, 0.009606931358575821, -0.003239470301195979, 0.02116803638637066, 0.028879813849925995, 0.005941214971244335, -0.021181153133511543, -0.025666572153568268, 0.027253519743680954, 0.014125140383839607, 0.0005266598309390247, 0.014794019050896168, 0.014033333398401737, 0.01787610538303852, -0.005616612266749144, 0.016394080594182014, 0.009423317387700081, -0.009711853228509426, 0.013652990572154522, -0.016997383907437325, 0.008039657026529312, 0.0008901985711418092, 0.015764547511935234, 0.015043208375573158, -0.012977554462850094, -0.013875950127840042, 0.010531557723879814, 0.005688745994120836, 0.023541899397969246, -0.015030093491077423, -0.019095825031399727, -0.0060690888203680515, 0.01162012480199337, 0.020512273535132408, 0.015331744216382504, -0.02345009334385395, 0.013161168433725834, 0.022177912294864655, 0.011154532432556152, 0.012538192793726921, 0.03722112253308296, 0.003728013951331377, 0.010872554033994675, -0.020499158650636673, 0.021233614534139633, -0.027201058343052864, -0.008931495249271393, 0.006183847319334745, -0.021994298323988914, -0.02263694629073143, 0.03651289641857147, -0.01937124691903591, -0.01076763216406107, -0.02213856764137745, 0.023043520748615265, 0.004387055989354849, 0.03318161889910698, 0.003603419056162238, -0.016971152275800705, 0.015436667017638683, -0.008105233311653137, -0.03546367585659027, 0.00858394056558609, -0.01874171383678913, -0.01735149510204792, -0.004646082408726215, -0.0005467425798997283, 0.019476167857646942, -0.006406806875020266, -0.005157577805221081, 0.002591904252767563, -0.017417071387171745, -0.03611943870782852, -0.003960810136049986, -0.007265856489539146, 0.02148280292749405, -0.013666105456650257, -0.015030093491077423, 0.007980638183653355, 0.02224348857998848, -0.00487559987232089, -0.004741168115288019, -0.0034198053181171417, -0.01803348958492279, 0.03265700861811638, 0.0023328776005655527, -0.0030361837707459927, -0.0064953346736729145, -0.02164018712937832, 0.01669573225080967, 0.005947772413492203, -0.020971307530999184, 0.0064756618812680244, 0.03139794245362282, -0.016000622883439064, -0.008295404724776745, 0.01209227368235588, 0.019200747832655907, 0.01188242994248867, -0.02287302166223526, 0.023987818509340286, -0.03706373646855354, -0.019646666944026947, -0.009423317387700081, -0.007265856489539146, -0.04648049920797348, -0.019528629258275032, 0.004721495322883129, -0.004780514165759087, 0.0003598500625230372, 0.0009287247085012496, -0.0120529280975461, 0.01160700898617506, 0.005446113646030426, 0.008216713555157185, 0.005590381566435099, 0.0008861000533215702, 0.014597289264202118, 0.019869625568389893, -0.008774111978709698, -0.0022427102085202932, -0.015489127486944199, 0.03145040571689606, 0.014308753423392773, -0.010833208449184895, 0.001600882038474083, 0.00897739827632904, -0.028302742168307304, -0.03357507660984993, -0.002282056026160717, -0.0006069908267818391, 0.040395013988018036, -0.00012193097791168839, -0.03221109136939049, -0.050493769347667694, 0.012426713481545448, -0.007501931395381689, -0.0030263473745435476, -0.0120529280975461, -0.026545295491814613, -0.020433582365512848, -0.017574455589056015, -0.012918535619974136, -0.01165947038680315, 0.014898940920829773, -0.031161868944764137, -0.00841344241052866, 0.029561806470155716, -0.015843240544199944, 0.020315544679760933, -0.01847940869629383, 0.01593504659831524, -0.015895700082182884, -0.00333619536831975, -0.012570980936288834, -0.004682149738073349, -0.0006565829389728606, -0.030611027032136917, 0.021286074072122574, 0.014872710220515728, 0.024250123649835587, 0.003652601270005107, 0.0005455130594782531, 0.027594517916440964, -0.005724812857806683, 0.008157694712281227, 0.007174049969762564, -0.001660720445215702, -0.018177757039666176, 0.028092896565794945, -0.0018377765081822872, 0.013102149590849876, 0.03244716674089432, -0.012800497934222221, 0.027751900255680084, -0.0035640732385218143, -0.009534797631204128, -0.01813841052353382, -0.01617112196981907, -0.023961588740348816, 0.0038919548969715834, -0.005055934656411409, 0.009298722259700298, -0.006144501734524965, -0.009023302234709263, 0.005098558962345123, 0.026217414066195488, 0.015515358187258244, -0.020145047456026077, 0.008459345437586308, -0.0021427064202725887, -0.008164252154529095, 0.020276200026273727, 0.027305981144309044, -0.019358130171895027, 0.012125061824917793, -0.02234841138124466, -0.03564728796482086, -0.009882352314889431, 0.0005356766050681472, -0.020053239539265633, -0.0037870327942073345, -0.00040554857696406543, -0.02363370731472969, -0.004029665142297745, -0.0026722352486103773, 0.011757834814488888, 0.021115576848387718, -0.009101993404328823, -0.025823956355452538, -0.001944337971508503, -0.03205370530486107, -0.01666950061917305, -0.018308909609913826, 0.013200514018535614, 0.03446691483259201, -0.025364922359585762, 0.01708918996155262, -0.0024164875503629446, -0.02318778820335865, -0.0006590420380234718, -0.00858394056558609, 0.02350255474448204, -0.03750965744256973, 0.019633552059531212, 0.03257831931114197, -0.022256603464484215, -0.007692102808505297, 0.015344860032200813, 0.017154766246676445, -0.011331588961184025, 0.021600840613245964, 0.02124672941863537, -0.0005492017371580005, -0.021338535472750664, -0.026755139231681824, 0.001688590389676392, -0.0450640507042408, -0.03564728796482086, 0.029115887358784676, 0.020709002390503883, -0.01630227454006672, -0.015476012602448463, -0.0009582340135239065, -0.02192872203886509, 0.00858394056558609, -0.022387756034731865, -0.007816697470843792, -0.009554469957947731, -0.004098520148545504, -0.01845317706465721, 0.0017230178928002715, -0.006246144883334637, 0.020735234022140503, -0.006072367541491985, -0.01188242994248867, -0.038296572864055634, 0.0157514326274395, -0.012498847208917141, 0.025719033554196358, -0.000581989879719913, 0.018413832411170006, -0.030086416751146317, -0.0002539033303037286, 0.003911627922207117, 0.012689018622040749, 0.004695264622569084, 0.024696042761206627, -0.0028788005001842976, 0.021338535472750664, -0.004272297490388155, -0.01648588851094246, 0.01577766425907612, -0.023043520748615265, -0.011626682244241238, -0.0007701119757257402, -0.01803348958492279, 0.0014434987679123878, -0.014938286505639553, -0.0015025174943730235, 0.0017918730154633522, 0.03357507660984993, 0.004593621473759413, 0.014098909683525562, 0.0009975797729566693, -0.014177600853145123, -0.020669657737016678, -0.01782364398241043, 0.030584797263145447, 0.06038267910480499, -0.017784299328923225, -0.02208610624074936, 0.02247956395149231, 0.020630311220884323, 0.003813263261690736, -0.003321440890431404, 0.006436316296458244, 0.019790934398770332, -0.024459969252347946, 0.016944922506809235, -0.052277445793151855, -0.0033476713579148054, 0.00925281923264265, 0.010039735585451126, 0.003934579435735941, 0.008918380364775658, 0.042100001126527786, 0.015817008912563324, -0.03341769427061081, 0.007606853730976582, 0.005354306660592556, 0.0013516920153051615, 0.018833519890904427, -0.004216557834297419, 0.022597601637244225, 0.00027644517831504345, 0.0012180801713839173, 0.004780514165759087, -0.028565047308802605, 0.02484031207859516, -0.011108629405498505, 0.010105311870574951, 0.010977476835250854, -0.0011057807132601738, 0.0027361721731722355, 0.026125608012080193, 0.001801709528081119, 0.002054178388789296, -0.02376485988497734, -0.018649905920028687, -0.03315538913011551, 0.009875793941318989, -0.00041640966082923114, -0.0019771261140704155, -0.004810023121535778, -0.025548536330461502, -0.013784143142402172, 0.028171587735414505, -0.008918380364775658, -0.00044223034637980163, 0.016708847135305405, 0.028512585908174515, 0.005557593423873186, 0.029273271560668945, 0.023673051968216896, 0.0012320152018219233, -0.0012008664198219776, 0.012485732324421406, -0.010747959837317467, 0.010557788424193859, -0.029771650210022926, 0.050231464207172394, 0.020892616361379623, -0.0008205237681977451, -0.003911627922207117, 0.009449548088014126, -0.038847412914037704, 0.02182380110025406, 0.0018820405239239335, 0.010741401463747025, 0.005583824124187231, -0.03294554352760315, -0.011443068273365498, 0.0006623208755627275, 0.018256448209285736, 0.02431569993495941, -0.027987975627183914, -0.02381732128560543, 0.008721651509404182, -0.017810529097914696, -0.010734844021499157, -0.00155743770301342, -0.03483414277434349, -0.008177367970347404, 0.009121666662395, -0.003878839546814561, -0.00902985967695713, 0.03653912618756294, -0.011239781975746155, -0.01698426716029644, 0.005393652711063623, 0.008334750309586525, -0.01672196201980114, -0.021338535472750664, 0.026007570326328278, -0.0022673013154417276, -0.009429875761270523, -0.002788633108139038, 0.002027947921305895, -0.012452944181859493, 0.019908972084522247, 0.0013320191064849496, 0.0004213278880342841, -0.017049843445420265, 0.0033083255402743816, -0.01756133884191513, -0.009574143216013908, -0.006180568598210812, 0.01201358251273632, 0.019869625568389893, 0.017600685358047485, 0.020984424278140068, -0.007921620272099972, 0.009351183660328388, -0.028040435165166855, 0.0169318076223135, -0.0003383328439667821, 0.01706296019256115, 0.014859595336019993, -0.007783909793943167, -0.020302429795265198, -0.023069750517606735, 0.016525233164429665, -0.038060497492551804, 0.00578383170068264, -0.012446385808289051, 0.001304968842305243, -0.03318161889910698, 0.029299501329660416, 0.025141961872577667, -0.02127295918762684, 0.012079158797860146, -0.011049610562622547, 0.026020685210824013, -0.011593894101679325, -0.030794641003012657, 0.018833519890904427, -0.029194578528404236, 0.010570903308689594, -0.004036222584545612, -0.0068396106362342834, 0.027410903945565224, 0.01687934622168541, 0.012911978177726269, -0.00333619536831975, 0.014649750664830208, 0.17836759984493256, -0.040132708847522736, 0.0011869315057992935, 0.025771494954824448, -0.011292243376374245, 0.051857758313417435, 0.03716865926980972, -0.007521604187786579, -0.02229594998061657, 0.03423083946108818, 0.0004897731705568731, -0.02679448574781418, -0.009967600926756859, 0.018846634775400162, 0.0058854748494923115, 0.006088761612772942, -0.01766626164317131, -0.02400093525648117, 0.010039735585451126, -0.039476945996284485, 0.012374252080917358, -0.020027009770274162, 0.0048034656792879105, 0.0016820327145978808, 0.03811296075582504, -0.025587880983948708, 0.01206604391336441, 0.005446113646030426, 0.029299501329660416, 0.009613488800823689, -0.021128691732883453, -0.0016484248917549849, -0.00822982843965292, -0.015056324191391468, -0.006419922225177288, -0.00270502339117229, -0.020525388419628143, 0.003783753840252757, 0.0011607009219005704, 0.008033099584281445, 0.04406728968024254, 7.889651169534773e-05, -0.002873882418498397, -0.013666105456650257, -0.006000233814120293, 0.028722429648041725, 0.003400132292881608, -0.016918690875172615, 0.021259844303131104, -0.02192872203886509, -0.027620747685432434, -0.012629999779164791, -0.01677442342042923, 0.02263694629073143, 0.017836760729551315, 0.015869470313191414, 0.0004803465853910893, 0.015620280057191849, -0.00037214564508758485, -0.004970685113221407, -0.009613488800823689, 0.0062953270971775055, -0.026374798268079758, 0.029325731098651886, -0.002882079454138875, 0.026860062032938004, 0.005570708774030209, -0.018177757039666176, -0.0036788317374885082, -0.014977632090449333, 0.0004582145484164357, -0.013928411528468132, -0.01887286640703678, 0.006852725986391306, 0.008144579827785492, -0.008774111978709698, 0.03147663548588753, 0.006288769654929638, 0.022702522575855255, 0.04493289813399315, -0.004170654341578484, 0.027830591425299644, -0.020341776311397552, 0.0022427102085202932, -0.004931339528411627, -0.04527389258146286, 0.011469298973679543, -0.005882196128368378, -0.01184308435767889, -0.015121900476515293, 0.004888714756816626, -0.011259455233812332, 0.0014623519964516163, 0.022492678835988045, 0.023777974769473076, 0.010984034277498722, 0.025233769789338112, 0.004573948681354523, -0.019961433485150337, -0.020027009770274162, -0.004760840907692909, 0.06767476350069046, 0.027883052825927734, 0.011167648248374462, -0.012282445095479488, 0.009390529245138168, 0.014046448282897472, 0.005564150866121054, 0.012931651435792446, -0.03273570165038109, -0.008485576137900352, -0.03538498282432556, -0.006324836518615484, -0.016761308535933495, -0.004891993943601847, 0.010151214897632599, 0.017967913299798965, 0.0049608489498496056, -0.00017142061551567167, -1.5958612493705004e-05, 0.006508450023829937, -0.03257831931114197, -0.0061576166190207005, 0.006390412803739309, -0.007069127634167671, -0.011672585271298885, -0.01703672856092453, 0.020499158650636673, -0.02371239848434925, -0.004911666736006737, 0.008754439651966095, -0.03874249383807182, -0.0002760353381745517, -0.013967757113277912, -0.001700066146440804, -0.011338146403431892, 0.005308403633534908, 0.008308520540595055, -0.013187399134039879, -0.014453021809458733, -0.007633083965629339, -0.010262694209814072, 0.01151520200073719, 0.011318473145365715, 0.0115283178165555, -0.01868925243616104, 0.006108434405177832, -0.009928255341947079, -0.004544439259916544, -0.001168078277260065, -0.013141495175659657, 0.015489127486944199, 0.022309064865112305, -0.01160700898617506, 0.002552558435127139, -0.012898863293230534, -0.025273114442825317, -0.02352878451347351, -0.004705101251602173, 0.0006664193933829665, -0.017023613676428795, -0.02153526432812214, 0.008033099584281445, 0.018072834238409996, 0.014112024568021297, 0.01732526533305645, -0.16325882077217102, 0.0008516724919900298, 0.0001849457185016945, -0.03541121631860733, 0.013731681741774082, -0.013115264475345612, 0.020368006080389023, -0.0015582573832944036, 0.0006598617765121162, -0.006187126040458679, 0.006380576174706221, -0.020551620051264763, -0.023384517058730125, -0.0021525428164750338, 0.001666458323597908, 0.005826456472277641, -0.005918262992054224, 0.013993987813591957, 0.027069905772805214, 0.018833519890904427, 0.0220074150711298, -0.04516897350549698, 0.023384517058730125, -0.0037050622049719095, -0.026466604322195053, -0.01690557599067688, -0.0005004293052479625, 0.01054467260837555, -0.013652990572154522, -0.02153526432812214, -0.024905888363718987, -0.00576415890827775, 0.013941526412963867, -0.0005057574016973376, -0.0066789486445486546, 0.03708996996283531, -0.005528084002435207, -0.013679221272468567, -0.01795479655265808, 0.02153526432812214, -0.014610405080020428, 0.04317545145750046, -0.0017082631820812821, 0.008924937807023525, -0.003911627922207117, 0.03703750669956207, -0.004223115276545286, -0.0012139816535636783, -0.0238435510545969, -0.004514929838478565, -0.007744563743472099, -0.020066354423761368, 0.0023591083008795977, -0.0027951907832175493, -0.00413458701223135, 0.02478785067796707, -0.008092118427157402, 0.003146024188026786, 0.006846168078482151, 0.009259376674890518, 0.00030779888038523495, -0.025496074929833412, 0.015567819587886333, 0.011534875258803368, 0.03247339650988579, -0.010846324265003204, 0.02308286540210247, 0.007711775600910187, -0.029325731098651886, 0.004832975100725889, -0.010079081170260906, -0.006213356740772724, 0.002172215608879924, -0.01703672856092453, 0.01669573225080967, -0.00925281923264265, -0.0025853465776890516, -0.007101915776729584, -0.026453489437699318, 0.0004713298403657973, -0.04202130809426308, 0.019449938088655472, -0.03827034309506416, -0.027725670486688614, -0.02339763194322586, 0.013967757113277912, -0.009856121614575386, 0.0004360825405456126, 0.019817164167761803, -0.009062647819519043, 0.0032247158233076334, -0.014466136693954468, 0.00021394275245256722, -0.01148897223174572, -0.027227289974689484, 0.030899563804268837, -0.025378037244081497, -0.016735076904296875, -0.011777508072555065, -0.04724118486046791, -0.002431242261081934, 0.006518286652863026, 0.013148052617907524, 0.01805971935391426, -0.012892304919660091, -0.0006299425731413066, -0.02064342610538006, -0.0010992231545969844, 0.011338146403431892, -0.02674202434718609, -0.00565267913043499, 0.0017787577817216516, 0.007318317890167236, 0.004524766467511654, -0.011574220843613148, 0.005833013914525509, -0.006128107663244009, 0.020486043766140938, 0.017207227647304535, -0.020000778138637543, 0.0734979435801506, -0.014059564098715782, 0.008944610133767128, 0.00130660820286721, 0.004006713163107634, -0.021889377385377884, -0.10172199457883835, -0.03685389459133148, 0.012911978177726269, -0.0005250204703770578, -0.0015057963319122791, 0.019659781828522682, 0.0013992347521707416, 0.025915762409567833, 0.0030952023807913065, -0.0025787889026105404, -0.028958505019545555, -0.009370856918394566, -0.0007934735040180385, -0.019922086969017982, 0.03556859865784645, 0.0160137377679348, 0.020997539162635803, -0.028066666796803474, -0.019856510683894157, 0.01640719547867775, -0.025141961872577667, -0.013272647745907307, -0.0165383480489254, -0.011652912944555283, -0.03722112253308296, 0.019554859027266502, 0.0036853894125670195, 0.013889065012335777, -0.0004360825405456126, 0.02684694714844227, -0.001253327471204102, 0.0009352823253720999, 0.015253053046762943, -0.002985362196341157, 0.014977632090449333, -0.0011188960634171963, 0.000471739680506289, -0.009377414360642433, 0.019987663254141808, -0.01672196201980114, 0.008649516850709915, -0.001972208032384515, -0.00824294425547123, 0.008944610133767128, -0.0066789486445486546, -0.01727280393242836, -0.007298644632101059, -0.01669573225080967, -0.007856043986976147, -0.00622975081205368, -0.02116803638637066, -0.008426557295024395, -0.01580389402806759, -0.03365376964211464, 0.039817944169044495, -2.7844322175951675e-05, 0.018990904092788696, -0.006747803650796413, -0.039424486458301544, -0.002673874609172344, -0.006410085596144199, 0.0006828134646639228, -0.01588258519768715, 0.001511534210294485, 0.013410357758402824, -0.011574220843613148, -0.028669968247413635, -0.02386978268623352, 5.912115375394933e-05, -0.014925171621143818, -0.029247039929032326, 0.01787610538303852, 0.0009205276146531105, 0.014190716668963432, -0.04105077683925629, 0.030952025204896927, 0.001338576665148139, -0.007633083965629339, -0.009141339920461178, -0.009226588532328606, -0.014125140383839607, -0.009016744792461395, 0.014151371084153652, -0.015226822346448898, 0.038847412914037704, 0.014597289264202118, 0.024722274392843246, -0.007180607412010431, 0.013980871997773647, 0.013443145900964737, -0.006610093638300896, 0.0062035201117396355, -0.0015664544189348817, -0.015790779143571854, 0.004400171339511871, 0.00895116850733757, 0.005062492098659277, -0.015449781902134418, 0.02064342610538006, 0.04181146249175072, -0.0033017678651958704, -0.019043363630771637, -0.03145040571689606, 0.0037542444188147783, 0.010302040725946426, 0.014374329708516598, 0.017233457416296005, 0.00609859824180603, 0.007285529747605324, 0.006013348698616028, -0.002429602900519967, 0.0027164991479367018, -0.024302585050463676, 0.008419999852776527, -0.0033673441503196955, -0.0009606931707821786, -0.03433576226234436, -0.013456261716783047, 0.019974548369646072, -0.01724657230079174, 0.015121900476515293, 0.031030716374516487, 0.008085560984909534, -0.010144657455384731, 0.015148131176829338, 0.03409968689084053, 0.0022558255586773157, -0.029325731098651886, -0.011180763132870197, 0.031056946143507957, 0.012603769078850746, -0.0024164875503629446, 0.0024656697642058134, -0.03152909502387047, -0.002929622307419777, 0.01905648037791252, -0.02250579372048378, -4.6031505917198956e-05, 0.0038624454755336046, 0.017994143068790436, 0.007947850041091442, 0.08115725964307785, -0.005888754036277533, -0.04729364439845085, 0.011364377103745937, -0.040552400052547455, 0.0001411940174875781, -0.013731681741774082, -0.04417221248149872, -0.008308520540595055, 0.015869470313191414, -0.01645965687930584, 0.021390996873378754, -0.002213201019912958, 0.011167648248374462, -0.026374798268079758, -0.01656457968056202, -0.020669657737016678, -0.002227955497801304, -0.005892032757401466, 0.024066511541604996, -0.014348099939525127, 0.018964672461152077, 0.005908426828682423, -0.0035837460309267044, 0.00270502339117229, -0.002950934460386634, 7.0443315962620545e-06, -0.03680143132805824, 0.001962371403351426, -0.0029624104499816895, 0.003400132292881608, -0.017548223957419395, 0.013377569615840912, 0.0016164564294740558, 0.017049843445420265, 0.01845317706465721, -0.013075918890535831, -0.012662787921726704, -0.0013910377165302634, 0.006029742769896984, -0.008301962167024612, 0.009580700658261776, 0.005839571822434664, -0.019974548369646072, 0.019279439002275467, 0.040421247482299805, 0.026191184297204018, -0.02418454736471176, -0.0063412305898964405, -0.007383894175291061, -0.02442062273621559, -0.007508488837629557, -0.007265856489539146, -0.007810140028595924, 0.01330543588846922, 0.010282367467880249, -0.00035349736572243273, 0.0013057885225862265, -0.019817164167761803, -0.017626915127038956, 0.029955264180898666, 0.01598750799894333, 0.026007570326328278, 0.0036919470876455307, -0.016656385734677315, 0.006233029533177614, -0.0038427726831287146, -0.006131386384367943, -0.03459806740283966, 3.3428554161218926e-05, 0.008223270997405052, 0.00791506189852953, -0.014492367394268513, -0.01698426716029644, 0.00796752329915762, -0.01792856678366661, 0.009770872071385384, -0.014269407838582993, -0.020997539162635803, -0.019895857200026512, 0.040762241929769516, 0.015895700082182884, -0.0009410202619619668, 0.02407962642610073, 0.015764547511935234, 0.007213395554572344, -0.005813341122120619, 0.039398256689310074, -0.05476934462785721, -0.016839999705553055, -0.006501892581582069, -0.00801998469978571, 0.004288691561669111, -0.06573370844125748, -0.008570825681090355, -0.006570747587829828, -0.030742181465029716, -0.001328740268945694, -0.007921620272099972, 0.0008615089464001358, 0.09652835130691528, 0.02114180661737919, -0.006970763206481934, -0.0005856785573996603, 0.00871509313583374, -0.007390451617538929, -0.014898940920829773, 0.001469729351811111, -0.03252585604786873, 0.015410436317324638, 0.029929034411907196, -0.011980794370174408, 0.029483115300536156, -0.04411974921822548, -0.01808595098555088, 0.025876417756080627, -0.01769249141216278, 0.030663488432765007, -0.019646666944026947, -0.006626487709581852, 0.04674280434846878, -0.010931572876870632, 0.0169318076223135, -0.022833675146102905, -0.040395013988018036, -0.0027197781018912792, 0.010059407912194729, -0.0028886371292173862, -0.022282835096120834, -0.02182380110025406, -0.0021804128773510456, 0.0005492017371580005, -0.018492523580789566, -0.01645965687930584, 0.007980638183653355, -0.008118349127471447, -0.014072678983211517, -0.01614489033818245, 0.009515124373137951, -0.002396814525127411, -0.0165383480489254, 0.04141800478100777, -0.024223893880844116, -0.0157514326274395, 0.00032009443384595215, 0.003682110458612442, -9.646891703596339e-05, -0.00023771417909301817, -0.0008787227561697364]"
"Debido a la memoria frágil, la pérdida progresiva de las propias capacidades, el aumento de dependencia a otros para las actividades más mínimas y el miedo a un futuro incierto, muchos pacientes se vuelvan más obstinados, siendo ésta una respuesta perfectamente normal. Algunos pacientes con demencia automáticamente dirán ""no"" a un sinnúmero de propuestas por parte del cuidador: ""Cuando queramos que hagan algo, no lo harán"". Si le decimos ""es hora de que te bañes"" y el rechaza de inmediato esta propuesta, es posible que el paciente no entienda bien el significado de lo que le acabamos de decir. Más bien opte por llevarlo al baño, meterlo en la ducha y pedirle que se quite la ropa, pieza por pieza.","[-0.002693494549021125, -0.021133074536919594, 0.0483078770339489, -0.025048527866601944, -0.02249440737068653, 0.035887330770492554, 0.0010939283529296517, 0.00891997292637825, -0.02201469987630844, -0.004246062599122524, 0.005944487638771534, 0.034746404737234116, 0.020860807970166206, 0.028056425973773003, -0.02476329542696476, 0.0039446246810257435, 0.03803953528404236, 0.013691120781004429, 0.04143638536334038, -0.018773430958390236, -0.012952111661434174, 0.0021408582106232643, 0.003999725915491581, -0.012025108560919762, -0.017036110162734985, 0.0007070018327794969, 0.010657292790710926, -0.027667474001646042, 0.0016854599816724658, -0.021923944354057312, 0.031349554657936096, -0.004271992947906256, 0.004858662374317646, -0.022792603820562363, -0.0028409725055098534, -0.0295863039791584, -0.018202967941761017, -0.032749783247709274, -0.00928947702050209, -0.02167760767042637, -0.01157781295478344, 0.0029203835874795914, 0.003908970393240452, -0.010255375877022743, -0.013872631825506687, 0.01140278484672308, -0.029793746769428253, -0.011026797816157341, -0.038143254816532135, 0.018488198518753052, 0.0250225979834795, 0.006793700158596039, -0.023700159043073654, -0.005419401917606592, 0.0197976715862751, -0.007292855530977249, 0.002012828132137656, 0.02350568398833275, 0.004443780053406954, -0.011124035343527794, -0.009581191465258598, -0.011493540368974209, -0.004456744994968176, 0.02849723771214485, -0.004252545069903135, 0.015739602968096733, 0.008550467900931835, -0.014961698092520237, 0.007766081020236015, 0.014326409436762333, 0.021431270986795425, 0.009237617254257202, -0.0018766948487609625, 0.003568637417629361, 0.030078977346420288, 0.013172517530620098, 0.008945902809500694, 0.0010485505918040872, -0.0033060945570468903, 0.008511573076248169, 0.004388678353279829, -0.045144397765398026, -0.03894709050655365, 0.017036110162734985, 0.017425062134861946, 0.033268384635448456, -0.0007033554138615727, 0.02053668163716793, -0.0019933804869651794, -0.00599310640245676, -0.013250308111310005, -0.0005133359809406102, 0.01911052316427231, 0.028134215623140335, 0.012563158757984638, 0.02362236939370632, 0.032568272203207016, 0.0100090391933918, 0.007642912678420544, -0.0045799133367836475, -0.021729467436671257, 0.016297101974487305, -0.04675206542015076, -0.009360785596072674, -0.008602328598499298, -0.006278338376432657, 0.009535813704133034, -0.011253686621785164, -0.001392125035636127, -0.034876056015491486, -0.025904223322868347, 0.03739127889275551, -0.0033060945570468903, -0.023648299276828766, -0.0005287320236675441, -0.012822460383176804, 0.003351472318172455, 0.018125176429748535, -0.007681807968765497, -0.03150513768196106, 0.008472677320241928, -0.0037793198134750128, 0.03920639306306839, -0.003484364366158843, -0.0005984193412587047, -0.013302168808877468, -0.005707874894142151, 0.0062945447862148285, -0.022027665749192238, 0.0008411093149334192, 5.803897511214018e-05, 0.017775120213627815, -0.007941109128296375, -0.002734010573476553, -0.009872905910015106, 0.012025108560919762, -0.012005660682916641, -0.005192513111978769, -0.015350650995969772, -0.022831499576568604, 0.009970143437385559, 0.004437297582626343, -0.0326460637152195, -0.012640949338674545, 0.014546816237270832, 0.011571330949664116, 0.00016621632676105946, -0.0007309062057174742, -0.014131933450698853, 0.017515817657113075, 0.00539671303704381, -0.03155699744820595, -0.007908696308732033, -0.02668212726712227, 0.0038733165711164474, 0.008304131217300892, 0.010242410004138947, 0.012025108560919762, -0.02637096494436264, -0.004447021055966616, 0.025385620072484016, -0.011947317980229855, -0.0012721981620416045, -0.010981420055031776, -0.0022688882891088724, 0.03085688129067421, -0.017723260447382927, -0.0042687514796853065, 0.030753161758184433, 0.006761287339031696, -0.004524811636656523, 0.03951755166053772, -0.015480301342904568, 0.017645468935370445, 0.023220451548695564, 0.010060898959636688, -0.019045697525143623, 0.022079525515437126, -0.020031042397022247, -0.01549326628446579, -0.049889612942934036, 0.016699017956852913, 0.011137000285089016, 0.024879982694983482, -0.037365350872278214, -0.020173659548163414, 0.03746907040476799, 0.0025314311496913433, 0.005558776669204235, 0.01776215434074402, 0.012537228874862194, 0.016413787379860878, 0.008174480870366096, -0.007675325497984886, -0.6422380208969116, 0.004787354730069637, 0.0010112759191542864, -0.007999451830983162, 0.015895184129476547, 0.02919735200703144, 0.013768911361694336, 0.00991828367114067, -0.02040703035891056, -0.049448803067207336, 0.01331513375043869, 0.004576671868562698, -0.022520337253808975, -0.013379959389567375, -0.022818535566329956, -0.010858251713216305, -0.01819000206887722, 0.002020931337028742, 0.01898087188601494, 0.01039799116551876, -1.0059329724754207e-05, 0.03402036055922508, -0.011953800916671753, 0.014183794148266315, 0.002714562928304076, -0.012232549488544464, -0.0024001598358154297, -0.012355717830359936, -0.010099794715642929, 0.03194594755768776, -0.011480575427412987, 1.0350537195336074e-05, -0.002396918600425124, 0.012627984397113323, 0.061817485839128494, -0.02810828574001789, 0.005795389413833618, 0.0278489850461483, -0.018643779680132866, 0.02532079443335533, 0.009555261582136154, -0.001776215503923595, 0.029223281890153885, -0.020951563492417336, -0.0005003709229640663, 0.004975348245352507, -0.0010582744143903255, -0.007098379544913769, -0.0014480369864031672, 0.021159004420042038, 0.028134215623140335, 0.004456744994968176, -0.02997525781393051, -0.0024196074809879065, 0.009276512078940868, -0.002745355013757944, 0.031193973496556282, -0.036924537271261215, -0.0057532526552677155, -0.008945902809500694, 0.0006867438787594438, 0.0024860533885657787, -0.0025719471741467714, -0.004058069083839655, -0.019810637459158897, 0.036276284605264664, -0.035187218338251114, -0.012517780996859074, 0.024387309327721596, -0.003516776952892542, 0.0020549646578729153, 0.0013491782592609525, -0.012582606635987759, 0.0007365784258581698, 0.02337603271007538, -0.02158685214817524, 0.014741292223334312, 0.002844213740900159, -0.004301164299249649, -0.01571367308497429, 0.006216754205524921, -0.007325268350541592, -0.04646683484315872, 0.01748988777399063, 0.037365350872278214, -0.014378270134329796, 0.003484364366158843, -0.0020403789822012186, -0.007441953755915165, -0.007999451830983162, -0.0032801644410938025, 0.002866902621462941, -0.0075456746853888035, -0.017204657196998596, 0.0011158068664371967, 0.015182104893028736, -0.0062880623154342175, 0.0015363615239039063, 0.03194594755768776, -0.016893494874238968, 0.006090344861149788, -0.03593919053673744, 0.020173659548163414, 0.027874914929270744, 0.03547244891524315, 0.007098379544913769, -0.02945665456354618, 0.03886929899454117, 0.04226614907383919, -0.02550230547785759, 0.003477881895378232, 0.007403058931231499, 0.021781329065561295, -0.006197306793183088, -0.004450262524187565, -0.0114222327247262, 0.010300753638148308, 0.015376580879092216, 0.019253138452768326, -0.025243004783988, -0.007357680704444647, -0.006249167025089264, 0.023013010621070862, 0.0027275278698652983, 0.025969048961997032, -0.013016937300562859, -0.0010874457657337189, 0.015389545820653439, 0.004177995957434177, 0.004447021055966616, -0.010151654481887817, -0.03547244891524315, 0.011720429174602032, -0.008148550987243652, 0.029793746769428253, 0.009107965975999832, 0.0028425930067896843, -0.004557224456220865, 0.010047934018075466, -0.020705226808786392, -0.020031042397022247, 0.0012478886637836695, 0.015998903661966324, 0.027226660400629044, 0.017373202368617058, -0.032827574759721756, 0.006576535291969776, -0.003016000846400857, -0.01924017444252968, 0.0014285893412306905, -0.0016157726058736444, -0.03669116646051407, -0.0038182151038199663, 0.034487102180719376, 0.005179548170417547, 0.009885870851576328, -0.013911527581512928, 0.002581670880317688, -0.012148276902735233, -0.012660397216677666, 0.0061486875638365746, 0.019071627408266068, 0.003967313561588526, 0.020549645647406578, -0.024076147004961967, -0.030312348157167435, 0.03446117416024208, 0.013976352289319038, -0.02515224926173687, -0.024128006771206856, 0.00012093985424144194, -0.015635881572961807, -0.0037501484621316195, -0.009406163357198238, 0.0053675416857004166, 0.017723260447382927, -0.012297375127673149, -0.01996621862053871, 0.0206663329154253, 0.011474092490971088, -0.0010120862862095237, -0.00842081755399704, 0.006087103392928839, 0.008012417703866959, 0.031142113730311394, 0.002302921609953046, 0.009983109310269356, 0.009561743587255478, -0.004900799132883549, 0.006638118997216225, 0.02580050192773342, 0.013937457464635372, 0.017075005918741226, 0.0074808490462601185, -0.007753115613013506, -0.018812326714396477, 0.002440675627440214, 0.004560465458780527, 0.011474092490971088, 0.02668212726712227, 0.022688884288072586, -0.018215931951999664, 0.018164072185754776, 0.008978315629065037, 0.02489294670522213, -0.015091349370777607, 0.01623227633535862, -0.008466195315122604, 0.026513582095503807, 0.012926180846989155, -0.01970691606402397, -0.031168043613433838, -0.007085414137691259, -0.001952864695340395, -0.012867838144302368, 0.04104743152856827, 0.007208582479506731, 0.013691120781004429, 0.007876284420490265, 0.0037501484621316195, -0.020394064486026764, 0.0046739098615944386, 0.008738461881875992, 0.010404474101960659, -0.013179000467061996, 0.011914905160665512, 0.002643255051225424, 0.01776215434074402, 0.006304268259555101, -0.005273544695228338, -0.012589089572429657, 0.008083725348114967, 0.0008014037739485502, 0.013574435375630856, -0.02057557739317417, 0.03150513768196106, 0.005801871884614229, -0.011824149638414383, 0.02628020942211151, -0.013003971427679062, -0.007312302943319082, 0.00569166848435998, 0.008809769526124, 0.004479433875530958, 0.005675462074577808, 0.013166035525500774, 0.035187218338251114, 0.022040629759430885, -0.0012081831227988005, 0.006583017762750387, -0.0005133359809406102, 0.00046350149204954505, -0.031038392335176468, -0.009924765676259995, -0.02358347363770008, -0.011675051413476467, 0.017528783529996872, -0.009198721498250961, 0.024802191182971, 0.010916594415903091, 0.029793746769428253, 0.011260168626904488, 0.016387857496738434, 0.0046544624492526054, 0.0029803470242768526, -0.04509253799915314, 0.015778498724102974, -0.013379959389567375, 0.011234238743782043, -0.0007341474411077797, -0.023946495726704597, 0.002985208760946989, -0.01111755333840847, -0.0071696871891617775, -0.0028912120033055544, 0.010300753638148308, -0.015700707212090492, -0.009905318729579449, 0.01774919033050537, 0.01748988777399063, -0.004116411786526442, -0.006362611427903175, 0.032568272203207016, 0.011500023305416107, 0.018565990030765533, -0.002111686859279871, -0.004161789547652006, 0.021988769993185997, -0.00025119836209341884, 0.0064533669501543045, -0.029923396185040474, 0.00461232615634799, -0.018008491024374962, 0.0050498973578214645, -0.004417849704623222, 0.02997525781393051, 0.019201278686523438, 0.004754941910505295, -0.016945354640483856, -0.022688884288072586, 0.006372334901243448, -0.015739602968096733, -0.01949947513639927, -0.030649440363049507, -0.004563706927001476, 0.02385574020445347, -0.029145492240786552, -0.02106824889779091, -0.01857895404100418, -0.009957178495824337, -0.0031942706555128098, -0.015687743201851845, 0.009561743587255478, -0.005928281228989363, 0.006009312812238932, 0.007694772910326719, -0.006988176144659519, 0.01302990224212408, 0.0278489850461483, -0.002392056630924344, 0.011221273802220821, 0.0007167256553657353, 0.006187582854181528, -0.002160305855795741, 0.02467253990471363, 0.030053047463297844, -0.007967039942741394, 0.01835854910314083, 0.00890052504837513, 0.02519114315509796, -0.016724947839975357, -0.022857429459691048, 0.040658481419086456, 0.014170828275382519, -0.014987628906965256, -0.00035309576196596026, 0.01793070137500763, 0.008135585114359856, 0.006155170034617186, 0.032957226037979126, 0.01281597837805748, -0.014274549670517445, -0.014469025656580925, -0.0017049075104296207, -0.01892901211977005, -0.010177585296332836, 0.011104588396847248, 0.02075708843767643, -0.0254504457116127, -0.0063010272569954395, -0.007824423722922802, 0.0121871717274189, 0.03223118185997009, -0.006748322397470474, 0.0011927870800718665, 0.0002649737580213696, -0.007526226807385683, 0.04799671471118927, 0.01459867600351572, 0.0023466788697987795, 0.0037436657585203648, 0.0011393061140552163, 0.029690025374293327, -0.004518329165875912, 0.02976781502366066, -0.014806117862462997, 0.011188860982656479, -0.009140378795564175, 0.010229445062577724, -0.012770600616931915, 0.006709427107125521, 0.01844930462539196, -0.009866422973573208, -0.03415001183748245, 0.025994978845119476, -0.013574435375630856, -0.03578361123800278, -0.006028760690242052, 0.017217621207237244, 0.017775120213627815, 0.039050810039043427, -0.00962008722126484, -0.0265524759888649, 0.02424469403922558, -0.00870604906231165, -0.019719881936907768, 0.00907555315643549, -0.008887560106813908, -0.005646290723234415, 0.005263821221888065, -0.01529879029840231, 0.011234238743782043, -0.01159726083278656, -0.019486509263515472, 0.005707874894142151, 0.001855626585893333, -0.04540369659662247, 0.005931522697210312, -0.005487468559294939, 0.014754257164895535, -0.006955763790756464, -0.033657338470220566, -0.006450125481933355, 0.006116274744272232, -0.0013070417335256934, 0.015869254246354103, -0.011713946238160133, -0.011960282921791077, 0.019784707576036453, 0.0036140151787549257, -0.0028652818873524666, -0.035187218338251114, -0.02911956235766411, 0.009581191465258598, 0.012647432275116444, -0.003033827990293503, 0.021042319014668465, 0.014391235075891018, -0.0019561059307307005, -0.014352339319884777, 0.01238164771348238, 0.011260168626904488, -0.0012081831227988005, -0.012277927249670029, 0.017023146152496338, -0.03933604061603546, -0.005626843310892582, -0.033527687191963196, 0.0034325039014220238, -0.035187218338251114, -0.00010483479854883626, -0.0007317165145650506, 0.008142068050801754, -0.0265524759888649, 0.012556676752865314, -0.01411896850913763, 0.005377265624701977, -0.01715279556810856, -0.0018766948487609625, 0.002772905630990863, 0.008129103109240532, 0.027252590283751488, 0.04120301455259323, 0.006035243161022663, 0.0030354484915733337, -0.01870860531926155, 0.02497073821723461, 0.008193928748369217, -0.012498334050178528, -0.006492262240499258, 0.037443142384290695, -0.02733038179576397, -0.031090253964066505, -0.013911527581512928, 0.011869527399539948, 0.024724401533603668, -0.007124309428036213, -0.017904771491885185, -0.044755443930625916, 0.0019982424564659595, -0.010229445062577724, 0.013535539619624615, -0.0031391691882163286, -0.01876046508550644, -0.008965350687503815, 0.0033417483791708946, 0.001312713953666389, -0.012602054513990879, 0.02393353171646595, -0.03440931439399719, 0.001897763111628592, 0.025917187333106995, 0.006038484629243612, 0.023350102826952934, -0.0033044738229364157, 0.014469025656580925, -0.0197976715862751, -0.012984524480998516, -0.0009188997792080045, 0.005305957514792681, 0.012550193816423416, 0.004644738510251045, 0.021249759942293167, 0.01553216204047203, 0.02541154995560646, -0.005675462074577808, -0.004333576653152704, -0.0033287834376096725, 0.007338233292102814, 0.003338507143780589, -0.0018621091730892658, -0.007519744336605072, -0.024568820372223854, 0.029404792934656143, 0.00918575655668974, 0.02428358793258667, 0.01970691606402397, -0.015052453614771366, 0.021029355004429817, 0.010877699591219425, -0.008693084120750427, -0.02576160617172718, -0.01962912641465664, -0.038402557373046875, -0.010637844912707806, -0.0032266834750771523, -0.000992638641037047, 0.009140378795564175, -0.0053610592149198055, -0.0006462280289269984, 0.018254827708005905, 0.010936042293906212, 0.00922465231269598, -0.019745811820030212, -0.0024892946239560843, 0.00018819619435817003, 0.004560465458780527, 0.02323341742157936, -0.016608262434601784, -0.004638256039470434, -0.012200136668980122, -0.027667474001646042, -0.020783018320798874, 0.002338575664907694, -0.02057557739317417, -0.012615019455552101, -0.010877699591219425, -0.010190550237894058, -0.023648299276828766, 0.008317096158862114, -0.019603196531534195, -0.009270030073821545, 0.0010534124448895454, -0.008109655231237411, -0.005552294198423624, -0.03254234045743942, -0.017904771491885185, -0.019382789731025696, -0.019642090424895287, 0.020329240709543228, -0.03251641243696213, 0.013613330200314522, 0.0034876056015491486, -0.038013603538274765, -0.011804701760411263, -0.013976352289319038, 0.032438620924949646, -0.016569368541240692, 0.023868706077337265, 0.022403651848435402, -0.02132755145430565, -0.01975877583026886, 0.017126865684986115, 0.033657338470220566, -0.009846976026892662, 0.02132755145430565, 0.015817392617464066, -0.0006624343805015087, -0.018332617357373238, -0.0042622690089046955, 0.01710093580186367, -0.019771741703152657, -0.060209814459085464, 0.03381291776895523, 0.016984250396490097, 0.01042392197996378, 0.004628532100468874, -0.012647432275116444, -0.007947592064738274, 0.011798219755291939, -0.015584021806716919, -0.00848564226180315, -0.006527916062623262, -0.030364209786057472, -0.025606026872992516, 0.004965624306350946, -0.02681177854537964, 0.009069071151316166, -0.0021943391766399145, -0.01658233255147934, -0.03381291776895523, 0.0033060945570468903, -0.0048781102523207664, 0.03168664872646332, -0.01340588927268982, 0.02310376614332199, -0.015117279253900051, 0.014650536701083183, -0.00020460510859265924, 0.019304998219013214, -0.010786944068968296, 0.01806035079061985, 0.0007576466887257993, 0.01949947513639927, 0.021638711914420128, -0.01070267055183649, 0.018773430958390236, -0.027874914929270744, -0.003477881895378232, 0.001174149801954627, -0.0043433005921542645, -0.0027129421941936016, -0.021353481337428093, -0.012887286022305489, 0.006728874519467354, 0.011953800916671753, -0.009749737568199635, -0.012556676752865314, -0.008965350687503815, -0.01889011636376381, 0.002936589764431119, -0.0034325039014220238, 0.014845012687146664, 0.07291559129953384, -0.005409677978605032, -0.006638118997216225, 0.02419283241033554, 0.023337136954069138, -0.009658982045948505, -0.012887286022305489, 0.001162805245257914, 0.027667474001646042, -0.030234558507800102, 0.0391545295715332, -0.036846745759248734, 0.0037080119363963604, -0.014935768209397793, 0.00818096287548542, 0.011785254813730717, -0.016828669235110283, 0.032438620924949646, 0.00750677939504385, -0.029145492240786552, 0.007091897074133158, -0.0021716502960771322, 0.003954348154366016, -0.0052832686342298985, -0.006463090423494577, 0.003474640427157283, -0.00022567335690837353, 0.001028292579576373, -0.013146587647497654, -0.042369868606328964, 0.023207487538456917, -0.008414334617555141, 0.02771933376789093, 0.00861529354006052, -0.009859940968453884, -0.011363890022039413, 0.010287788696587086, -0.0013475576415657997, -0.0077984933741390705, -0.018747501075267792, 0.0033287834376096725, -0.022248070687055588, 0.014261583797633648, -0.012848391197621822, -0.01588221825659275, 0.004447021055966616, -0.02924921177327633, -0.014196759089827538, 0.019590230658650398, 0.0004286578332539648, -0.005762976594269276, 0.0023207487538456917, 0.00991828367114067, -0.0069168685004115105, 0.009808080270886421, -0.006544122472405434, -0.004482675343751907, -0.011739877052605152, -0.006336681079119444, -0.015272860415279865, 0.01529879029840231, -0.03298315405845642, 0.037443142384290695, 0.014611640945076942, 0.010709153488278389, -0.009834010154008865, 0.013483679853379726, -0.006741839926689863, 0.022079525515437126, 0.01190194021910429, 0.01606372930109501, 0.0030127596110105515, -0.008926454931497574, -0.007033553905785084, 0.007597534917294979, 0.023181557655334473, 0.038272906094789505, -0.01059895008802414, -0.01619338057935238, -0.0017097694799304008, -0.039569415152072906, -0.010469299741089344, -0.004816526081413031, -0.02867874875664711, -0.011927870102226734, 0.0046674273908138275, 0.004686875268816948, 0.0008864871342666447, 0.02567085064947605, 0.0023110248148441315, -0.025709746405482292, -0.006910385563969612, 0.009892353788018227, -0.021171970292925835, -0.008978315629065037, 0.016180414706468582, 0.0045799133367836475, 0.004391919821500778, -0.001873453613370657, 0.006754804868251085, -0.021301621571183205, 0.002586532849818468, 0.006826112978160381, 0.005150376819074154, -0.006890938151627779, -0.0008945902809500694, -0.014417164959013462, -0.0147931519895792, -0.026267245411872864, 0.00569166848435998, 0.01619338057935238, 0.016348961740732193, 0.032049670815467834, 0.0007949212449602783, 0.004968865774571896, -0.026358000934123993, 0.002533051883801818, -0.020199589431285858, -0.00802538264542818, -0.0030322072561830282, -0.029612235724925995, -0.023013010621070862, -0.0027534582186490297, 0.020834878087043762, -0.03241269290447235, -0.011033279821276665, -0.003364437259733677, -0.0013929354026913643, -0.03080502152442932, 0.014935768209397793, 0.016439717262983322, -0.006145446095615625, 0.017904771491885185, -0.0065473634749650955, -0.005108240060508251, -0.017775120213627815, -0.04561113938689232, 0.00580835435539484, -0.015259895473718643, 0.0038797990418970585, -0.02110714465379715, -0.001608479768037796, 0.005834284238517284, 0.024685505777597427, -2.5436365831410512e-05, 0.02324638143181801, 0.03415001183748245, 0.20692262053489685, -0.034798264503479004, -0.020173659548163414, 0.011370372027158737, 0.0006231339648365974, 0.028575029224157333, 0.03669116646051407, 0.0005526363966055214, -0.019162382930517197, 0.0010072244331240654, -0.0024568820372223854, -0.018008491024374962, -0.03199780732393265, 0.00911444891244173, 0.01909755729138851, -0.015415475703775883, -0.025969048961997032, -0.018202967941761017, 0.0008824355318211019, -0.04413311928510666, 0.002202442381531, 0.0017130107153207064, 0.005856973119080067, -0.0007422506459988654, 0.0544014610350132, -0.00888107717037201, 0.004476192872971296, -0.018254827708005905, 0.022831499576568604, 0.008971832692623138, -0.026228349655866623, -0.010495229624211788, -0.006677014287561178, -0.0031829262152314186, -0.026085734367370605, -0.013159552589058876, -0.014948733150959015, -0.002722666133195162, 0.005108240060508251, 0.020653367042541504, 0.007817940786480904, 0.0202384851872921, -0.01819000206887722, 0.010579502210021019, 0.0003028560895472765, 0.03503163531422615, 0.015195069834589958, -0.012219584546983242, 0.019343893975019455, -0.011837114579975605, -0.01701018027961254, -0.026863638311624527, -0.007150239776819944, 0.005104999057948589, 0.010430403985083103, 0.0072345128282904625, -0.008239306509494781, 0.0023207487538456917, -0.012245514430105686, 0.010359096340835094, -0.0034713991917669773, -0.005792147945612669, -0.017632504925131798, 0.017023146152496338, -0.0011919767130166292, 0.029923396185040474, -0.016439717262983322, -0.004693357739597559, -0.0006745891296304762, -0.004165031015872955, 0.0018783154664561152, -0.02175539918243885, -0.015998903661966324, 0.017113901674747467, 0.0022899566683918238, -0.014832047745585442, 0.02467253990471363, 0.02398539148271084, 0.010015521198511124, 0.026293175294995308, -0.0058375257067382336, 0.029301073402166367, -0.025917187333106995, 0.002544396324083209, -0.00959415640681982, -0.042499519884586334, 0.015350650995969772, -0.0024795709177851677, 0.002411504276096821, -0.027952704578638077, 0.0012073727557435632, -0.013626295141875744, -0.014067107811570168, 0.023129696026444435, 0.0038538689259439707, 0.026176489889621735, 0.018954942002892494, 0.02153499238193035, -0.01111755333840847, -0.012893768958747387, -0.007189135067164898, 0.041099291294813156, 0.004842455964535475, 0.025243004783988, -0.007357680704444647, 0.004557224456220865, -0.007027071435004473, 0.0065992241725325584, -0.004754941910505295, -0.02275370992720127, -0.010657292790710926, -0.005322163924574852, 0.013250308111310005, -0.014261583797633648, -0.008193928748369217, 0.0034519515465945005, -0.02385574020445347, 0.015648847445845604, 0.004459986463189125, -0.013613330200314522, 0.019292034208774567, -0.03746907040476799, -0.011778771877288818, 0.00589586840942502, -0.00519899558275938, -0.003643186530098319, -0.015609951689839363, 0.015830358490347862, 0.01350960973650217, -0.020199589431285858, 0.0006304268608801067, -0.040839992463588715, 0.0074743665754795074, -0.014339374378323555, -0.0017989043844863772, 0.01745099388062954, 0.013937457464635372, -0.005847249645739794, -0.013392924331128597, 0.007869801484048367, -0.009503400884568691, -0.014935768209397793, 0.01408007275313139, 0.015337685123085976, 0.008018899708986282, -0.017865875735878944, 0.009432093240320683, 0.014391235075891018, -0.021768363192677498, 0.005357817746698856, -0.04034731909632683, 0.02014772966504097, 0.008803286589682102, -0.022131385281682014, 0.006508468650281429, -0.008868112228810787, -0.022183245047926903, -0.013237343169748783, -0.016154484823346138, 0.004683633800595999, -0.04172161594033241, 0.006949280854314566, 0.011798219755291939, -0.006158411502838135, -0.0050369324162602425, 0.009354302659630775, -0.16201159358024597, 0.01281597837805748, -0.0005331887514330447, -0.05818726494908333, 0.015934079885482788, -0.0057111163623631, 0.0035135357175022364, -8.523524593329057e-05, -0.024659575894474983, -0.009347819723188877, -0.0010874457657337189, -0.03155699744820595, -0.0243743434548378, 0.0010477402247488499, -0.005869938526302576, -0.012025108560919762, -0.0013605226995423436, 0.015817392617464066, 0.03816918656229973, 0.0243743434548378, 0.015311755239963531, -0.03565395995974541, 0.009023693390190601, -0.01997918263077736, -0.017995527014136314, -0.027693403884768486, -0.0027502167504280806, -0.0003314197820145637, -0.026098698377609253, -0.015117279253900051, -0.00680018262937665, -0.007001141551882029, 0.01831965334713459, 0.003357954788953066, 0.006949280854314566, 0.013548504561185837, 0.0018945217598229647, -0.009334854781627655, -0.03752093017101288, 0.015558091923594475, -0.019551334902644157, 0.044496141374111176, 0.013937457464635372, 0.006304268259555101, -0.008051312528550625, 0.04496288672089577, 0.015000593848526478, -0.015609951689839363, -0.010974937118589878, 0.0040321387350559235, -0.014780187048017979, -0.02193691022694111, 0.009710842743515968, 0.014767222106456757, -0.015519196167588234, -0.012310340069234371, 0.010748048312962055, 0.010417439043521881, 0.01092307735234499, 0.007189135067164898, 0.015363615937530994, -0.03845441713929176, 0.021029355004429817, 0.007033553905785084, 0.010806391015648842, -0.011681534349918365, 0.029482584446668625, 0.002244578907266259, -0.010761013254523277, -0.0016133417375385761, -0.004887833725661039, -0.004784113261848688, 0.0053610592149198055, -0.0075456746853888035, 0.022948184981942177, 0.010268340818583965, -0.020834878087043762, -0.01222606748342514, -0.016634192317724228, 0.005811595357954502, -0.0219758041203022, 0.01940871961414814, -0.04078812897205353, -0.023013010621070862, -0.01279653050005436, 0.01579146273434162, 0.0012965076602995396, -0.0011133759981021285, 0.010929559357464314, -0.01992732286453247, 0.01408007275313139, -0.016335995867848396, -0.005163341760635376, -0.013289203867316246, -0.013172517530620098, 0.03433152288198471, -0.0020906184799969196, -0.019551334902644157, 0.005328646395355463, -0.02694142982363701, -0.00898479763418436, 0.004748459439724684, -0.018954942002892494, 0.007882766425609589, 0.01931796409189701, 0.003174823010340333, -0.012524263933300972, 0.0019415202550590038, 0.023259347304701805, -0.03155699744820595, 0.011188860982656479, 0.006489020772278309, 0.0020614471286535263, 0.012070486322045326, -0.025813467800617218, 0.016984250396490097, -0.0023823329247534275, 0.0031407896894961596, -0.0022721297573298216, -0.005643049720674753, 0.04810043424367905, -0.017775120213627815, 0.0058180782943964005, -0.0036593929398804903, 0.015026523731648922, -0.022948184981942177, -0.1183452159166336, -0.0022786122281104326, 0.002221890026703477, 0.0006259700749069452, -0.004547500517219305, 0.02014772966504097, -0.01020351517945528, 0.018488198518753052, 0.007448436692357063, -0.008628258481621742, -0.03586140275001526, -0.02280556969344616, -0.0009602259960956872, -0.013068797066807747, 0.022792603820562363, -0.0054420907981693745, 0.008628258481621742, -0.029741885140538216, -0.007519744336605072, 0.02688956819474697, 0.003168340539559722, -0.011072175577282906, 0.008796804584562778, -0.00962008722126484, -0.0165434367954731, -0.003980278503149748, 0.0017616298282518983, 0.028004566207528114, 0.015104314312338829, 0.010566537268459797, -0.024491028860211372, -0.01168801635503769, 0.014806117862462997, -0.0006579776527360082, 0.009308924898505211, -0.0060708969831466675, -0.017697328701615334, -0.002625427907332778, 0.023726090788841248, -0.0024082630407065153, 0.019292034208774567, 0.006826112978160381, -0.01042392197996378, -0.00219758041203022, 0.00792166218161583, -0.025515271350741386, -0.016763843595981598, -0.0016773567767813802, -0.011519470252096653, -0.01726948283612728, -0.011415749788284302, -0.011927870102226734, -0.01009331177920103, -0.014054142870008945, 0.013354028575122356, -0.02123679593205452, 0.02119790017604828, 0.03067537024617195, -0.02384277619421482, -0.01111755333840847, -0.01050819456577301, -0.009717324748635292, -0.013302168808877468, 0.00461232615634799, 0.020899703726172447, -0.00689742062240839, -0.03547244891524315, -0.020951563492417336, -0.013678155839443207, 0.014041177928447723, -0.0051309289410710335, 0.018086282536387444, 0.0025006390642374754, 0.014961698092520237, -0.04164382442831993, -0.00299655320122838, 0.010346131399273872, -0.010248892940580845, -0.009808080270886421, -0.016789773479104042, -0.016089659184217453, -0.004485916346311569, 0.008978315629065037, -0.03041606955230236, 0.0391545295715332, 0.012433508411049843, 0.027174800634384155, -0.0017421821830794215, 0.02036813460290432, 0.0012000799179077148, -0.004456744994968176, 0.025217073038220406, -0.04029545933008194, -0.006414471659809351, -0.0011749600525945425, 0.018462268635630608, -0.0017243551556020975, -0.0045669483952224255, 0.02810828574001789, 0.03334617614746094, -0.023272313177585602, -0.022961150854825974, -0.019214242696762085, 0.005040173418819904, -0.0037144944071769714, 0.0037566309329122305, 0.012109381146728992, 0.011720429174602032, 0.008531020022928715, 0.01914941892027855, -0.011201825924217701, 0.0014399337815120816, -0.02688956819474697, -0.007331750821322203, -0.00180052500218153, -0.010942524299025536, -0.03648372367024422, -0.006767769809812307, 0.014507920481264591, 0.004518329165875912, 0.01606372930109501, 0.012174206785857677, 0.0007021399214863777, 0.00911444891244173, -0.00952933169901371, 0.020783018320798874, -0.009004245512187481, -0.019421685487031937, -0.01259557157754898, 0.02541154995560646, 0.009853458032011986, 0.0049721067771315575, -0.005844008177518845, -0.03876557946205139, -0.002703218488022685, 0.012854873202741146, -0.0071696871891617775, 0.011538918130099773, 0.01411896850913763, 0.01645268127322197, 0.008479160256683826, 0.07597535103559494, -0.008349508978426456, -0.03728755936026573, 0.011046244762837887, -0.052456699311733246, -0.010858251713216305, -0.008945902809500694, -0.029741885140538216, 0.007428988814353943, -0.0008565053576603532, -0.021301621571183205, 0.033786989748477936, 0.00390572939068079, -0.003980278503149748, -0.016439717262983322, -0.008453229442238808, -0.03860999643802643, 0.002087377244606614, -0.013898561708629131, 0.025307828560471535, -0.012135311961174011, 0.015985939651727676, 0.014857977628707886, 0.0012592331040650606, -0.007221547421067953, -0.0019334170501679182, 0.011111070401966572, -0.0017373202135786414, 0.011525953188538551, 0.006320474669337273, -0.007027071435004473, -0.013626295141875744, 0.016413787379860878, 0.015960009768605232, -0.00918575655668974, 0.022779639810323715, 0.004965624306350946, -0.007675325497984886, 0.00295279617421329, 2.0232610040693544e-05, 0.009432093240320683, 0.01931796409189701, 0.01039799116551876, -0.03985464572906494, 0.01841040886938572, 0.0426551029086113, 0.03137548640370369, -0.0036723578814417124, 0.0030062771402299404, 0.00041771854739636183, 0.0006899851723574102, -0.013626295141875744, 0.009931248612701893, 0.0005015864153392613, 0.012452956289052963, 0.013003971427679062, 0.008524538017809391, -0.008952385745942593, 0.01909755729138851, 0.003448710311204195, 0.030312348157167435, 0.02733038179576397, 0.00789573136717081, -0.020329240709543228, -0.022792603820562363, -0.003294750116765499, 0.011694499291479588, -0.012887286022305489, -0.013302168808877468, 0.006164893973618746, 0.024439169093966484, -0.007260442711412907, 0.00981456320732832, 0.0059250397607684135, 0.0114222327247262, -0.0435107983648777, 0.008861630223691463, -0.014507920481264591, -0.011525953188538551, -0.021470166742801666, 0.02310376614332199, 0.029949326068162918, 0.015480301342904568, 0.009179274551570415, 0.02232586219906807, 0.005273544695228338, 0.01592111401259899, 0.021573888137936592, -0.03337210789322853, 0.002972243819385767, -0.0097886323928833, 0.012984524480998516, 0.007091897074133158, -0.038791507482528687, -0.003455192781984806, 0.009282995015382767, -0.04620753228664398, 0.004754941910505295, 0.01863081566989422, -0.011357407085597515, 0.07550860941410065, 0.03238676115870476, -0.021314585581421852, 0.011273134499788284, -0.0007937057525850832, -0.013250308111310005, 0.006194065324962139, 0.0073965759947896, -0.005869938526302576, 0.030623510479927063, 0.03884337097406387, -0.01168801635503769, 0.009931248612701893, -0.018553024157881737, -0.010858251713216305, 0.025489339604973793, -0.0061486875638365746, 0.022922255098819733, 0.005620360840111971, 0.012764117680490017, 0.03181629627943039, -0.009963661432266235, 0.02162574790418148, -0.019525405019521713, -0.022261036559939384, 0.0013977973721921444, 0.031038392335176468, 0.005584706552326679, -0.028004566207528114, -0.0178399458527565, -0.003954348154366016, 0.0107739781960845, -0.007020588964223862, -0.007519744336605072, 0.003357954788953066, 0.0008791942382231355, -0.006187582854181528, -0.020860807970166206, -0.01653047278523445, -0.006573293823748827, -0.009082036092877388, 0.028782470151782036, -0.018086282536387444, -0.008355991914868355, -0.019162382930517197, -0.005834284238517284, -0.0012519401498138905, -0.011337959207594395, 0.013023419305682182]"
"Los síntomas funcionales en demencia significa lo mismo que compromiso de la ""capacidad funcional"". la pérdida de la ""funcionalidad"" o de la ""capacidad funcional"" se refiere a la pérdida de las actividades de la vida diaria del individuo que permiten una adecuado funcionamiento individual, familiar, ocupacional y social. Como recordamos, las actividades de la vida diaria (AVO) pueden ser: básicas, instrumentales y avanzadas. En la evolución de las demencias, sobre todo en la EA primero se comprometen las AVO avanzadas, luego las instrumentales, y finalmente; conforme avanza la enfermedad, se afectan las AVO básicas.","[-0.007016611285507679, -0.020360413938760757, 0.04056619480252266, -0.03017980419099331, -0.04334964230656624, 0.034097250550985336, -0.015837309882044792, 0.015528038144111633, -0.01302164513617754, -0.006823316216468811, 0.009548776783049107, 0.041777510195970535, -0.0005291452980600297, 0.028916943818330765, -0.025927312672138214, -0.0059599317610263824, 0.033865299075841904, -0.019084667786955833, 0.023143863305449486, -0.018852712586522102, -0.012287124060094357, 0.013814155012369156, -0.004980569705367088, -0.02324695512652397, -0.010869626887142658, 0.013646632432937622, 0.010702104307711124, -0.03561783954501152, 0.0009817779064178467, -0.003943219780921936, 0.0328601635992527, 6.860968278488144e-05, 0.0010107721900567412, -0.0034116581082344055, 0.011062921956181526, -0.019265076145529747, -0.01327292900532484, -0.026172153651714325, -0.0026159267872571945, -0.008111950010061264, -0.0013321252772584558, 0.011030705645680428, -0.00998691190034151, -0.011623477563261986, -0.01862075924873352, 0.030360212549567223, -0.025630926713347435, -0.0021971208043396473, -0.03737038001418114, 0.027602536603808403, 0.006072686985135078, 0.01730635203421116, -0.05188039690256119, 0.007396758068352938, 0.029380852356553078, -0.01645585335791111, -0.008917346596717834, 0.005354273598641157, -0.0018878486007452011, -0.02188100293278694, -0.02332427352666855, -0.010399275459349155, -0.014535789377987385, 0.011919863522052765, -0.01206805557012558, 0.0047035133466124535, 0.018788281828165054, -0.027344809845089912, 0.005953488405793905, 0.03097875788807869, 0.03188079968094826, 0.0077704619616270065, -0.012654384598135948, -0.004903251770883799, 0.04221564531326294, 0.013595087453722954, -0.0044973320327699184, -0.008421221747994423, 0.01302808802574873, 0.007377428933978081, 0.01668780855834484, -0.0460815466940403, -0.020914526656270027, 0.009149299934506416, 0.018221283331513405, 0.02581133507192135, 0.008569414727389812, 0.008517869748175144, 0.009626095183193684, -0.015579583123326302, -0.030849894508719444, -0.007499848958104849, 0.016223900020122528, 0.011475284583866596, -0.00919440295547247, 0.018955804407596588, 0.029818987473845482, 0.004751837346702814, 3.692238169605844e-05, -0.01496103871613741, -0.022615524008870125, 0.021545957773923874, -0.050076309591531754, 0.0006829759222455323, -0.0322931632399559, -0.011172455735504627, 0.015012584626674652, 0.020940300077199936, 0.0012008456978946924, -0.028633443638682365, -0.033581797033548355, 0.009142857044935226, -0.004297594074159861, -0.02847880870103836, 0.002543441019952297, 0.00876270979642868, 0.004297594074159861, 0.03149421140551567, 0.004932246170938015, -0.02249954640865326, -0.0012821906711906195, -0.009767844341695309, 0.026442766189575195, -0.014020335860550404, -0.004078526049852371, -0.014677539467811584, 0.00562166515737772, 0.0003066545759793371, -0.02251243405044079, -0.0064657204784452915, -0.02711285650730133, 0.009941809810698032, 0.015089902095496655, -0.008582301437854767, -0.008562971837818623, 0.01887848600745201, -0.00835034716874361, 0.0031942010391503572, -0.009252390824258327, -0.021842343732714653, 0.009007550776004791, 0.013646632432937622, -0.050591763108968735, -0.025862881913781166, 0.00875626690685749, 0.011204671114683151, 0.022834591567516327, 0.006491492968052626, 0.01566978730261326, 0.01976764388382435, 0.013105406425893307, -0.012512634508311749, -0.012138931080698967, -0.014419812709093094, 0.002762508811429143, -0.01164280716329813, 0.021043390035629272, 0.004136514849960804, -0.023362930864095688, -0.019948052242398262, 0.0015230041462928057, -0.02057948336005211, -0.012184033170342445, 0.004278264474123716, 0.001781536266207695, 0.02489640563726425, -0.031056076288223267, 0.006894191261380911, 0.019522802904248238, -0.010644115507602692, 0.0011033926857635379, 0.03641679137945175, -0.025695359334349632, 0.02550206333398819, 0.015785764902830124, -0.013324473984539509, 0.011868317611515522, 0.0011364140082150698, -0.04270532727241516, -0.012100271880626678, -0.02575979009270668, 0.02462579309940338, 0.020437732338905334, -0.0018604651559144258, -0.03533434122800827, 0.013401792384684086, 0.02932930551469326, 0.014716198667883873, -0.0005267290980555117, 0.0015761603135615587, -0.015283197164535522, 0.00875626690685749, 0.029432397335767746, -0.0020086579024791718, -0.6321521997451782, 0.002528943819925189, -0.004516661632806063, -0.026674721390008926, 0.02166193537414074, 0.016004832461476326, 0.025837108492851257, 0.003756367601454258, -0.021455753594636917, -0.05260203406214714, 0.0012306453427299857, -0.012196918949484825, -0.01755119301378727, -0.022821705788373947, -0.013943018391728401, -0.017937783151865005, -0.0172805804759264, 3.682170427055098e-05, 0.016301218420267105, 0.019793415442109108, -0.0012950770324096084, 0.021790798753499985, -0.02331138588488102, 0.010147991590201855, 0.006472163368016481, 0.007345213089138269, 0.010779421776533127, -0.009974026121199131, 0.00020477197540458292, 0.03231893852353096, -0.01587596908211708, 0.007570724003016949, -0.004919359926134348, 0.020734118297696114, 0.05592671036720276, -0.030798349529504776, 0.016223900020122528, 0.03015403263270855, -0.005470250733196735, 0.04139091819524765, 0.01644296757876873, 0.013414678163826466, 0.014355381019413471, -0.020231550559401512, 0.012403100728988647, 0.0043008155189454556, -0.003124937182292342, -0.010521695017814636, -0.005412261933088303, -0.002955803880468011, 0.01975475624203682, -0.008633846417069435, -0.02438095211982727, 0.03208698332309723, -0.001301520154811442, -0.004271821118891239, 0.027886036783456802, -0.03435497730970383, 0.00396899227052927, -0.009252390824258327, 0.0009946642676368356, -0.014883721247315407, -0.017345011234283447, -0.01247397530823946, -0.014780630357563496, 0.03123648464679718, -0.01150105707347393, 0.0049870130605995655, 0.02270572818815708, -0.015721332281827927, 0.01327292900532484, 0.008878687396645546, -0.003550186287611723, -0.004239605274051428, 0.03267975524067879, -0.017912009730935097, 0.03293748199939728, 0.005045001395046711, -0.0030508406925946474, 0.003608174854889512, -0.0037499244790524244, -0.0037209303118288517, -0.02827262692153454, 0.01439404021948576, 0.019922278821468353, -0.01591462828218937, -0.02221604809165001, 0.007390315178781748, -0.0021922884043306112, 0.006726668681949377, 0.024033021181821823, 0.019110439345240593, 0.004445786587893963, -0.022628409788012505, -0.02249954640865326, 0.013047417625784874, -0.015785764902830124, 0.02412322536110878, 0.023466022685170174, 0.018723849207162857, -0.002284103538841009, -0.006059800740331411, 0.021004730835556984, 0.019574347883462906, 0.01806664653122425, 0.013491996563971043, -0.029380852356553078, 0.030901439487934113, 0.072266586124897, -0.01139796618372202, -0.017460988834500313, -0.010450820438563824, 0.010637672618031502, -0.030643712729215622, -0.029715895652770996, -0.02742212824523449, 0.015051242895424366, 0.018479010090231895, -0.001029296312481165, -0.024806201457977295, -0.022576864808797836, -0.005563676822930574, 0.025321654975414276, -0.010167321190237999, 0.0017058290541172028, -0.01399456337094307, -0.002155240159481764, 0.0015109231462702155, -0.027215946465730667, -0.008801368996500969, 0.0033504480961710215, -0.04329809546470642, 0.00277539505623281, -0.006340078543871641, 0.032215844839811325, -0.002437128685414791, 0.017667170614004135, -0.004217054229229689, 0.002274438738822937, -0.01786046475172043, -0.018015101552009583, -0.016919761896133423, 0.011533273383975029, -0.003611396299675107, -0.005135206039994955, -0.020089801400899887, 0.0026497533544898033, -0.0067202253267169, -0.027602536603808403, -0.0031523206271231174, -0.006694452837109566, -0.018994463607668877, -0.015759991481900215, 0.03561783954501152, 0.025360314175486565, -0.004075304605066776, -0.02220316044986248, -0.0027882815338671207, -0.026081949472427368, -0.006681566592305899, -0.01139152329415083, -0.002983187325298786, 0.001306352554820478, 0.009175073355436325, -0.034097250550985336, -0.024600019678473473, 0.012673714198172092, 0.008395449258387089, -0.019123326987028122, -0.03360757231712341, 0.003379442263394594, -0.00195711269043386, 1.7957818272407167e-05, 0.005911607760936022, 0.00919440295547247, 0.015244537964463234, -0.001410248689353466, -0.013414678163826466, 0.02081143669784069, 0.0020747005473822355, 0.018955804407596588, -0.007957314141094685, -0.008318131789565086, -0.0019635558128356934, 0.038220878690481186, 0.005476693622767925, 0.008331017568707466, 0.008195711299777031, -0.004742172546684742, 0.022151615470647812, 0.022048525512218475, 0.017190376296639442, 0.0019780530128628016, -0.00412362813949585, -0.005470250733196735, -0.007222792599350214, -0.013556428253650665, -0.0010864794021472335, -0.003286016406491399, 0.018169736489653587, 0.046751637011766434, -0.02414899878203869, 0.025540722534060478, -0.0017638176213949919, 0.02547629177570343, -0.004059196449816227, 0.01970321126282215, -0.003743481356650591, 0.010347729548811913, 0.01694553531706333, -0.009439243003726006, -0.02224181964993477, -0.011037148535251617, 0.004558542277663946, -0.016649149358272552, 0.034896206110715866, 0.012106714770197868, 0.0158630833029747, -0.0013297090772539377, -0.014986811205744743, -0.01695842109620571, -0.0007308970089070499, 0.003888452658429742, -0.00452310498803854, -0.004130071494728327, 0.008691835217177868, 0.0013184335548430681, 0.023504681885242462, -0.004574649967253208, -0.0153605155646801, -0.01832437328994274, 0.005257626064121723, 0.010721433907747269, 0.027344809845089912, -0.007886439561843872, 0.015592469833791256, 0.0024387396406382322, -0.00970985647290945, 0.02416188456118107, -0.020463505759835243, -0.001738044898957014, 0.027087083086371422, 0.016314104199409485, -0.0057795229367911816, 0.0015270310686901212, -0.001108225085772574, 0.03237048164010048, 0.03525702282786369, 0.004854928236454725, 0.009845162741839886, -0.008389006368815899, -0.012248464860022068, -0.036571428179740906, -0.021301116794347763, 0.005695761647075415, -0.0033407832961529493, 0.002960636280477047, -0.018788281828165054, 0.023156750947237015, 0.018259942531585693, 0.03262820839881897, -0.0057795229367911816, 0.013247155584394932, 0.009948253631591797, -0.024174770340323448, -0.018736736848950386, 0.016623375937342644, -0.013324473984539509, 0.0018894593231379986, -0.002680358476936817, -0.01668780855834484, 0.014187858439981937, -0.022976340726017952, -0.010824523866176605, 0.0056055570021271706, 0.007087486330419779, -0.013466224074363708, 0.0013941407669335604, 0.017151717096567154, 0.019935166463255882, -0.015528038144111633, -0.02773139998316765, 0.03925178572535515, 0.0054960232228040695, 0.009123527444899082, 0.0034696466755121946, -0.006868418306112289, 0.008434108458459377, -0.007345213089138269, -0.0005609584040939808, -0.026674721390008926, 0.01139152329415083, -0.02469022385776043, 0.0031861471943557262, 0.007983086630702019, 0.04007651284337044, 0.02112070843577385, 0.020141346380114555, -0.022383570671081543, 0.00019983891979791224, 0.003087888937443495, -0.014200745150446892, -0.014342494308948517, -0.02497372403740883, 0.000187757977982983, 0.04489600285887718, -0.042937278747558594, -0.0007031108252704144, -0.008421221747994423, -0.015154333785176277, 0.0028366053011268377, -0.009658310562372208, -0.007106815464794636, -0.011153126135468483, 0.014497131109237671, 0.006259538698941469, -0.022267593070864677, 0.006939293351024389, 0.03350447863340378, -0.007789791561663151, 0.00018352964252699167, -0.01862075924873352, 0.01667492277920246, 0.0013530654832720757, -0.0041139633394777775, 0.026752037927508354, 0.006491492968052626, 0.010708547197282314, 0.014162085950374603, 0.007300110533833504, -0.02467733807861805, -0.021262457594275475, 0.02106916345655918, 0.01998671144247055, -0.0014448807341977954, -0.0023791403509676456, 0.03886519744992256, 0.006079130340367556, -0.00325863272882998, 0.00972918514162302, -0.0007260646088980138, -0.03700956329703331, 0.0011774891754612327, 0.0056893182918429375, -0.028942715376615524, -0.018002213910222054, 0.016262559220194817, 0.0236077718436718, -0.0186336450278759, -0.016223900020122528, -0.006150004919618368, 0.016069263219833374, 0.02633967623114586, -0.0021745695266872644, -0.0018846270395442843, 0.009761401452124119, -0.013221383094787598, 0.04556609317660332, 0.018208395689725876, 0.009999798610806465, 0.015102788805961609, 0.003985099960118532, 0.019393939524888992, 0.010238195769488811, 0.02493506483733654, -0.031391121447086334, 0.02108204923570156, -0.021146481856703758, -0.005934158805757761, -0.004993455950170755, -0.0008351958240382373, 0.005267290864139795, 0.00242907484062016, -0.0076738144271075726, 0.008324574679136276, -0.006739554926753044, -0.023749521002173424, -0.019793415442109108, 0.04304036870598793, 0.02659740298986435, 0.03863324224948883, 0.016004832461476326, -0.009129971265792847, -0.015592469833791256, -0.0134404506534338, -0.023169636726379395, -0.008176381699740887, -0.02494795061647892, -0.010895399376749992, -0.011211114004254341, -0.003746702801436186, 0.018453236669301987, -0.006497936323285103, -0.005312392953783274, 0.0030588945373892784, 0.008859357796609402, -0.015489378944039345, -0.006855532061308622, -0.003621061099693179, 0.006365851033478975, -0.001776703866198659, -0.04420014098286629, -0.007860666140913963, 0.02466445229947567, 0.004036645404994488, 0.008324574679136276, -0.02407168038189411, -0.020978959277272224, 0.01673935353755951, 0.00036122018354944885, -0.009793616831302643, -0.042292963713407516, -0.01231933943927288, 0.013350246474146843, 0.0018411355558782816, 0.0069586229510605335, 0.009671197272837162, 0.03453538566827774, 0.0008392228046432137, -0.003975435625761747, 0.009097754955291748, 0.0219067744910717, 0.0008303634240292013, -0.01594039984047413, 0.03677761182188988, -0.03737038001418114, -0.0012499748263508081, -0.039561059325933456, -0.0022051746491342783, -0.02331138588488102, -0.000506996875628829, 0.0018427463946864009, -0.012673714198172092, -0.02881385199725628, 0.00809262041002512, -0.003695157589390874, 0.01945837028324604, -0.011153126135468483, -0.006649350747466087, 0.015102788805961609, 0.009703412652015686, 0.015089902095496655, 0.03811778873205185, 0.008389006368815899, -0.0034696466755121946, -0.005231853574514389, 0.03865901380777359, 0.00548958033323288, -0.017409443855285645, 0.01480640284717083, 0.029123125597834587, -0.029509715735912323, -0.03371066227555275, -0.003466424997895956, 0.0068619754165410995, 0.04600422829389572, -0.0029364742804318666, -0.013414678163826466, -0.006810429971665144, 0.0003326286096125841, -0.02112070843577385, 0.007892882451415062, -0.013672404922544956, -0.0070745996199548244, 0.011140239425003529, -0.011114466935396194, -0.0010888956021517515, -0.017422329634428024, 0.02680358476936817, -0.03182925656437874, -0.020631028339266777, 0.01835014671087265, 0.0030991644598543644, 0.04036001116037369, -0.011075807735323906, -0.00021262458176352084, -0.03700956329703331, -0.00711970217525959, 0.001502063823863864, 0.0024435720406472683, 0.0010075506288558245, -0.015540923923254013, -0.0013732004445046186, 0.011140239425003529, 0.009941809810698032, 0.00412362813949585, 0.005073995795100927, 0.006707339081913233, 0.003923890180885792, 0.008131279610097408, 0.025321654975414276, -0.013943018391728401, -0.012821907177567482, 0.012976543046534061, 0.02060525491833687, 0.00719702010974288, 0.011043592356145382, -0.007648041937500238, 0.02438095211982727, 0.015579583123326302, -0.014278062619268894, -0.01383992750197649, -0.014007450081408024, -0.04252491518855095, 0.0015125339850783348, -0.004323366563767195, 0.005628108512610197, 0.020360413938760757, -0.025656700134277344, 0.0076609281823039055, 0.012924997135996819, 0.015566696412861347, -0.008073290809988976, 0.011578375473618507, 0.00017114667571149766, -0.005537903867661953, 0.03979301452636719, 0.024587133899331093, -0.011204671114683151, -0.0030250679701566696, -0.006572032812982798, -0.034380752593278885, -0.021868117153644562, 0.0009213731973432004, -0.02662317454814911, 0.010624785907566547, -0.00186529743950814, -0.0033955501858145, -0.004564985632896423, 0.007957314141094685, -0.0026288130320608616, -0.0027947246562689543, -0.0010768146021291614, -0.020656799897551537, -0.027576765045523643, -0.03324675187468529, -0.0073580993339419365, -0.012428873218595982, 0.004645525012165308, 0.01945837028324604, -0.017912009730935097, 0.010863183066248894, -0.008569414727389812, -0.016262559220194817, -0.012963656336069107, -0.025334540754556656, 0.02135266363620758, -0.041829053312540054, 0.02273150160908699, 0.017319239675998688, 0.0012805798323825002, -0.04249914363026619, 0.017151717096567154, 0.03536011278629303, 0.007912212051451206, 0.016288332641124725, 0.014058995060622692, -0.008595188148319721, -0.009181516245007515, 0.027860263362526894, 0.014574448578059673, -0.021288231015205383, -0.04471559450030327, 0.02793758176267147, -0.008820698596537113, 0.004697070457041264, 0.01094050146639347, 0.011829658411443233, 0.005070774350315332, 0.0030347327701747417, -0.018594985827803612, -0.020669687539339066, 0.0020553709473460913, -0.009426356293261051, -0.002208396326750517, 0.015077016316354275, -0.010856740176677704, 0.00041477903141640127, -0.014226517640054226, -0.005167421884834766, -0.010006241500377655, -0.003149098949506879, 0.008872243575751781, 0.022628409788012505, 0.011513943783938885, 0.03015403263270855, -0.03757656365633011, -0.007950871251523495, -0.005135206039994955, 0.010399275459349155, 0.003171649994328618, 0.015553810633718967, -0.007809121161699295, 0.023130977526307106, 0.011430182494223118, -0.021984092891216278, 0.022937683388590813, -0.015592469833791256, 0.013633745722472668, 0.007918654941022396, 0.00226155249401927, -0.013917245902121067, -0.016778012737631798, -0.017357897013425827, 0.008550085127353668, 0.013324473984539509, -0.022667068988084793, 5.516963574336842e-05, -0.0015761603135615587, -0.009432800114154816, -0.004874257370829582, -0.024264974519610405, 0.002546662697568536, 0.056029800325632095, 0.013311587274074554, 0.0032264168839901686, 0.020347528159618378, 0.0405404195189476, 0.010379945859313011, -0.011533273383975029, 0.02873653545975685, 0.006185442674905062, -0.023749521002173424, 0.0389682874083519, -0.048091813921928406, -0.0028349945787340403, -0.01694553531706333, 0.006932849995791912, -0.022834591567516327, -0.015051242895424366, 0.015089902095496655, -0.008111950010061264, -0.046133093535900116, 0.0011911808978766203, -0.0012314507039263844, 0.0065655894577503204, 0.002274438738822937, -0.005016007460653782, 0.03267975524067879, -0.0002961844438686967, 0.0023437028285115957, -0.01492237951606512, -0.044560957700014114, 0.013865699991583824, -0.03151998296380043, 0.0074676331132650375, 0.017048625275492668, -0.014149199239909649, 0.0032425248064100742, 0.03198389336466789, -0.017383670434355736, -0.0036661631893366575, -0.020076915621757507, -0.012841235846281052, -0.022525319829583168, 0.01027041207998991, -0.0010880902409553528, 0.005173864774405956, -0.009361924603581429, -0.029818987473845482, -0.01043793372809887, 0.01972898468375206, -0.00017668378131929785, -0.00023678646539337933, -0.005231853574514389, -0.0012773582711815834, -0.008369676768779755, 0.02469022385776043, -0.011952078901231289, -0.022847477346658707, -0.00026255915872752666, -0.018414577469229698, 0.0057795229367911816, 0.01697130687534809, -0.008846471086144447, 0.021816570311784744, 0.022293364629149437, 0.013543541543185711, -0.020360413938760757, 0.010379945859313011, -0.02551495097577572, 0.00956810638308525, 0.0011903755366802216, 0.02992207743227482, 0.008034631609916687, 0.00623054476454854, -0.0056893182918429375, 0.014973925426602364, 0.020141346380114555, 0.014896607026457787, -0.03237048164010048, -0.012506191618740559, 0.0006511628162115812, -0.02713862806558609, -0.017383670434355736, -0.005434813443571329, -0.021017618477344513, -0.007235678844153881, 0.015553810633718967, -0.010360616259276867, -0.006188664119690657, 0.03345293551683426, -0.014613107778131962, -0.027164401486516, -0.005508909467607737, 0.0047002919018268585, -0.02682935632765293, -0.0035566294100135565, 0.014342494308948517, 0.003443873953074217, -0.011339978314936161, -0.016507400199770927, -0.0028913721907883883, -0.005247961264103651, 0.02907157875597477, 0.012570623308420181, -0.0006813651416450739, 0.016829557716846466, -0.008930232375860214, -0.025579381734132767, -0.008273029699921608, -0.017473874613642693, 0.024458270519971848, 0.014381153509020805, 0.010805195197463036, 0.013749723322689533, 0.02277016080915928, 0.012834792956709862, -0.02579844929277897, 0.006346521899104118, -0.017177488654851913, -0.006111346185207367, 0.015244537964463234, -0.023388704285025597, -0.006591361947357655, -0.006681566592305899, 0.0030331218149513006, -0.0405404195189476, -0.01757696643471718, -0.009413470514118671, -0.004719621501863003, -0.03151998296380043, 0.008736937306821346, 0.0153605155646801, -0.002640088554471731, 0.015592469833791256, -0.029973622411489487, 0.004278264474123716, -0.0033987718634307384, -0.033272527158260345, 0.011913419701159, -0.012493304908275604, -0.007519178558140993, -0.01563112810254097, -0.005035336595028639, 0.006343299988657236, 0.019832074642181396, 0.01273170206695795, -0.0018636867171153426, 0.031107621267437935, 0.19216108322143555, -0.019857848063111305, -0.010856740176677704, 0.012242021970450878, -0.006939293351024389, 0.03938065096735954, 0.01782180555164814, -0.00101157755125314, -0.005837511271238327, 0.012293566949665546, -0.007235678844153881, -0.01831148751080036, -0.016533171758055687, 0.017460988834500313, 0.010779421776533127, -0.034690022468566895, -0.021301116794347763, -0.008028188720345497, -0.013775495812296867, -0.03600442782044411, 0.005908386316150427, -0.019780529662966728, 0.008479210548102856, -0.012164703570306301, 0.035772476345300674, -0.011513943783938885, 0.010547468438744545, -0.008073290809988976, 0.02324695512652397, 0.003158763749524951, -0.025012383237481117, 0.0005146481562405825, -0.0064850496128201485, 0.017190376296639442, 0.0001138628795160912, -0.0024870634078979492, -0.0086402902379632, -0.00329407025128603, 0.00595026696100831, 0.022976340726017952, 0.034638479351997375, 0.007706030271947384, -0.019819188863039017, -0.006063022185117006, 0.008801368996500969, 0.04610731825232506, 0.01083741057664156, -0.011262659914791584, 0.0018926810007542372, -0.004706735257059336, -0.046184636652469635, -0.008524312637746334, -0.013414678163826466, 0.013401792384684086, 0.013491996563971043, 0.014741971157491207, 0.008601631037890911, 0.008408335968852043, -0.023736635223031044, 0.013543541543185711, -0.014381153509020805, -0.01399456337094307, 0.005914829205721617, 0.0083567900583148, 0.005122319329530001, 0.013930131681263447, -0.005247961264103651, -0.01886560022830963, 0.003981878515332937, -0.010006241500377655, 0.01247397530823946, -0.027782944962382317, -0.013723950833082199, 0.007847780361771584, 0.0009849994676187634, -0.017873350530862808, 0.013827040791511536, 0.013247155584394932, 0.011314204894006252, 0.042292963713407516, -0.0031700392719358206, 0.005396154243499041, -0.027009764686226845, 0.010592570528388023, -0.014883721247315407, -0.04149400815367699, 0.031932346522808075, 0.0027689519338309765, -9.775495709618554e-05, -0.015553810633718967, -0.0044908891431987286, -0.009967583231627941, 0.0007723749149590731, 0.012248464860022068, 0.018182624131441116, 0.02635256201028824, 0.012242021970450878, 0.017705829814076424, 0.009890264831483364, -0.010309070348739624, -0.010257525369524956, 0.07577166706323624, 0.011623477563261986, 0.020631028339266777, -0.0007949260179884732, 0.010998490266501904, 0.002288935938850045, 0.011861874721944332, 0.012409543618559837, -0.013350246474146843, -0.020192893221974373, -0.012989428825676441, -0.013453337363898754, -0.014484244398772717, -0.015708446502685547, -0.0014199133729562163, -0.001115473685786128, -0.0016260948032140732, -0.005425148643553257, -0.009149299934506416, 0.017654282972216606, -0.01836303249001503, -0.01494815293699503, 0.0041783950291574, -0.016004832461476326, 0.0058761704713106155, -0.021043390035629272, 0.015695560723543167, -0.004487667232751846, -0.004629417322576046, 0.00865317601710558, -0.03909715265035629, 0.009619651362299919, 0.0012644719099625945, -0.013479109853506088, -0.010631228797137737, -0.0023018221836537123, -0.006294976454228163, -0.018466122448444366, -0.0069779520854353905, -0.015077016316354275, -0.024741770699620247, 0.01730635203421116, 0.00021524212206713855, -0.00915574375540018, -0.007364542223513126, 0.008556528948247433, -0.004719621501863003, -0.014883721247315407, -0.011120909824967384, -0.035824019461870193, -0.0031346017494797707, 0.004642303567379713, -0.021803684532642365, 0.004220275674015284, -0.006207993719726801, -0.01591462828218937, -0.01615946926176548, -0.012196918949484825, -0.002129467437043786, -0.03365911543369293, -0.000555320642888546, 0.017641397193074226, -0.009671197272837162, -0.013086076825857162, 0.025656700134277344, -0.15979059040546417, 0.014033222571015358, -0.008466324768960476, -0.02220316044986248, 0.006700896192342043, 0.0046874056570231915, 0.023723749443888664, -0.011913419701159, -0.0153605155646801, -0.0034470956306904554, 0.015038357116281986, -0.02935507893562317, -0.01275747548788786, -0.00030363435507752, 0.005160978529602289, -0.01276391837745905, -0.009245947934687138, 0.024496929720044136, 0.02767985500395298, 0.02217738889157772, 0.007306553889065981, -0.04499909281730652, 0.006456055678427219, -0.02333715930581093, -0.0172805804759264, -0.016829557716846466, 0.013350246474146843, -0.012087385170161724, -0.011455954983830452, -0.016326989978551865, -0.0189171452075243, -0.015721332281827927, 0.040411558002233505, -0.01027041207998991, 0.003917446825653315, 0.017448103055357933, -0.014162085950374603, -0.027319038286805153, -0.019638780504465103, 0.01067633181810379, -0.012886338867247105, 0.038555923849344254, -0.014780630357563496, 0.0051770866848528385, 0.0022277256939560175, 0.02606906183063984, 0.028066445142030716, -0.011874760501086712, -0.012242021970450878, 0.002770562656223774, 0.016017718240618706, -0.010624785907566547, 0.01246108952909708, 0.017125943675637245, -0.0008456659852527082, -0.0046068658120930195, -0.007190576754510403, 0.018002213910222054, 0.012924997135996819, -0.0020779219921678305, 0.0027351253665983677, -0.017164602875709534, 0.009696969762444496, 0.003695157589390874, 0.03157152980566025, -0.004829155281186104, 0.009812946431338787, -0.014870834536850452, -0.02189388871192932, 0.015811536461114883, 0.0037595892790704966, -0.015399174764752388, 0.008724051527678967, -0.013376018963754177, 0.028994262218475342, 0.004088190849870443, -0.022808820009231567, 0.004223497584462166, -0.03507661446928978, -0.002970301080495119, -0.01399456337094307, 0.006420617923140526, -0.04347850754857063, -0.027061311528086662, 0.007957314141094685, 0.013582200743258, 0.0016003221971914172, 0.015592469833791256, 0.006797543726861477, -0.004307258408516645, 0.00807973463088274, -0.03144266456365585, 0.01949702948331833, -0.0020215443801134825, -0.012261350639164448, 0.04543722793459892, 0.0023388704285025597, -0.00019480519404169172, 0.01302808802574873, -0.019806303083896637, 0.00016107922419905663, -0.008137722499668598, -0.023105204105377197, -0.000902043713722378, 0.015979059040546417, 0.009407026693224907, -0.022899024188518524, -0.002462901407852769, 0.018002213910222054, -0.020463505759835243, 0.011056478135287762, 0.011629920452833176, 0.006201550364494324, 0.028865398839116096, -0.010618343017995358, 0.012010067701339722, 0.0034986408427357674, -0.007235678844153881, 0.012196918949484825, -0.007396758068352938, 0.08247256278991699, -0.0037692540790885687, -0.012751031666994095, 0.013749723322689533, 0.008118392899632454, 0.009735628962516785, -0.11257505416870117, -0.01618524082005024, -0.01368529163300991, 0.014265176840126514, 0.008215040899813175, 0.01833725906908512, -0.004829155281186104, 0.018968690186738968, -0.008446995168924332, 0.005144870840013027, -0.044277459383010864, -0.04363314062356949, -0.008331017568707466, -0.026906674727797508, 0.009175073355436325, -0.009187959134578705, -0.004693849012255669, -0.013195610605180264, -0.014986811205744743, 0.035205475986003876, 0.006088795140385628, 0.004829155281186104, 0.013234269805252552, -0.02855612523853779, -0.03502506762742996, 0.019561462104320526, -0.003298902651295066, 0.003076613415032625, 0.009252390824258327, 0.015025470405817032, -0.012022953480482101, -0.011952078901231289, 0.016558945178985596, 0.0156440157443285, 0.015824424102902412, 0.0041107418946921825, 0.010992046445608139, -0.01887848600745201, 0.01590174250304699, 0.008414778858423233, 0.0022148394491523504, 0.012641497887670994, -0.009523004293441772, -0.012435317039489746, 0.013736836612224579, -0.021017618477344513, -0.01920064352452755, 0.0007151917670853436, -0.02822108194231987, 0.0002245041832793504, -0.0030894996598362923, 0.012538406997919083, -0.014625994488596916, -0.037421926856040955, 0.004052753560245037, -0.015412060543894768, 0.014200745150446892, 0.017074398696422577, -0.025141246616840363, 0.012570623308420181, -0.0020698681473731995, -0.020205779001116753, -0.002603040309622884, 0.023504681885242462, 0.01811819151043892, -0.02167482115328312, -0.03316943347454071, -0.015540923923254013, -0.01083096768707037, 0.006945736240595579, 0.0024000804405659437, -0.000864190049469471, 0.0010462095960974693, -0.009104197844862938, -0.006117789074778557, 0.026172153651714325, 0.014084767550230026, -0.01287989504635334, -0.00036142152384854853, -0.009928924031555653, -0.008794926106929779, -0.0015898520359769464, 0.01221624854952097, -0.011584818363189697, 0.033865299075841904, 0.00824081338942051, 0.025025269016623497, -0.0022534984163939953, 0.01777026057243347, -0.01327292900532484, -0.0006221685325726867, 0.012364441528916359, 0.021829457953572273, -0.009812946431338787, -0.017100170254707336, 0.008814255706965923, 0.0016438135644420981, -0.009136414155364037, 0.01833725906908512, 0.03747347369790077, -0.01947125792503357, -0.04185482859611511, -0.025038154795765877, 0.012126044370234013, 0.0038562368135899305, 0.010566797107458115, -0.005760193336755037, 0.008318131789565086, -0.0050997682847082615, -0.0031297693494707346, 0.01043149083852768, 0.027499446645379066, -0.02052793651819229, 0.00457787187770009, 0.028375716879963875, -0.0033504480961710215, -0.031700391322374344, -0.006849088706076145, 0.02987053245306015, 0.013569314032793045, 0.023646431043744087, 0.019922278821468353, 0.006997281685471535, 0.006707339081913233, 0.010354173369705677, 0.0422414168715477, -0.021584616973996162, -0.01694553531706333, -0.002045706147328019, 0.003331118496134877, 0.008073290809988976, 0.010547468438744545, -0.01383992750197649, -0.022628409788012505, 0.009561663493514061, 0.021584616973996162, 0.0011895701754838228, 0.005631329957395792, 0.020218664780259132, 0.015721332281827927, 0.037189971655607224, 0.07010167837142944, -0.0123064536601305, -0.027886036783456802, 0.02386549860239029, -0.04814336076378822, -0.009767844341695309, -0.007622268982231617, -0.04252491518855095, -0.005396154243499041, 0.022641297429800034, -0.019857848063111305, 0.021146481856703758, 0.0014682371402159333, 0.0066751232370734215, -0.021803684532642365, 0.0010607066797092557, -0.028040671721100807, 0.009355481714010239, -0.023118091747164726, 0.022112956270575523, -0.007744689472019672, 0.025566495954990387, 0.020669687539339066, 0.0008021745597943664, 0.003171649994328618, -0.010772978886961937, -0.013582200743258, -0.00412362813949585, 0.013491996563971043, -0.00411718524992466, -0.0087498240172863, -0.026249472051858902, 0.019548576325178146, 0.011836102232336998, -0.0013844759669154882, 0.02796335518360138, 0.00574730709195137, 0.013479109853506088, -0.009961139410734177, 0.009787173941731453, 0.008537199348211288, 0.027499446645379066, -0.0027335146442055702, -0.021790798753499985, 0.036287929862737656, 0.027525218203663826, 0.03487043082714081, -0.034973520785570145, 0.012796133756637573, 0.002640088554471731, -0.010895399376749992, -0.008105507120490074, 0.009329709224402905, -0.005624886602163315, 0.026726266369223595, 0.011475284583866596, -0.004690627101808786, 0.007525621447712183, 0.015811536461114883, 0.019587233662605286, 0.02194543369114399, -0.0017267693765461445, 0.015734219923615456, -0.02030886895954609, -0.021314004436135292, -0.014999697916209698, 0.010115775279700756, -0.020708346739411354, -0.01425229012966156, -0.011816772632300854, 0.02279593236744404, 0.016546059399843216, 0.007106815464794636, 0.024329407140612602, -0.0038465720135718584, -0.01722903363406658, -0.000853719946462661, 0.00017044195556081831, 0.009026880376040936, -0.014638880267739296, 0.007042383775115013, 0.03041175939142704, 0.013607973232865334, 0.015154333785176277, 0.025579381734132767, 0.016533171758055687, 0.00331823225133121, 0.017383670434355736, -0.03693224489688873, -0.003173260949552059, -0.00030886943568475544, 0.016533171758055687, -0.013814155012369156, -0.02770562842488289, 0.004829155281186104, -0.027344809845089912, -0.033994160592556, 0.00534783024340868, 0.007718916516751051, 0.0008907681331038475, 0.10541024804115295, 0.03572092950344086, 0.009142857044935226, 0.005148092284798622, 0.005173864774405956, -0.0038111344911158085, -0.004059196449816227, 0.007815564051270485, -0.0009366757003590465, -0.00202315510250628, 0.017692942172288895, -0.02137843519449234, 0.0009817779064178467, -0.028040671721100807, -0.036880701780319214, 0.010367059148848057, -0.006420617923140526, 0.013582200743258, -0.012738145887851715, 0.0024741769302636385, 0.024806201457977295, -0.009368368424475193, 0.013453337363898754, -0.00987093523144722, -0.02220316044986248, -0.00782845076173544, 0.012647940777242184, 0.0068813045509159565, -0.005563676822930574, -0.026236584410071373, 0.012448202818632126, -0.008466324768960476, -0.02984475903213024, -0.007789791561663151, 0.013491996563971043, -0.02243511565029621, -0.013111849315464497, -0.025308769196271896, -0.008073290809988976, 0.008524312637746334, -0.008530756458640099, 0.010102889500558376, -0.022525319829583168, -0.020502164959907532, -0.011198228225111961, -0.014883721247315407, 0.0034309877082705498, -0.036880701780319214, -0.004977348260581493]"
"Las actividades avanzadas de la vida diaria son aquellas que presentan un mayor grado de complejidad y están relacionadas con la participación social, como organizar una fiesta, salidas con los amigos, o planificar viajes. Por ejemplo: La señora RPS trabajó como asistente de gerencia antes de jubilarse a los 60 años de edad, y luego de ello se mantuvo activa y siempre organizó los viajes familiares, incluso en los dos últimos años, ella estuvo en la comisión de viajes de promoción de colegio de uno de sus nietos que vivía con ella. Ella y esposo fueron invitados por uno de sus hijos que vive en Estados Unidos para visitar a los otros nietos; pero no pudieron viajar debido a que sus pasaportes y visas estaban vencidas (ver figura 23). La dificultad para completar todos los procesos de llevar a cabo un viaje de vacaciones por problemas disejecutivos (realizó todos los procesos, excepto la verificación de estado actual de pasaporte y visas) que se relacionan con las actividades avanzadas de vida diaria. Por ejemplo: La señora MAB trabajó como secretaría del despacho parroquial de su comunidad en los últimos 15 años, organizando todas las actividades afines, entre ellas el proceso de primera comunión para los niños de los colegios públicos; sin embargo en el último año no se encuentra registro adecuado del seguimiento de las actividades previas para estas actividades, o de las reservas con proveedores de las túnicas, la compra de recuerdos, de flores y mesa de bocaditos para la ceremonia de primera comunión, por lo que ha tenido algunos problemas con los padres de familia quienes la han acusado con el sacerdote encargado (ver figura 24).","[-0.006977976765483618, -0.01761365495622158, 0.024119235575199127, -0.02595483511686325, -0.011310530826449394, 0.014023439027369022, -0.025225993245840073, 0.004180712625384331, -0.02214866504073143, -0.03714389353990555, 0.008563880808651447, 0.026697173714637756, -0.010520953685045242, 0.00816571805626154, -0.013355335220694542, 0.003391134785488248, 0.023349903523921967, -0.019651710987091064, 0.022135168313980103, -0.032015010714530945, -0.019584225490689278, 0.015427133068442345, 0.012612996622920036, -0.023093460127711296, -0.017087269574403763, 0.01602100394666195, 0.005628271494060755, -0.013942456804215908, 0.006205270532518625, -0.02492905966937542, 0.026562202721834183, -0.009873094968497753, 0.0014517768286168575, -0.0007516171899624169, 0.0036981927696615458, -0.034066565334796906, -0.005226734094321728, -0.028262831270694733, -0.004514764528721571, 0.020879942923784256, 0.018531454727053642, 0.02646772377192974, -0.005392073187977076, 0.010237515904009342, 5.952411811449565e-05, 0.0402752086520195, -0.034174539148807526, -0.017897093668580055, -0.022135168313980103, 0.02950455993413925, -0.003234231611713767, 0.007139941677451134, -0.03935740888118744, 0.000291662901872769, 0.011830167844891548, -0.012491523288190365, -0.0025998700875788927, 0.017640650272369385, 0.006556193809956312, -0.02008361555635929, -0.027695955708622932, -0.011809921823441982, -0.02580636739730835, 0.027992889285087585, 0.0032426672987639904, 0.019125325605273247, -0.011911150068044662, -0.018099550157785416, 0.02847878448665142, 0.013179873116314411, 0.027372024953365326, -0.004551881458610296, -0.012700728140771389, -0.00016776417032815516, 0.022850511595606804, -0.016398919746279716, 0.0049399216659367085, 0.0033759507350623608, 0.011081080883741379, 0.005911709740757942, -0.009859598241746426, -0.03295980766415596, -0.016088487580418587, -0.000901771942153573, 0.01140501070767641, 0.02648122049868107, -0.010932614095509052, 0.0024075370747596025, -0.015022221021354198, 0.005213236901909113, -0.01720874384045601, 0.018167033791542053, 0.02368732914328575, 0.0451071560382843, -0.018733911216259003, 0.014198901131749153, 0.005527043715119362, 0.0005441000103019178, -0.0032578513491898775, -0.023565856739878654, -0.02874872460961342, 0.008408664725720882, -0.027776937931776047, 0.0037859235890209675, -0.02158178947865963, -0.0024665866512805223, -0.007632583845406771, 0.010520953685045242, 0.002319806255400181, -0.03312177211046219, -0.035146329551935196, 0.013834480196237564, 0.023835796862840652, -0.01168844848871231, -0.01046021655201912, -0.0019671956542879343, 0.018207525834441185, -0.004258320666849613, 0.0041435956954956055, -0.04753662273287773, 0.0056012775748968124, -0.012619745917618275, 0.03390460088849068, -0.0148872509598732, 0.006866626441478729, -0.02801988460123539, 0.017951082438230515, 0.00475096283480525, -0.01403693575412035, 0.0031279423274099827, -0.028154853731393814, 0.00230462197214365, -0.014563321135938168, -0.00012906557822134346, -0.008638114668428898, -0.0015875910175964236, -0.005611400119960308, 0.012727721594274044, -0.0031853048130869865, -0.02961253561079502, 0.006016311701387167, 0.011803173460066319, -0.036334067583084106, -0.021959707140922546, 0.016007505357265472, 0.0046429866924881935, 0.02745300717651844, 2.660857262526406e-06, 0.013044903054833412, 0.017141258344054222, 0.020690983161330223, -0.007430128287523985, -0.0037724266294389963, -0.002307996153831482, -0.008368173614144325, 0.020475031808018684, 0.00942769180983305, 0.010912368074059486, -0.026818646118044853, -0.020488528534770012, 0.021338842809200287, 0.005780113395303488, 0.01854495145380497, 0.004578875377774239, 0.0012248576385900378, 0.029747506603598595, -0.012498271651566029, 0.037629786878824234, 0.011647957377135754, -0.011843664571642876, -0.014657801017165184, 0.005213236901909113, -0.020947428420186043, 0.025968331843614578, 0.020785463973879814, -0.004690226167440414, -0.007382888346910477, -0.014171906746923923, -0.0436764657497406, -0.03285183012485504, 0.011499489657580853, -0.013092142529785633, 0.033553674817085266, 0.019395265728235245, -0.039330415427684784, 0.007821543142199516, 0.015791554003953934, 0.028289824724197388, 0.003138065105304122, 0.0030486469622701406, -0.010615432634949684, 0.015062712132930756, 0.0019182688556611538, -0.0012349804164841771, -0.6318780779838562, 0.0023839171044528484, 0.0029744133353233337, -0.039627350866794586, 0.01637192629277706, 0.032473910599946976, 0.0038162919227033854, 0.012889686971902847, -0.017681140452623367, -0.0646238923072815, 0.011796425096690655, 0.009859598241746426, -0.004508016165345907, 0.0004504641692619771, 0.010035059414803982, -0.025927841663360596, 0.014050433412194252, -0.008874312974512577, 0.01585903763771057, 0.027466505765914917, -0.004410162568092346, -0.0031583106610924006, -0.00424819765612483, 0.02266155369579792, -0.0010181840043514967, 0.01423939224332571, 0.02549593523144722, -0.039330415427684784, 0.0003154936421196908, 0.008813575841486454, -0.0016331435181200504, 0.0037015669513493776, 0.016034500673413277, 0.026764657348394394, 0.05701155588030815, -0.03266287222504616, 0.009049775078892708, 0.04173289239406586, 0.011776180006563663, 0.031745072454214096, 0.006330118514597416, 0.004292062949389219, -0.006255884654819965, 0.006475211586803198, 0.02754748798906803, -0.006346989423036575, 0.0218382328748703, -0.008374921977519989, -0.003222421742975712, 0.011000098660588264, 0.014846759848296642, -0.012626494280993938, -0.03735984489321709, 0.0027297791093587875, 0.0011160376016050577, 0.009927082806825638, 0.0003041054878849536, -0.01977318339049816, -0.011587221175432205, -0.007571847178041935, -0.008307436481118202, -0.005246979650110006, -0.008692102506756783, -0.007882279343903065, -0.020461533218622208, 0.034633439034223557, -0.018261514604091644, 0.01797807589173317, 0.0037589294370263815, -0.012194587849080563, -0.011674951761960983, 0.019327782094478607, -0.024456661194562912, 0.006454966031014919, 0.03652302920818329, -0.015872536227107048, 0.028964677825570107, 0.028235837817192078, -0.031340159475803375, 0.019759686663746834, 0.007889027707278728, -0.016857819631695747, -0.024281200021505356, 0.008273693732917309, 0.01741120032966137, -0.013274352997541428, -0.051693715155124664, 0.012370049953460693, 0.019354775547981262, 0.023511867970228195, 0.003455245867371559, 0.006772147025913, -0.0008654986158944666, 0.00511200912296772, -0.002358610276132822, -0.0006082109757699072, -0.003122880822047591, 0.002847878495231271, 0.015832044184207916, -0.005435938481241465, 0.0021629028487950563, -0.00499390996992588, 0.006566316820681095, 0.016857819631695747, 0.0005014999187551439, 0.0067991409450769424, -0.02507752552628517, 0.005270599387586117, 0.04610593616962433, -0.02498304657638073, -0.017951082438230515, 0.013065148144960403, 0.014104421250522137, -0.01452283002436161, -0.01973269321024418, -0.024956053122878075, 0.0008730906993150711, -0.0040896073915064335, 0.008692102506756783, -0.01449583563953638, 0.0034653686452656984, 0.0028006387874484062, 0.015022221021354198, -0.027493499219417572, 0.012343055568635464, 0.01894986443221569, 0.0007668013568036258, -0.009657141752541065, -0.0036307075060904026, -0.0269401203840971, -0.00441691093146801, -0.01647990383207798, 0.003357392270117998, -0.011006847955286503, 0.034174539148807526, 0.006782269570976496, 0.01210010889917612, 0.012181091122329235, -0.0012214833404868841, -0.022283636033535004, -0.01997563987970352, -0.01797807589173317, -0.005125506315380335, 0.006640550680458546, 0.017600158229470253, -0.0433795303106308, -0.009515423327684402, 0.0072006783448159695, -0.02147381380200386, -0.0038129177410155535, 0.007531356066465378, -0.02436218224465847, 0.0008001222158782184, 0.03198801726102829, 0.016493400558829308, 0.001153998076915741, -0.014671297743916512, -0.006569691002368927, -0.03363465890288353, 0.007234421093016863, -0.007693320978432894, 0.007747308816760778, -0.026980610564351082, 0.004815074149519205, -0.013193369843065739, -0.0013868223177269101, -0.012255324982106686, 0.018841886892914772, -0.004450653679668903, -0.0405721440911293, 0.009697632864117622, -0.006893620360642672, -0.003971508238464594, 0.022216150537133217, 0.006755275651812553, 0.016034500673413277, 0.003873654408380389, 0.00590833555907011, 0.00981235783547163, 0.015332653187215328, -0.019746189936995506, -0.003995127975940704, -0.0008414569892920554, -0.01019702386111021, 0.0010763900354504585, -0.0023400518111884594, -0.02374131791293621, 0.0019536984618753195, 0.0035497252829372883, 0.02313395030796528, 0.035767193883657455, 0.03290581703186035, 0.007268163375556469, -0.014819765463471413, -0.013645521365106106, -0.016358429566025734, -0.008307436481118202, -0.012329558841884136, -0.0005289157852530479, 0.011627712287008762, 0.0188553836196661, -0.028262831270694733, 0.005520294886082411, -0.006110791116952896, 0.003085763892158866, -0.009650393389165401, 0.012478026561439037, -0.005530417896807194, 0.04456727206707001, 0.0060365572571754456, 0.006330118514597416, -0.01612897962331772, -0.004754337482154369, -0.0012316062347963452, -0.0047340914607048035, 0.027803931385278702, 5.7889708841685206e-05, 0.02137933298945427, 0.009036277420818806, -0.004396665375679731, -0.004265069030225277, 0.0013733252417296171, 0.01751917600631714, -0.02344438247382641, -0.01770813576877117, 0.006299749948084354, 0.002540820511057973, 0.011445501819252968, -0.012059617787599564, 0.0020650492515414953, -0.025630906224250793, 0.0016036187298595905, -0.008158968761563301, 0.042515721172094345, 0.0062896269373595715, 0.020016131922602654, -0.008091484196484089, -0.010952859185636044, 0.02394377440214157, -0.023970767855644226, 0.008766336366534233, 0.004629489500075579, 0.009211739525198936, 0.011782928369939327, 0.0032021759543567896, -0.007220923900604248, 0.03552424535155296, 0.013692760840058327, -0.0020110609475523233, 0.02348487451672554, -0.006623679306358099, 0.009198241867125034, -0.018774401396512985, -0.02081245742738247, -0.008192711509764194, 0.005823978688567877, 0.02533397078514099, 0.004804951138794422, 0.04346051439642906, 0.01607499085366726, 0.009447937831282616, 0.020407546311616898, 0.0021848357282578945, 0.0007402290357276797, -0.021622279658913612, -0.009623399935662746, 0.018760904669761658, -0.033094774931669235, -0.0034619944635778666, -0.010035059414803982, -0.008091484196484089, -0.03390460088849068, -0.0005251197726465762, -0.02240511029958725, 0.004427033942192793, -0.002820884343236685, -0.015103203244507313, -0.009022780694067478, -0.012147348374128342, 0.017451690509915352, -0.02271554246544838, -0.0156025942414999, 0.03455245867371559, 0.015427133068442345, 0.0022556951735168695, -0.008665109053254128, -0.0032021759543567896, 0.005047898273915052, -0.006114165298640728, 0.012639991007745266, -0.03339171037077904, -0.004977038595825434, -0.025738881900906563, -0.006309872958809137, -0.005618148948997259, 0.02101491391658783, 0.029126642271876335, -0.0018575320718809962, -0.01323386188596487, -0.010433223098516464, 0.0025323848240077496, -0.025414953008294106, -0.014171906746923923, -0.02044803649187088, 0.024146229028701782, 0.02796589583158493, -0.031799059361219406, -0.0048926821909844875, -0.03212298825383186, -0.017735129222273827, -0.0073963855393230915, 0.0030368370935320854, -0.007079205010086298, 0.006424597930163145, 0.018706917762756348, -0.0011219426523894072, -0.011796425096690655, 0.011695196852087975, 0.034120552241802216, 0.003181930398568511, 0.009076768532395363, -0.02426770329475403, 0.008739342913031578, -0.004457402043044567, 0.03906047344207764, 0.008509892970323563, -0.024227211251854897, 0.006434720475226641, 0.007524607703089714, -0.024591632187366486, -0.03493037447333336, 0.01087187696248293, 0.02152780070900917, 0.013240610249340534, 0.0039377654902637005, -0.0010662672575563192, 0.0422457791864872, 0.006853129249066114, 0.02220265381038189, 0.02079896070063114, 0.007187181152403355, -0.019381769001483917, -0.005101886577904224, 0.02487507089972496, 0.011992132291197777, -0.033553674817085266, -0.006772147025913, 0.020380550995469093, 0.002151092980057001, -0.0043393028900027275, 0.014333871193230152, 0.0002956698299385607, 0.013861474581062794, -0.023700827732682228, 0.014455344527959824, 0.031907036900520325, 0.005223359912633896, 0.016182968392968178, 0.004474273417145014, 0.009508674964308739, 0.0015766245778650045, 0.010426473803818226, 0.024078743532299995, -0.013362083584070206, 0.024632124230265617, 0.011162064038217068, 0.011135069653391838, -0.03843960911035538, -0.00446752505376935, -0.024888567626476288, -0.011013596318662167, 0.017640650272369385, -0.008300688117742538, -0.011344273574650288, 0.020434539765119553, -0.006087171379476786, -0.013375580310821533, -0.012727721594274044, 0.01647990383207798, 0.01977318339049816, 0.027574481442570686, -0.012997662648558617, -0.010190275497734547, -0.009272475726902485, -0.01039948035031557, -0.019179314374923706, -0.003332085208967328, -0.018733911216259003, -0.00249695498496294, -0.011803173460066319, -0.0025222620461136103, 0.022189157083630562, -0.020070118829607964, 0.027264049276709557, -0.006917240098118782, 0.0030368370935320854, -0.03903347998857498, -0.00031465006759390235, 0.003623958909884095, -0.0035024855751544237, 0.0030047816690057516, -0.02024558186531067, 0.003053708467632532, 0.004551881458610296, 0.0009658829076215625, -0.011162064038217068, -0.019894657656550407, -0.0151706887409091, -0.006023060530424118, -0.010473714210093021, -0.004771208390593529, -0.03509233891963959, -0.019908154383301735, -0.011013596318662167, -0.010689666494727135, 0.006870000623166561, -0.010601935908198357, 0.019246799871325493, -0.00813872367143631, 0.005122132133692503, 0.007403133902698755, 0.02847878448665142, 0.011013596318662167, -0.016142476350069046, 0.012113605625927448, -0.028316820040345192, -0.007652829401195049, -0.03436350077390671, -0.005759867839515209, 0.0015175750013440847, -0.01940876431763172, 0.0017529298784211278, -0.02256707474589348, -0.022013695910573006, 0.028775719925761223, -0.018517958000302315, 0.017397701740264893, 0.01565658301115036, -0.020636996254324913, 0.04162491485476494, 0.005560786463320255, -0.006465089041739702, 0.05253053456544876, 0.00028111832216382027, 0.0005740465712733567, -0.0064414688386023045, 0.0445132851600647, 0.018882378935813904, -0.036496035754680634, 0.00890805572271347, 0.022648056969046593, -0.04221878573298454, -0.007072456181049347, 0.005172745790332556, 0.02652171067893505, 0.0013277727412059903, -0.01673634722828865, -0.013564539141952991, -0.01226207334548235, -0.010453468188643456, 0.004113227128982544, 0.024537643417716026, 0.0034063190687447786, -0.008442407473921776, -0.009657141752541065, 0.009657141752541065, -0.002596495673060417, -0.009663891047239304, 0.02874872460961342, -0.03293281048536301, -0.0218382328748703, 0.011351022869348526, -0.01699279062449932, 0.05517595633864403, -0.0005107791512273252, -0.02915363572537899, -0.014428351074457169, -0.013449814170598984, -0.0031161324586719275, 0.011836916208267212, -0.00636048661544919, -0.006380732171237469, 0.009211739525198936, 0.018355993553996086, 0.033661652356386185, -0.02874872460961342, -0.01770813576877117, -0.0021207246463745832, 0.007794548757374287, -0.0029136764351278543, -0.010838134214282036, -0.008226454257965088, -0.020717978477478027, 0.024497153237462044, 0.035443264991045, 0.005854347255080938, -0.006724907085299492, -0.027372024953365326, 0.008644863031804562, 0.020110610872507095, -0.014347368851304054, -0.02281002141535282, -0.02333640679717064, -0.04340652748942375, 0.011573723517358303, 0.0030486469622701406, 0.0001052348452503793, 0.005209862720221281, -0.0394383929669857, 0.0005883871926926076, 0.00852338969707489, 0.030881259590387344, -0.0016888189129531384, -0.006373983807861805, 0.009663891047239304, -0.026035817340016365, 0.03395858779549599, 0.006390855181962252, -0.003426564624533057, -0.004305560141801834, -0.019287290051579475, -0.05509497597813606, -0.012343055568635464, 0.016776837408542633, -0.007180432789027691, -0.013355335220694542, -0.009231984615325928, -0.00018695529433898628, 0.004470899235457182, 0.0016061494825407863, 0.009468182921409607, 0.017262732610106468, 0.021608782932162285, -0.025617407634854317, 0.001429844181984663, -0.030989235267043114, -0.0021443443838506937, -0.020677486434578896, -0.0008865877171047032, 0.014158410020172596, -0.025360964238643646, 0.03163709491491318, -0.02503703534603119, -0.022189157083630562, 0.004342677071690559, -0.02245909720659256, 0.03503835201263428, -0.03506534546613693, 0.040464166551828384, 0.015049215406179428, -0.007909273728728294, -0.00046185232349671423, 0.002679165219888091, 0.027533989399671555, 0.019449254497885704, 0.0072006783448159695, 0.012619745917618275, -0.009346709586679935, -0.006738404277712107, 0.012586003169417381, 0.017654146999120712, -0.022162161767482758, -0.04872436448931694, 0.02420021779835224, -0.005658640060573816, 0.031799059361219406, 0.012005629949271679, -0.0004403413913678378, -0.004804951138794422, 0.02132534608244896, 0.005557411815971136, 0.0021966455969959497, 0.03673898056149483, -0.018207525834441185, -0.0017596783582121134, 0.002026245230808854, -0.02152780070900917, 0.009670639410614967, -0.015953518450260162, -0.028370806947350502, 0.00039099279092624784, -0.011884155683219433, 0.01710076816380024, 0.010244264267385006, -0.0050445240922272205, 0.009711130522191525, -0.014320374466478825, 0.022418607026338577, -0.006701287347823381, 0.025711888447403908, 0.004052490461617708, 0.007349146064370871, 0.010588439181447029, 0.021298350766301155, 0.017991572618484497, -0.029990453273057938, 0.004403413739055395, 0.012019126676023006, 0.012916680425405502, 0.007868782617151737, 0.0014121292624622583, 0.0011582159204408526, -0.022958489134907722, -0.012545512057840824, -0.006333492696285248, 0.018302004784345627, -0.020461533218622208, 0.0037859235890209675, 0.00998781993985176, -0.04221878573298454, 0.008509892970323563, -0.0007166092400439084, 0.009231984615325928, 0.0635441318154335, -0.010203773155808449, -0.03358067199587822, 0.0067519014701247215, 0.019152319058775902, -0.025198999792337418, 0.002483458025380969, -0.0036442044656723738, -0.0022185782436281443, -0.027264049276709557, 0.02478059194982052, -0.06494782119989395, -0.014401356689631939, -0.005844224244356155, 0.005726125091314316, -0.01750567927956581, -0.0030351500026881695, 0.028910689055919647, -0.012612996622920036, -0.047671593725681305, -0.008226454257965088, -0.005749744828790426, 0.006384106352925301, -0.011843664571642876, -0.010237515904009342, 0.002523949136957526, -0.009906837716698647, -0.025172006338834763, -0.01664186827838421, -0.01951673999428749, 0.007052210625261068, -0.016803832724690437, 0.016965797170996666, 0.016290944069623947, -0.009677387773990631, 0.02039404772222042, 0.019138822332024574, -0.012586003169417381, 0.0008254292188212276, -0.019705699756741524, -0.006708035711199045, -0.016830826178193092, 0.01880139671266079, 0.0022033939603716135, 0.0014678046572953463, -0.010055305436253548, -0.00047956721391528845, -0.01953023672103882, 0.025968331843614578, 0.0010637366212904453, -0.02307996153831482, 0.005769990384578705, 0.026049314066767693, 0.017694637179374695, 0.012950423173606396, -0.0049837869592010975, -0.009339961223304272, 0.004356174264103174, -0.00310938386246562, -0.013179873116314411, 0.004977038595825434, -0.0063436152413487434, 0.04130098596215248, 0.02286401018500328, -0.00703196506947279, 0.011708694510161877, -0.008921552449464798, -0.03625308722257614, 0.006498831324279308, 0.01611548289656639, 0.011917898431420326, 0.028883695602416992, -0.009130757302045822, 0.010001316666603088, 0.011458998546004295, 0.0049466704949736595, 0.034633439034223557, -0.02514501102268696, -0.011843664571642876, 0.005321213509887457, -0.007207426708191633, 0.004923050291836262, -0.0185854434967041, -0.04213780164718628, 0.010473714210093021, 0.012289067730307579, -0.014306876808404922, -0.012525266036391258, 0.024078743532299995, -0.027372024953365326, -0.02297198586165905, 0.006397603545337915, 0.024240709841251373, -0.021311847493052483, 0.005371827632188797, 0.04508015885949135, -0.017951082438230515, -0.007166935596615076, 0.009252230636775494, -0.015899529680609703, -0.0050445240922272205, 0.0051356288604438305, -0.011114823631942272, -0.0019115202594548464, -0.004150344058871269, 0.023727821186184883, -0.01454982440918684, -0.014009942300617695, -0.02586035616695881, 0.027533989399671555, 0.008773084729909897, 0.03074628859758377, 0.029639530926942825, 0.0185854434967041, 0.015130197629332542, -0.00636048661544919, -0.0009372016647830606, -0.027695955708622932, -0.026656681671738625, 0.0028175099287182093, -0.012140600010752678, -0.0017596783582121134, -0.031016230583190918, 0.0161694698035717, -0.021514303982257843, -0.01946275122463703, -0.008199459873139858, 0.01380073744803667, -0.029396584257483482, -0.0010114355245605111, 0.0005441000103019178, 0.0028799339197576046, 0.019894657656550407, 0.004511390347033739, 0.00657981401309371, 0.015184185467660427, -0.0275069959461689, 0.016722850501537323, 0.004811699967831373, -0.0076460810378193855, -0.0007959044305607677, -0.014617309905588627, -0.004551881458610296, 0.016263950616121292, 0.013915462419390678, -0.005739622283726931, 0.027533989399671555, 0.18744708597660065, -0.013699510134756565, -0.010770648717880249, 0.025927841663360596, -0.018841886892914772, 0.04175988584756851, 0.023012477904558182, -0.006660796236246824, -0.00019602362590376288, 0.027021102607250214, -0.025630906224250793, -0.01724923588335514, 0.002210142556577921, 0.017438193783164024, 0.004761085845530033, -0.03223096579313278, -0.010615432634949684, -0.01704677939414978, 0.009900089353322983, -0.038763538002967834, 0.015643086284399033, -0.007180432789027691, 0.01669585518538952, 0.0036205847281962633, 0.04157092794775963, 0.002194958506152034, 0.01534615084528923, -0.0007625835714861751, 0.026130296289920807, 0.0012611310230568051, -0.0032004888635128736, -0.0049466704949736595, -0.0052975937724113464, 0.0156025942414999, 0.0009000847931019962, 0.0019520114874467254, -0.001806918065994978, -0.013389077968895435, 0.010264509357511997, 0.010547948069870472, 0.015076208859682083, 0.017573164775967598, 0.012478026561439037, -0.033715639263391495, 0.016506897285580635, 0.054258156567811966, -0.000395843293517828, -0.019098332151770592, 0.009049775078892708, -0.01025101263076067, -0.034633439034223557, -0.01053445041179657, -0.01035224087536335, 0.012936926446855068, 0.01997563987970352, 0.011202555149793625, 0.002365358639508486, 0.0057531194761395454, -0.02683214284479618, 0.012930178083479404, -0.0004774582921527326, 0.005071518011391163, -0.027803931385278702, -0.008516641333699226, 0.02909964881837368, -0.005219985730946064, -0.0011143505107611418, -0.023916779085993767, -0.0027871415950357914, -0.0019098331686109304, 0.003944513853639364, -0.015359647572040558, -0.011458998546004295, -0.003328711027279496, -0.014927742071449757, -0.01192464679479599, 0.036442045122385025, 0.027466505765914917, 0.026764657348394394, 0.03779175132513046, -0.009549166075885296, 0.007376139983534813, -0.017073772847652435, -0.023039471358060837, 0.02642723172903061, -0.04275866597890854, 0.016628369688987732, 3.835588722722605e-05, -0.03198801726102829, -0.015224676579236984, -0.0027972643729299307, -0.0013370518572628498, -0.006006189156323671, -0.005101886577904224, 0.02029956877231598, 0.016290944069623947, 0.033715639263391495, 0.00636048661544919, -0.011040589772164822, -0.018369490280747414, -0.01406393013894558, 0.07342397421598434, 0.020933929830789566, 0.010318498127162457, -0.0108448825776577, 0.006164779420942068, 0.017478685826063156, 0.020164597779512405, 0.023511867970228195, -0.027749942615628242, -0.009164500050246716, -0.02256707474589348, -0.0023670457303524017, -0.02353886142373085, -0.020542515441775322, -0.0051896171644330025, -0.005820604506880045, -0.020016131922602654, -0.00021068057685624808, -0.006414474919438362, 0.0014618996065109968, -0.0018794647185131907, -0.0021207246463745832, -0.007112947292625904, -0.0009920335141941905, -0.010311748832464218, -0.007335648871958256, 0.01437436230480671, -0.0032848455011844635, -0.0105614447966218, 0.01942226104438305, -0.01926029659807682, 0.010190275497734547, -0.012579253874719143, -0.003556473646312952, -0.008557132445275784, -0.018868882209062576, 0.0060399314388632774, 0.01715475507080555, -0.0013151192106306553, -0.006910491734743118, 0.003907396923750639, 0.01241054106503725, 0.01889587566256523, 0.004710471723228693, -0.01372650358825922, 0.0075381044298410416, -0.002523949136957526, -0.03166408836841583, -0.008273693732917309, -0.021338842809200287, 0.014414853416383266, -0.0023383647203445435, -0.02220265381038189, 0.01664186827838421, -0.011290285736322403, -0.0241057388484478, 0.014198901131749153, 0.02812786027789116, -0.009582907892763615, -0.03895249962806702, -0.015089706517755985, 0.03614510968327522, 0.001027463236823678, -0.0025880602188408375, 0.014023439027369022, -0.1707107424736023, 0.02256707474589348, -0.005678885616362095, -0.031232183799147606, 0.016911808401346207, -0.0006790705374442041, 0.017600158229470253, -0.010412977077066898, -0.0188553836196661, -0.00849639531224966, 0.01001481432467699, -0.017654146999120712, -0.03522730991244316, -0.0065933107398450375, -0.0009835978271439672, 0.008219705894589424, 0.005159249063581228, 0.024659117683768272, 0.03857458010315895, 0.009657141752541065, 0.038547586649656296, -0.007214175537228584, -0.010527702048420906, 0.0016365178162232041, -0.00013834481069352478, -0.007477367762476206, 0.019800178706645966, -0.03395858779549599, -0.016817329451441765, -0.017235737293958664, 0.016871318221092224, 0.015778055414557457, 0.027938902378082275, 0.005543915089219809, -0.0056991311721503735, 0.00111013266723603, -0.012565757147967815, -0.012741219252347946, -0.030611317604780197, 0.009400698356330395, -0.0056012775748968124, 0.025212496519088745, 0.0030334629118442535, 0.011000098660588264, -0.011384764686226845, 0.03835862874984741, 0.013382328674197197, -0.0053414590656757355, -0.015359647572040558, 0.0068969945423305035, 0.0004416067386046052, -0.020542515441775322, 0.004018747713416815, -0.008894558995962143, -0.005958949215710163, 0.0023214933462440968, 0.005861095618456602, 0.010716660879552364, 0.021703263744711876, -0.002523949136957526, 0.03471442312002182, 0.0037150641437619925, 0.017141258344054222, 0.010143036022782326, -0.0075583504512906075, 0.004011999350041151, 0.019786681979894638, 0.02121736854314804, -0.025927841663360596, 0.015926523134112358, 0.0012240140931680799, -0.0077540576457977295, -0.02193271368741989, 0.00516262324526906, 0.030503341928124428, 0.003650953061878681, -0.01607499085366726, -0.003873654408380389, -0.019179314374923706, 0.007578596007078886, -0.02147381380200386, 0.035929158329963684, -0.007943016476929188, -0.04014023765921593, -0.006667544599622488, 0.014954735524952412, -0.004005250986665487, 0.021865228191018105, -0.004815074149519205, -0.007268163375556469, 0.01988116092979908, -0.039330415427684784, -0.009225236251950264, -0.004457402043044567, 0.007963261567056179, 0.017033282667398453, -0.0012704102555289865, -0.010784146375954151, -0.0241057388484478, -0.02920762449502945, -0.007477367762476206, 0.0017006287816911936, -0.019840668886899948, -0.0030638312455266714, 0.01161421462893486, -0.009535668417811394, 0.020893439650535583, -3.814499359577894e-05, 0.04588998481631279, -0.02079896070063114, 0.02374131791293621, 0.008077986538410187, -0.009643645025789738, 0.009690884500741959, -0.005277348216623068, 0.047563619911670685, 0.011297034099698067, 0.0037251869216561317, 0.011553478427231312, -0.018706917762756348, 0.04151693731546402, 0.006876748986542225, 0.0006756962393410504, 0.005456184037029743, 0.020475031808018684, 0.00821295753121376, -0.10716661065816879, -0.004514764528721571, -0.002265817951411009, 0.0105614447966218, -0.0010932614095509052, -0.0007891558925621212, -0.019651710987091064, 0.017951082438230515, -0.006613556295633316, 0.0095019256696105, -0.029369588941335678, -0.018666425719857216, -0.005726125091314316, -0.025414953008294106, 0.03476841002702713, -0.013847977854311466, -0.0064414688386023045, -0.04175988584756851, -0.008725845254957676, 0.030638312920928, -0.007065707817673683, -0.0056890081614255905, -0.013679264113307, -0.009515423327684402, -0.029180631041526794, -0.005058020818978548, -0.0015580662293359637, 0.015508115291595459, 0.009933832101523876, 0.0024918934796005487, -0.026197781786322594, -0.005179494619369507, 0.008158968761563301, -0.013955953530967236, 0.022013695910573006, 0.029585542157292366, -0.007821543142199516, 0.009731375612318516, 0.015994008630514145, -0.014671297743916512, 0.016830826178193092, 0.021460315212607384, 0.004460776224732399, -0.03835862874984741, 0.010075550526380539, -0.004666606429964304, 0.0011480931425467134, -0.0026268642395734787, -0.019503243267536163, -0.021284854039549828, -0.006056802812963724, 0.01437436230480671, -0.019179314374923706, -0.026643184944987297, -0.010601935908198357, -0.014198901131749153, 0.00808473490178585, 0.011445501819252968, -0.01102034468203783, -0.009900089353322983, -0.008125226944684982, -0.018517958000302315, -0.009198241867125034, 0.02249958924949169, 0.023781809955835342, -0.004508016165345907, -0.028046878054738045, -0.014428351074457169, 0.010939362458884716, 0.000513731618411839, -0.003401257563382387, 0.02092043310403824, -0.019543733447790146, 0.0043932911939918995, 0.003499111160635948, 0.016965797170996666, -0.004524887539446354, -0.008982289582490921, -0.0017056901706382632, 0.0011835228651762009, -0.003028401406481862, -0.019921651110053062, 0.012700728140771389, -0.02200019732117653, 0.039222437888383865, -0.009225236251950264, 0.023268921300768852, 0.00963014829903841, 0.02364683896303177, 0.0020059996750205755, -0.0012712538009509444, 0.008226454257965088, 0.01951673999428749, -0.029126642271876335, -0.0022152040619403124, 0.023160943761467934, -0.0057868617586791515, -0.01946275122463703, 0.020178096368908882, 0.030881259590387344, -0.02586035616695881, -0.016493400558829308, -0.04354149475693703, 0.01977318339049816, 0.014158410020172596, 0.0025661273393779993, -0.012855944223701954, -0.015697073191404343, -0.006930737290531397, 0.008590875193476677, 0.016817329451441765, 0.02281002141535282, -0.022175660356879234, -0.0020751720294356346, 0.04016723111271858, -0.012457780539989471, -0.027466505765914917, 0.009070020169019699, 0.013996444642543793, -0.0019773184321820736, 0.006475211586803198, -0.022796524688601494, -0.003455245867371559, -0.0008005439885891974, 0.014252888970077038, 0.011971887201070786, 0.012586003169417381, -0.003951262682676315, -0.014468842186033726, 0.012741219252347946, -0.002677478129044175, -0.003708315547555685, 0.0020650492515414953, -0.023862792178988457, 0.013598281890153885, 0.025711888447403908, -0.02447015978395939, -0.005942077841609716, -0.009360207244753838, 0.0156025942414999, 0.012235079891979694, 0.0703466460108757, -0.015265167690813541, -0.04713171347975731, -0.0026842267252504826, -0.0394383929669857, -0.0030300887301564217, -0.031286172568798065, -0.011985383927822113, 0.001291499356739223, 0.0003808699839282781, -0.015589097514748573, 0.00424819765612483, 0.0028124486561864614, -0.00047324044862762094, -0.02143332175910473, 0.008509892970323563, -0.008314184844493866, -0.005179494619369507, -0.03171807527542114, 0.009569411166012287, -0.012552260421216488, 0.02988247759640217, 0.01133077684789896, -0.006859877612441778, -0.0024817707017064095, -0.007794548757374287, -0.02734503149986267, -0.0148872509598732, 0.0017158129485324025, -0.004072736017405987, -0.01735721156001091, -0.021203871816396713, 0.01894986443221569, 0.013564539141952991, 0.028451789170503616, 0.002458150964230299, -0.009650393389165401, -0.0028006387874484062, -0.01087187696248293, -0.0015023908345028758, 0.010959607549011707, 0.02214866504073143, 0.005058020818978548, -0.03725186735391617, 0.04227277263998985, 0.03903347998857498, 0.03409355878829956, -0.00859762355685234, 0.00019971422443632036, -0.026332752779126167, 0.0025627531576901674, 0.0012383547145873308, 0.006380732171237469, -0.02864074893295765, -0.009306218475103378, 0.00888106133788824, 0.020002633333206177, 0.00844915583729744, -0.018059058114886284, 0.0007001596968621016, 0.012194587849080563, 0.01274796761572361, 0.01449583563953638, 0.0011227861978113651, -0.033715639263391495, -0.019503243267536163, 0.004001876339316368, -0.005516920704394579, -0.024996543303132057, 0.0148872509598732, 0.01863943226635456, 0.0018676548497751355, -0.013301346451044083, 0.006512328516691923, 0.001168338698334992, -0.021095896139740944, 0.005500049330294132, -0.00029651340446434915, -0.03223096579313278, -0.005381950177252293, 0.025091024115681648, 0.018936365842819214, -0.0003095886786468327, 0.013551042415201664, 0.005095137748867273, 0.02035355754196644, -0.004389917012304068, 0.03503835201263428, -0.030989235267043114, -0.004136846866458654, -0.013847977854311466, -0.0048926821909844875, -0.008536886423826218, -0.03147513046860695, 0.006971228402107954, -0.022486092522740364, -0.020879942923784256, 0.005020903889089823, 0.019894657656550407, -0.011000098660588264, 0.08476150035858154, 0.02050202526152134, -0.0023214933462440968, 0.01334183756262064, 0.004025496542453766, -0.010379234328866005, 0.007382888346910477, 0.004572127014398575, -0.017033282667398453, -0.00875958800315857, 0.021257860586047173, -0.003819666337221861, 0.019395265728235245, -0.03368864580988884, -0.017087269574403763, 0.013348586857318878, -0.018005069345235825, 0.009151002392172813, -0.02972051315009594, 0.013557790778577328, 0.01684432290494442, 0.010703164152801037, 0.019584225490689278, 0.003995127975940704, -0.03611811622977257, -0.0020448036957532167, 0.02847878448665142, 0.020731475204229355, -0.0006170684355311096, -0.01243753544986248, 0.01812654361128807, 0.013260855339467525, -0.015886032953858376, -0.013820983469486237, 0.028235837817192078, -0.02035355754196644, -0.017735129222273827, -0.03506534546613693, 0.0027837674133479595, 0.014698292128741741, 0.008280443027615547, 0.0009253917378373444, -0.022216150537133217, -0.010480462573468685, -0.028505777940154076, -0.0030300887301564217, -0.0043831681832671165, -0.013409323059022427, -0.015373144298791885]"
"De manera resumida, el compromiso de las AVO instrumentales se refiere a las dificultades o a la incapacidad para el uso adecuado de instrumentos o utensilios domésticos, como el uso correcto del teléfono, poner en funcionamiento el televisor, el uso del control remoto de otros electrodomésticos, colaborar en la preparación de los alimentos, poner los cubiertos en la mesa para el almuerzo, o recoger los deshechos y ponerlos en el tacho de basura. Las AVO instrumentales son aquellas acciones que necesitan de un objeto intermediario para su desarrollo con el fin de que el individuo presente un adecuado nivel de desempeño y competencia social. Incluye a las actividades domésticas, manejo de medicación y las sociales (manejo adecuado del dinero, comunicación, transporte y recursos comunitarios). Habilidades de limpieza y organización doméstica:
Limpieza doméstica: utilización de electrodomésticos de limpieza, utilización de utensilios de la casa, fregar, barrer y guardar los trastes en los depósitos para la basura. En algunos casos de demencia en estadios iniciales se pierden las habilidades de limpieza de las habitaciones y en otros casos existe dificultad para reconocer dónde se colocan los trastes de deshechos. Organización doméstica: elaboración de la comida, realización de la lista de la compra, realizar pequeñas reparaciones, prevención de accidentes. Con mucha frecuencia, las personas de la tercera edad tienen problemas para realizar varias tareas domésticas a la vez (lo cual puede ser hasta cierto punto normal; pero sí esta situación va acompañada de otros síntomas cognitivos debe requerir una atención más detallada), por lo que podrían poner la olla con agua y continuar realizando la limpieza del dormitorio, olvidando la olla que dejaron con la hornilla prendida, por lo que se origina un accidente doméstico menor. En algunos casos las personas no logran reconocer la situación, o la niegan, o en otros casos tratan de encontrar una justificación a dichos accidentes. En situaciones de deterioro cognitivo más avanzado (probablemente con varios años de problemas de memoria de hechos recientes, problemas de denominación y desorientación en el tiempo), las personas pueden tener problemas para recordar los ingredientes de comidas que ellas habitualmente realizan.
Manejo de medicación: referido al adecuado control del uso de medicación para otras personas o de las propias, incluyendo la capacidad de comprarlas en el tiempo preciso, de almacenarlas y recordar dónde las coloca, administrar adecuadamente según indicaciones médicas y saber reconocer probables eventos adversos para reportar a su médico tratante. Es habitual que los adultos mayores que habitualmente controlaban la administración de sus medicamentos empiecen a tener problemas, que se hacen evidentes cuando los hijos verifican contrastando con las cajas compradas mensualmente.
Habilidades sociales:
Manejo del dinero: debe ser capaz de conocer y manejar adecuadamente las monedas y billetes de uso actual, conocer los cambios de moneda local con las de otros países, manejo básico de contabilidad del hogar para pago de servicios básicos, elaborar presupuestos domésticos para cada semana o cada mes. Con frecuencia, las personas adultas mayores que viven solas, pueden tener problemas para pagar a tiempo los servicios de agua, luz o teléfono.
Comunicación y transporte: uso adecuado de los servicios de transporte público, utilización adecuada de los cambios o vueltos en el bus, uso adecuado para realizar llamadas por teléfono con o sin empleo de una agenda. En ciertas ocasiones, los adultos mayores tienen dificultades para usar correctamente los buses, por lo que tienen que elevar sus costos de pasajes, al tener que emplear otra unidad similar de retorno al punto de extarvío, o tener que pagar por un servicio particular.
Recursos comunitarios: utilización adecuada de los diferentes recursos de la comunidad (como mercados, supermercados, bodegas, bibliotecas, centros culturales, bancos, farmacias, centros educativos, cines, clubes entre otros). Es frecuente que las personas adultas mayores tengan problemas para recordar las claves o información previamente aprendida o que tengan dificultades con los adelantos tecnológicos, los cuales no significan que tengan problemas cognitivos y/o problemas de la funcionalidad si es que se presentan de manera aislada. Pero, si debe preocupar cuando ellos, empiezan a olvidar los ingredientes fundamentales de sus comidas preferidas como pretender preparar el arroz con pollo y no llevar el ingrediente que da el color y sabor particular a la preparación (figura 33), o no recordar el episodio de haber realizado el día previo, la misma actividad, por lo que pueden volver a realizarlo como si fuera la primera vez, hasta que alguien fuera de la familia se da cuenta.","[-0.01933273673057556, -0.018818426877260208, 0.0413820780813694, -0.019636046141386032, -0.02309114672243595, 0.0203086044639349, 0.0017967839958146214, 0.004991432651877403, -0.021508658304810524, -0.028168296441435814, 0.01975473202764988, 0.021455908194184303, -0.004882636945694685, 0.01517870370298624, -0.027614425867795944, 0.0116049163043499, 0.026256123557686806, 0.00457932660356164, 0.017948057502508163, -0.044520679861307144, -0.046815287321805954, 0.0059936754405498505, -0.003412241116166115, -0.011591728776693344, -0.015561138279736042, -0.002721550641581416, 0.012092850171029568, -0.033548757433891296, -0.0027907846961170435, -0.008413564413785934, 0.02732430398464203, -0.0057035526260733604, -0.00041375483851879835, -0.022642774507403374, -0.0022484525106847286, -0.026203373447060585, -0.008512469939887524, -0.0370829813182354, 0.00030248609255068004, 0.0002487062301952392, 0.007437696680426598, 0.02262958697974682, -0.007279447745531797, -0.0060530188493430614, -0.0025814345572143793, 0.05580909922719002, -0.03956221416592598, -0.0002122347941622138, -0.03447187691926956, 0.025649502873420715, 0.009976271539926529, 0.017974432557821274, -0.023526331409811974, 0.002571543911471963, 0.035790618509054184, -0.006356329191476107, 0.006511281244456768, 0.023987889289855957, 0.009277339093387127, -0.0210734736174345, -0.017301876097917557, -0.00547607010230422, -0.00859159417450428, 0.014717143960297108, -0.007061855401843786, 0.00811025407165289, 0.0019369000801816583, -0.027693551033735275, -0.002355600241571665, 0.014756706543266773, 0.034181755036115646, 0.005423320457339287, -0.0002313977456651628, -0.0019764623139053583, 0.03771597892045975, 0.016721630468964577, -0.00711460504680872, -0.0029078228399157524, 0.012165381573140621, 0.024554947391152382, 0.002133062807843089, -0.02853754535317421, -0.021178971976041794, 0.010233426466584206, 0.009039966389536858, 0.021561406552791595, 0.0008147343760356307, 0.011182919144630432, 0.018884364515542984, -0.00047598290257155895, -0.027746301144361496, 0.00917183980345726, 0.02690230682492256, 0.0166556928306818, -0.005838723387569189, 0.0383489727973938, 0.0012701119994744658, 0.0044936081394553185, -0.01599632203578949, -0.010312550701200962, -0.028854042291641235, 0.007727819494903088, -0.04547017440199852, 0.004608998075127602, -0.020216291770339012, -0.016312820836901665, 0.006600296124815941, 0.01105104573071003, 0.004328765906393528, -0.0330476388335228, -0.01771068572998047, 0.011176325380802155, -0.008512469939887524, -0.02535937912762165, -0.007523414678871632, 0.0027627614326775074, 0.0007335494155995548, 0.004529873840510845, -0.0057398178614676, -0.03550049290060997, -0.006850856821984053, 0.010998295620083809, 0.0086443442851305, -0.022998834028840065, -0.013015968725085258, -0.023935141041874886, -0.005957410205155611, -0.0037650042213499546, -0.029513413086533546, -0.023223020136356354, -0.01483583077788353, 0.0020044855773448944, 0.0015775433275848627, -0.011585135012865067, -0.006676123943179846, 0.01607544720172882, -0.015139141120016575, -0.0009841100545600057, -0.010978514328598976, -0.03267838805913925, -0.0022979052737355232, 0.0004834008286707103, -0.04383493587374687, -0.015587512403726578, -0.0006020874716341496, 0.0024759352672845125, 0.012620346620678902, 0.01862061582505703, 0.0073058223351836205, 0.02066466398537159, 0.012284067459404469, -0.01723593845963478, -0.02074378728866577, -0.018277743831276894, 0.01930636167526245, 0.0019500874914228916, 0.00927074532955885, 0.007516820915043354, -0.025623127818107605, -0.00756297679618001, 0.010325738228857517, -0.024027451872825623, 0.005720037035644054, 0.011651072651147842, 0.013075312599539757, 0.030436530709266663, -0.03618624061346054, 0.014994079247117043, 0.017974432557821274, -0.002520442707464099, 0.010226832702755928, 0.015231452882289886, -0.030146408826112747, 0.011143357492983341, -0.0016739761922508478, -0.002446263562887907, 0.013141249306499958, 0.015495200641453266, -0.03679285943508148, -0.024937383830547333, -0.005835426971316338, 0.011486229486763477, 0.014189647510647774, -0.009541087783873081, -0.04307006672024727, -0.002344061154872179, 0.011400511488318443, 0.034577377140522, -0.01087301503866911, -0.00371555145829916, 0.008143222890794277, 0.018607428297400475, 0.01403139904141426, -0.007075042929500341, -0.6216015219688416, -0.00355730252340436, 0.007833318784832954, -0.013807212933897972, 0.026730870828032494, 0.018581053242087364, 0.022972458973526955, 0.00547607010230422, -0.017631560564041138, -0.032863013446331024, -0.007952005602419376, -0.010352113284170628, -0.031148651614785194, -0.01713044010102749, -0.014941330067813396, -0.028141923248767853, -0.010497174225747585, -0.015323764644563198, 0.04035345837473869, 0.030040908604860306, -0.0006511281244456768, 0.01077410951256752, -0.012303848750889301, 0.018409617245197296, 0.0078860679641366, -0.004770543891936541, 0.027640800923109055, -0.03199264407157898, 0.003880393924191594, 0.010859828442335129, 0.005865098442882299, 0.0169062539935112, 0.011618103832006454, 0.021403158083558083, 0.053830988705158234, -0.03542137145996094, -0.013279716484248638, 0.04320193827152252, 0.004183704033493996, 0.03550049290060997, -0.0024132952094078064, -0.001959978137165308, 0.01829093135893345, -0.019873419776558876, 0.01738099940121174, 0.0033710303250700235, 0.017723873257637024, -0.014941330067813396, 0.0037847852800041437, -0.009771866723895073, 0.013569840230047703, -0.018238181248307228, -0.03199264407157898, 0.011868664994835854, 1.5956244169501588e-05, -0.005162869114428759, 0.023407643660902977, -0.019741544499993324, 0.012541222386062145, -0.003992486745119095, -0.007035480812191963, -0.020559163764119148, 0.003712254576385021, -0.011393917724490166, -0.029909035190939903, 0.038797345012426376, -0.029460662975907326, -0.0016171055613085628, 0.015574325807392597, -0.018857989460229874, -0.015561138279736042, 0.011710415594279766, -0.02671768330037594, -0.015521575696766376, 0.0355796180665493, -0.013352247886359692, 0.012053288519382477, 0.029381537809967995, -0.015877636149525642, 0.002320983214303851, 0.004862855654209852, 0.0024643964134156704, -0.009237777441740036, 0.0016500740312039852, 0.03544774651527405, -0.020598726347088814, 0.0009692742605693638, -0.004154032561928034, -0.008367408066987991, -0.008525657467544079, 0.005126603879034519, 0.02215483970940113, 0.01720956340432167, -0.013154436834156513, -0.005858504679054022, 0.019082175567746162, -0.01612819731235504, 0.011182919144630432, 0.023776890709996223, -0.004216672852635384, -0.00496505806222558, -0.012462098151445389, 0.031175024807453156, 0.02909141592681408, 0.014967705123126507, 0.019042612984776497, -0.02174603007733822, 0.03478837385773659, 0.04072270542383194, -0.015402888879179955, -0.010187270119786263, 0.015323764644563198, 0.01811949536204338, -0.014769894070923328, -0.006969543639570475, -0.020321791991591454, 0.015482013113796711, 0.019847044721245766, 0.01058289222419262, -0.011301605962216854, -0.012719252146780491, -0.0016962300287559628, 0.03201901912689209, 0.003451803233474493, -0.005185946822166443, -0.012798376381397247, 0.001616281340830028, -0.006844263058155775, -0.010061990469694138, -0.017288688570261, -0.00609258096665144, -0.02003166824579239, -0.017565622925758362, -0.0007875353330746293, 0.04148757457733154, 0.01335884165018797, 0.011004889383912086, -0.008875123225152493, 0.0012437371769919991, -0.021996591240167618, -0.030383780598640442, -0.014941330067813396, 0.002517146058380604, 0.00483318418264389, 0.016734816133975983, -0.027667175978422165, 0.014901767484843731, -0.0004143730038776994, -0.024489011615514755, -0.013596214354038239, 0.005014510825276375, -0.018145868554711342, -0.015930386260151863, 0.03088490292429924, 0.01541607640683651, 0.0006185717065818608, -0.021614156663417816, -0.007556383032351732, -0.03774235397577286, -0.007642101030796766, -0.024383511394262314, 0.012673096731305122, -0.0020753678400069475, 0.0007764084730297327, -0.012145600281655788, -0.0003704836708493531, 0.015600699931383133, 0.026427559554576874, -0.020400915294885635, -0.04380856081843376, 0.01988660730421543, 0.0006898661376908422, -0.0038738001603633165, 0.026348436251282692, -0.000400567427277565, 0.02909141592681408, -0.02038772776722908, 0.0004710376379080117, 0.015336952172219753, 0.0008225644123740494, 0.010391674935817719, -0.004203485324978828, -0.011446667835116386, -0.005146384704858065, 0.005584866274148226, -0.011868664994835854, 0.012996187433600426, 0.013662151992321014, 0.007108011282980442, 0.03420813009142876, 0.029487038031220436, 0.02074378728866577, 0.011670853942632675, -0.0016063908115029335, -0.012903875671327114, -0.006379407364875078, 0.007167354691773653, 0.006428860127925873, 0.0015363326529040933, 0.026612183079123497, 0.049215395003557205, -0.018053557723760605, 0.01693262904882431, 0.006715686060488224, 0.014677582308650017, 0.01310828048735857, 0.028141923248767853, -0.007642101030796766, 0.024990132078528404, 0.010385081171989441, 0.005278259050101042, -0.025820938870310783, -0.009870772249996662, -0.006455234717577696, -0.031043151393532753, 0.03536862134933472, -0.0015412779757753015, 0.024212075397372246, -0.012778595089912415, -0.011664260178804398, -0.026361621916294098, 0.0076948506757617, 0.026097875088453293, -0.01397864893078804, -0.015350139699876308, 0.011769759468734264, -7.0444439188577235e-06, 0.007978379726409912, -0.006791513413190842, -0.0070420741103589535, -0.01451933290809393, 0.0020423992536962032, 0.02146909572184086, 0.02541212923824787, -0.0065046874806284904, 0.019359109923243523, 0.021429533138871193, -0.01213900651782751, 0.024462636560201645, -0.016695255413651466, 0.0024132952094078064, 0.03080577775835991, 0.015218265354633331, 0.012561003677546978, 0.013240154832601547, 0.0013846774818375707, 0.03536862134933472, 0.030410155653953552, 0.011262044310569763, 0.03428725153207779, 0.0013121467782184482, -0.015007266774773598, -0.03449825197458267, -0.014136898331344128, -0.009442182257771492, 0.012290661223232746, 0.0066497488878667355, -0.018330493941903114, 0.02975078672170639, 0.027271553874015808, 0.03262564167380333, 0.006936575286090374, -0.0038111601024866104, 0.005878285970538855, -0.011308199726045132, -0.022260339930653572, 0.020809724926948547, 0.0013887985842302442, -0.00888171698898077, 0.007055261638015509, -0.036449987441301346, -0.00917183980345726, -0.006844263058155775, -0.014677582308650017, 0.015706200152635574, 0.01095214020460844, -0.020981160923838615, -0.0002194466651417315, 0.009752086363732815, 0.014044586569070816, -0.038137976080179214, -0.02003166824579239, 0.04499542713165283, 0.0008802592637948692, 0.004645263310521841, 0.011809321120381355, -0.013635776937007904, 0.018159056082367897, -0.019543733447790146, 0.02099434845149517, -0.01073454786092043, 0.01637875661253929, -0.002635832643136382, 0.0038507222197949886, 0.011868664994835854, 0.0291441660374403, 0.01368852611631155, 5.738581603509374e-05, -0.023987889289855957, -0.0059079574421048164, -0.0058980667963624, -0.023750515654683113, -0.022326277568936348, -0.028326546773314476, 0.015073204413056374, 0.023579079657793045, -0.024660447612404823, -0.019636046141386032, -0.01826455630362034, -0.015086391009390354, 0.0014440208906307817, -0.00036553837708197534, -0.001079718815162778, -0.010569705627858639, 0.02187790535390377, 0.0013187405420467257, -0.027535302564501762, 0.005964003968983889, 0.00976527389138937, 0.006639858242124319, 0.003745222929865122, -0.027508927509188652, 0.004582623485475779, 0.012244505807757378, 0.0056013502180576324, 0.010998295620083809, -0.009369650855660439, 0.034102629870176315, 0.0052353995852172375, -0.012013725936412811, -0.04620866850018501, -0.007292634807527065, 0.01680075377225876, 0.027139680460095406, -0.0007924805977381766, 0.0039001749828457832, 0.03803247585892677, -0.000374398659914732, 0.005617834627628326, 0.00727285398170352, 0.00963999330997467, -0.02530663087964058, -0.005911254324018955, -0.0001072506929631345, -0.011182919144630432, -0.020400915294885635, 0.005756302271038294, 0.033522382378578186, -0.014901767484843731, -0.011255450546741486, 0.017143625766038895, 0.02919691428542137, 0.02129765972495079, -0.02251090109348297, 0.0012478581629693508, 0.010892796330153942, 0.003577083582058549, 0.013213779777288437, 0.014994079247117043, -0.004219969734549522, 0.022286714985966682, 0.023552704602479935, 0.018686553463339806, 0.005459585692733526, 0.019214048981666565, 0.003338061971589923, 0.006550843361765146, -0.026559432968497276, 0.01786893419921398, -0.02977715991437435, 0.015429263934493065, 0.011321387253701687, -0.019978918135166168, -0.00631347019225359, 0.00922458991408348, 0.015561138279736042, 0.007081636693328619, -0.019636046141386032, 0.03130690008401871, -0.00023881565721239895, 0.032309141010046005, 0.01902942545711994, -0.01005539670586586, -0.013484121300280094, -0.0075102271512150764, -0.01660294272005558, -0.0036034584045410156, -0.022603211924433708, -0.016484256833791733, -0.0229592714458704, -0.03093765303492546, 0.020954785868525505, -0.014822643250226974, 0.00990374106913805, 0.018198618665337563, -0.011855477467179298, -0.04958464205265045, -0.005654099863022566, 0.0005320293712429702, 0.02011079341173172, 0.030753029510378838, -0.02301202155649662, -0.010272988118231297, 0.019411860033869743, -0.00222702301107347, 0.0033512492664158344, -0.014097335748374462, -0.02682318165898323, 0.012204943224787712, 0.009982865303754807, -0.02599237486720085, -0.02016354165971279, -0.005054072942584753, 0.005403539165854454, 0.00618818961083889, 0.00541342981159687, 0.0114796357229352, 0.02502969466149807, 0.0010492228902876377, -0.010655423626303673, 0.005314524285495281, 0.033970754593610764, 0.01897667534649372, -0.04125020280480385, 0.013991836458444595, -0.039298467338085175, -0.008083879016339779, -0.03803247585892677, -0.017473312094807625, -0.007061855401843786, -0.02795729786157608, 0.006580515298992395, -0.01738099940121174, -0.012033507227897644, 0.003023212542757392, -0.01831730641424656, -0.002255046274513006, -0.0012734087649732828, -0.009501525200903416, 0.01517870370298624, 0.0011044451966881752, 0.018501929938793182, 0.026981430128216743, -0.0024380215909332037, -0.007899255491793156, -0.0028385890182107687, 0.02555719017982483, 0.03449825197458267, -0.021099848672747612, 0.01637875661253929, 0.026387996971607208, -0.026809994131326675, -0.016748003661632538, 0.009303714148700237, 0.01544245146214962, 0.03033103235065937, -0.011618103832006454, -0.007371759507805109, -0.018145868554711342, -0.009719117544591427, -0.00576619291678071, 0.011881851591169834, 0.005624428391456604, -0.015271015465259552, 0.007945411838591099, -0.010101552121341228, -0.004562842193990946, -0.005110119469463825, 0.013728088699281216, -0.03389162942767143, -0.009883959777653217, 0.02127128466963768, -0.015060016885399818, 0.041724950075149536, -0.0016096875770017505, 0.004543060902506113, -0.01095214020460844, 0.0009371299529448152, -0.006705795414745808, -0.00025736045790836215, -0.008538844995200634, -0.01927998661994934, 0.0206910390406847, 0.01801399514079094, 0.04293819144368172, -0.010187270119786263, -0.0017885417910292745, -0.0006103296182118356, 0.015455638989806175, -0.009013591334223747, 0.00893446709960699, -0.007325603626668453, -0.02119215950369835, 0.02439669892191887, 0.029909035190939903, 0.015350139699876308, 0.0024017561227083206, -0.014321521855890751, 0.009692742489278316, 0.0004904066445305943, -0.01313465554267168, -0.030489280819892883, -0.012811563909053802, -0.02411976456642151, 0.016695255413651466, -0.016589755192399025, -0.007727819494903088, -0.013754463754594326, -0.03389162942767143, 0.019820669665932655, 0.008901498280465603, 0.03360150754451752, 0.004437561612576246, 0.014651207253336906, 0.013141249306499958, -0.010853234678506851, 0.02861666865646839, 0.017117252573370934, -0.02654624730348587, -0.010543330572545528, -0.029988158494234085, -0.05137813091278076, -0.02411976456642151, 0.00869049970060587, -0.024713197723031044, -0.015917198732495308, -0.0027182537596672773, -0.019108550623059273, -0.005037588533014059, 0.0203086044639349, 0.023447206243872643, -0.0008349276031367481, -0.0005695310537703335, -0.037584103643894196, -0.014822643250226974, -0.03792697563767433, -0.0065475464798510075, -0.021508658304810524, -0.0060958778485655785, 0.0240933895111084, -0.015020454302430153, 0.021943841129541397, -0.0037715977523475885, -0.01279178261756897, -0.010134520940482616, -0.017618373036384583, 0.03439275175333023, -0.027746301144361496, 0.02654624730348587, 0.004276016261428595, 0.0018248071428388357, -0.013418184593319893, 0.017170000821352005, 0.04022158682346344, -0.00416392320767045, 0.0040847985073924065, 0.03434000164270401, -0.007088230457156897, -0.012561003677546978, 0.00942240096628666, -0.001974813872948289, -0.029803534969687462, -0.039878711104393005, 0.031834397464990616, -0.0005349141429178417, 0.019978918135166168, -0.001042629242874682, 0.005347492638975382, -0.006438750308007002, 0.030489280819892883, -0.0082619097083807, -0.0012214833404868841, 0.01869974099099636, -0.011064233258366585, -0.014374271966516972, 0.015574325807392597, -0.007464071270078421, 0.0035441152285784483, -0.009989459067583084, -0.0035507087595760822, -0.016695255413651466, -0.016286445781588554, -0.009752086363732815, 0.027113305404782295, 0.01798762008547783, 0.028221046552062035, -0.020545976236462593, 0.014044586569070816, 0.0025913252029567957, 0.019240424036979675, -0.000774347921833396, 0.0002808505087159574, 0.010312550701200962, 0.02386920340359211, 0.012699470855295658, -0.015323764644563198, 0.03146514669060707, -0.011855477467179298, 0.006910200230777264, 0.0011423589894548059, 0.009481743909418583, -0.010497174225747585, -0.0030446420423686504, -0.01265331543982029, -0.00010683858999982476, 0.03273113816976547, -0.00830147136002779, -0.0029902441892772913, -0.003613349050283432, -0.011202700436115265, -0.0020803131628781557, -0.016431506723165512, 0.013095092959702015, 0.07395496964454651, -0.004262828733772039, -0.0024610995315015316, 0.005660693626850843, 0.017974432557821274, -0.007839912548661232, -0.0032622343860566616, 0.016998564824461937, -0.004239750560373068, -0.01801399514079094, 0.03676648437976837, -0.05807733163237572, -0.0007154167396947742, -0.004401296377182007, 0.00698932446539402, -0.007299228571355343, 0.0010211996268481016, 0.03858634829521179, -0.014479770325124264, -0.04035345837473869, -0.004918902181088924, -0.006870638113468885, -0.0003832589718513191, -0.010503767989575863, -0.0059508164413273335, 0.009798241779208183, -0.011980757117271423, 0.005525522865355015, -0.023407643660902977, -0.025240693241357803, 0.019385484978556633, -0.02483188360929489, 0.016339194029569626, 0.02174603007733822, -0.035342246294021606, 0.013728088699281216, 0.029460662975907326, 0.002729792846366763, -0.012884094379842281, -0.020849287509918213, -0.005680474918335676, -0.007081636693328619, 0.020796537399291992, -0.014967705123126507, -0.011585135012865067, -0.006817888468503952, -0.01718318834900856, -0.011420292779803276, 0.007675069849938154, -0.01019386388361454, -0.005627725273370743, 0.003455100115388632, 0.011710415594279766, 0.003189703682437539, 0.023381268605589867, -0.014216022565960884, 0.007457477506250143, -0.0009766921866685152, -0.01454570796340704, -0.012587377801537514, 0.0027199022006243467, -0.006234345957636833, 0.021838342770934105, -0.004569435957819223, 0.004918902181088924, 0.006329954601824284, -0.005871692206710577, -0.01637875661253929, 0.008499282412230968, -0.003712254576385021, 0.01809312030673027, -0.0003766652662307024, -0.019767919555306435, 0.009527900256216526, 0.006976137403398752, 0.00942240096628666, 0.013437965884804726, -0.02326258271932602, -0.01579851098358631, 0.001073949271813035, -0.004796918481588364, -0.013002781197428703, -0.02649349719285965, -0.05174737796187401, -0.003814456984400749, 0.011881851591169834, -0.007437696680426598, -0.007609132677316666, 0.05048138648271561, 0.00701569952070713, -0.01635238155722618, -0.004998026415705681, 0.018277743831276894, -0.018792051821947098, -0.003054532688111067, 0.02099434845149517, 0.015534763224422932, -0.03542137145996094, -0.02016354165971279, -0.005894769914448261, 0.0009593837312422693, 0.01884480193257332, 0.009804835543036461, -0.007094823755323887, 0.009039966389536858, 0.007727819494903088, -0.018937114626169205, 0.008308065123856068, -0.030489280819892883, 0.029829910025000572, 0.006029941141605377, 0.014664394780993462, 0.01308190543204546, 0.014677582308650017, 0.006112362258136272, -0.019662421196699142, 0.0001444433000870049, -0.009145465679466724, -0.011123576201498508, 0.008149816654622555, -0.03362788259983063, -0.010892796330153942, -0.00784650631248951, 0.012178568169474602, -0.03455100208520889, 0.0014349544653669, 0.00047969186562113464, -0.0012989593669772148, -0.03439275175333023, 0.009185027331113815, 0.006145330611616373, 0.01335884165018797, 0.022273527458310127, 0.005416726693511009, 0.013286310248076916, -0.013193998485803604, -0.041566699743270874, 0.010108145885169506, -0.006145330611616373, 0.011130169965326786, -0.015534763224422932, -0.01920086145401001, 0.005683771800249815, 0.022853773087263107, 0.0042892033234238625, 0.0022088903933763504, 0.012613752856850624, 0.1912701278924942, -0.03315313532948494, -0.03146514669060707, 0.026097875088453293, -0.017921684309840202, 0.023473581299185753, 0.04612954333424568, 0.0031171729788184166, -0.006949762348085642, 0.0247263852506876, 0.0034056473523378372, -0.02555719017982483, -0.018383242189884186, 0.017974432557821274, 0.014928142540156841, -0.021680094301700592, -0.0257418155670166, -0.020928412675857544, 0.012382972985506058, -0.009824616834521294, 0.017288688570261, -0.0084531269967556, 0.031781647354364395, -0.02046685293316841, 0.04670978710055351, -0.00291441660374403, 0.006962949875742197, 0.0005279083270579576, 0.008308065123856068, 0.01804037019610405, -0.011453261598944664, -0.011862071231007576, 0.008888310752809048, 0.015904011204838753, -0.002663855906575918, 0.0011695580324158072, -0.026704495772719383, 0.001028617611154914, 0.0036825828719884157, 0.01566663756966591, 0.02278783544898033, -0.000979989068582654, 0.015429263934493065, -0.017948057502508163, 0.014928142540156841, 0.04312281310558319, 0.012772002257406712, -0.01837005466222763, -0.005248587112873793, -0.004381515551358461, -0.010068584233522415, -0.006949762348085642, -0.0065046874806284904, 0.007609132677316666, 0.01569301262497902, 0.01887117698788643, 0.010134520940482616, -0.004002377390861511, -0.0036858797539025545, 0.01986023224890232, -0.0076948506757617, 0.01233681757003069, 0.00045455337385647, 0.015297389589250088, 0.009554275311529636, 0.019596483558416367, -0.001068179844878614, -0.04132932797074318, 0.007708038203418255, -0.006013456732034683, 0.010998295620083809, -0.014888579957187176, -0.015706200152635574, 0.004876043181866407, -0.01986023224890232, -0.0269946176558733, 0.013312685303390026, 0.029935410246253014, 0.027851799502968788, 0.019214048981666565, -0.020123980939388275, 0.0117961335927248, -0.03146514669060707, 0.0030924465972930193, -0.004707903601229191, -0.016761191189289093, 0.019992105662822723, -0.00035008438862860203, -0.006557437125593424, -0.020176729187369347, -0.015271015465259552, -0.0030429938342422247, -0.012000538408756256, 0.013556652702391148, 0.002944088075309992, 0.010985108092427254, 0.019636046141386032, 0.012224724516272545, -0.01801399514079094, -0.019965730607509613, -0.032915763556957245, 0.061980802565813065, 0.005967300850898027, 0.028432045131921768, 0.003880393924191594, 0.020506415516138077, -0.005700255744159222, 0.006422266364097595, -0.010180676355957985, -0.023130709305405617, 0.006738763768225908, -0.022141654044389725, -0.01429514680057764, -0.005103525705635548, -0.009053153917193413, -0.0029935408383607864, -0.00576619291678071, -0.0032292657997459173, 0.0036397238727658987, -0.00035276307608000934, 0.01371490117162466, -0.01781618408858776, 0.00682448223233223, 0.005261774640530348, 0.012930250726640224, -0.02102072350680828, -0.048661526292562485, 0.015073204413056374, -0.01978110708296299, -0.011308199726045132, 0.024027451872825623, -0.01660294272005558, 0.028827667236328125, 0.004150735680013895, -0.009244371205568314, -0.0016739761922508478, 0.014440208673477173, 0.000188950783922337, -0.026308873668313026, -0.023776890709996223, -0.020374540239572525, -0.022392213344573975, 0.03375975787639618, 0.014677582308650017, 0.015811698511242867, -0.023552704602479935, 0.011420292779803276, -0.007681663613766432, -0.014308334328234196, -0.021535033360123634, -0.007516820915043354, 0.01958329603075981, 0.01063564233481884, -0.018145868554711342, 0.008730062283575535, -0.0053540864028036594, -0.025794563814997673, -0.0052947429940104485, 0.010378487408161163, -0.006105768494307995, -0.026862744241952896, -0.012950032018125057, 0.017921684309840202, 0.009541087783873081, -0.004414483904838562, 0.01839642971754074, -0.16468431055545807, 0.00772122573107481, -0.012224724516272545, -0.04602404311299324, 0.009330089204013348, -0.009659774601459503, 0.01682712882757187, -0.0032210235949605703, -0.020677851513028145, -0.006686014588922262, 0.010477392934262753, -0.03721485659480095, -0.0164051316678524, -0.016972189769148827, 0.0030298063065856695, -0.01680075377225876, -0.02621656097471714, 0.02071741409599781, 0.032836638391017914, 0.015600699931383133, 0.019609671086072922, -0.024238450452685356, 0.008413564413785934, -0.0003630657447502017, -0.010160895995795727, -0.022669149562716484, 0.008624562993645668, -0.004918902181088924, -0.013352247886359692, -0.009963084943592548, 0.005258477758616209, -0.002972111338749528, 0.037636853754520416, 0.003212781623005867, 0.004645263310521841, 0.008947654627263546, -0.012864314019680023, -0.013253342360258102, -0.0013442911440506577, 0.026045124977827072, -0.016260070726275444, 0.05317161604762077, 0.002057235222309828, 0.03088490292429924, 0.0014069313183426857, 0.04024796187877655, 0.018132682889699936, -0.025319818407297134, -0.011499417014420033, 0.0005073029897175729, -0.003840831806883216, -0.007602538913488388, 0.0060530188493430614, 0.010266395285725594, -0.009725711308419704, -0.01364896446466446, -0.0066497488878667355, 0.004889230243861675, 0.015244640409946442, 0.01991298235952854, 0.0117961335927248, -0.017394186928868294, 0.015574325807392597, 0.003488068701699376, -0.005469476338475943, 0.010061990469694138, 0.007028887048363686, -0.0017028236761689186, -0.017196375876665115, 0.019596483558416367, -0.001250330824404955, 0.0015099578304216266, -0.005888176150619984, 0.011262044310569763, 0.024897821247577667, 0.01809312030673027, -0.02967166155576706, 0.018027182668447495, -0.024568134918808937, 0.006831075996160507, -0.0035210370551794767, 0.004328765906393528, -0.03505212441086769, -0.03259926661849022, -0.020348165184259415, 0.008657531812787056, -0.00134676368907094, -0.005172759760171175, 0.022827398031949997, 0.005532116629183292, 0.02795729786157608, -0.030067283660173416, -0.020018480718135834, -0.0072464789263904095, -0.004813402891159058, 0.03853359818458557, 0.015838073566555977, -0.011967570520937443, -0.005466179456561804, -0.04122382774949074, -0.014849018305540085, 0.003153438214212656, -0.005228806287050247, 0.008670718409121037, 0.006883825641125441, 0.006636561825871468, -0.016431506723165512, 0.0017242531757801771, 0.036449987441301346, -0.014941330067813396, 0.009099309332668781, 0.012778595089912415, 0.020545976236462593, 0.012495066039264202, -0.005492554046213627, 0.015482013113796711, 0.002667152788490057, -0.0010393323609605432, 0.023961514234542847, -0.011763165704905987, 0.05591459572315216, -0.007121198810636997, -0.004335359204560518, 0.0021462501026690006, -0.011255450546741486, 0.0007722874288447201, -0.1211131289601326, -0.0010442776838317513, 0.006771732587367296, 0.020071230828762054, 0.0022055935114622116, -0.0033924600575119257, -0.01218516193330288, 0.012119225226342678, 0.005858504679054022, 0.009336682967841625, -0.045127298682928085, -0.03191351890563965, -0.01900305040180683, -0.018778864294290543, 0.004058423917740583, 0.0002662207407411188, -0.004589216783642769, -0.04193594679236412, -0.013042343780398369, 0.03312676027417183, -0.012666502967476845, -0.001795135554857552, -0.0026984727010130882, -0.013728088699281216, -0.029302414506673813, -0.003110579214990139, 0.001951735932379961, 0.030146408826112747, 0.007180542219430208, 0.0060958778485655785, 0.006227752193808556, -0.013701713643968105, 0.00480680912733078, -0.02505606971681118, 0.011347762309014797, -0.002744628582149744, 0.011334574781358242, -0.010516955517232418, 0.026506684720516205, -0.009461963549256325, 0.000866247690282762, 0.02467363514006138, -0.013062125071883202, -0.021429533138871193, 0.02223396487534046, -0.02104709856212139, -0.0037419262807816267, -0.016721630468964577, -0.026111062616109848, -0.0031517897732555866, -0.011743384413421154, -0.011222481727600098, -0.03610711544752121, -0.022866960614919662, 0.003778191516175866, -0.0056870682165026665, 0.02616381086409092, 0.013213779777288437, -0.03262564167380333, -0.0019303064327687025, -0.01250165980309248, -0.013899524696171284, -0.010958733968436718, 0.02160096913576126, 0.02861666865646839, -0.020928412675857544, -0.015758948400616646, -0.017974432557821274, 0.004430968314409256, -0.00951471272855997, -0.005812348797917366, 0.020545976236462593, -0.014427021145820618, 0.011690634302794933, -0.02311752177774906, 0.011651072651147842, 0.00893446709960699, -0.014202835038304329, -0.004823293536901474, 0.014361084438860416, -0.01076092291623354, -0.014110523276031017, 0.0084531269967556, -0.02270871214568615, 0.01118951290845871, 0.003389163175597787, 0.005321118049323559, 0.00987736601382494, 0.016431506723165512, -0.02452857419848442, -0.008545438759028912, 0.014176460914313793, 0.011618103832006454, -0.019187673926353455, 0.0026012156158685684, -0.009409213438630104, 0.0025929734110832214, -0.02364501729607582, 0.02848479524254799, 0.02419888786971569, -0.009264152497053146, -0.009560869075357914, -0.03571149334311485, 0.003824347397312522, 0.011308199726045132, 0.01022023893892765, -0.014176460914313793, 0.0036726922262459993, 0.0032523437403142452, -0.006916793994605541, -0.0030067283660173416, 0.02119215950369835, -0.020981160923838615, 0.01607544720172882, -0.002096797339618206, 0.0156402625143528, -0.02793092466890812, -0.011011483147740364, 0.027561675757169724, -0.0077146319672465324, 0.01713044010102749, -0.000327418529195711, -0.007642101030796766, 0.01483583077788353, -0.0017934871139004827, 0.03676648437976837, -0.00416392320767045, -0.019899794831871986, -0.00611895602196455, 0.016035884618759155, 0.006237642373889685, 0.026678120717406273, 0.0024759352672845125, -0.03505212441086769, 0.0018149166135117412, 0.025069257244467735, 0.00756297679618001, -0.0010525197722017765, 0.008499282412230968, 0.013029156252741814, 0.02502969466149807, 0.06630627065896988, -0.00932349544018507, -0.034155379980802536, 0.02190428040921688, -0.03447187691926956, 0.008499282412230968, -0.029961783438920975, -0.030489280819892883, 0.00922458991408348, 0.01153238583356142, -0.026678120717406273, 0.03199264407157898, -0.004325469024479389, 0.007319009862840176, -0.023130709305405617, -0.007259666454046965, -0.010259801521897316, 0.007787162903696299, -0.019767919555306435, 0.03805885091423988, -0.024765945971012115, 0.021033911034464836, 0.0024726383853703737, -0.009923522360622883, -0.008116847835481167, -0.01339840330183506, -0.017077689990401268, 0.008321252651512623, 0.0022418589796870947, 0.0008588297641836107, -0.035236746072769165, -0.030568404123187065, 0.019359109923243523, -0.003702363930642605, 0.0023819750640541315, 0.014361084438860416, -0.0034616938792169094, 0.013015968725085258, 0.01393908727914095, 0.016035884618759155, 0.011209294199943542, 0.020651476457715034, 0.005792567506432533, -0.011525792069733143, 0.05116713047027588, 0.03447187691926956, 0.03019915707409382, -0.031069526448845863, 0.019622858613729477, -0.014413833618164062, -0.01635238155722618, -0.012831345200538635, 0.00493208970874548, -0.008077285252511501, -0.005878285970538855, 0.006287095602601767, 0.009264152497053146, 0.0033825694117695093, 0.016312820836901665, 0.02376370318233967, 0.006573921535164118, 0.03676648437976837, -0.006600296124815941, -0.02798367291688919, -0.012000538408756256, -0.007899255491793156, 0.00948833767324686, -0.011295012198388577, -0.02621656097471714, 0.004025455564260483, 0.027086930349469185, 0.010978514328598976, -0.0017770028207451105, 0.034577377140522, -0.000230779594858177, -0.024264825507998466, -0.005502444691956043, -0.022418588399887085, -0.021732844412326813, -0.03083215281367302, 0.008314658887684345, 0.023196645081043243, 0.018462367355823517, 0.016273258253932, 0.008802592754364014, 0.012343411333858967, 0.016180945560336113, 0.03671373426914215, -0.044494304805994034, 0.0019929464906454086, -0.002528684912249446, 0.01922723650932312, -0.012956625781953335, -0.03829622268676758, -0.0015173758147284389, -0.02657262049615383, -0.011829102411866188, 0.0028385890182107687, 0.006722279824316502, -0.006320063956081867, 0.10729272663593292, 0.02483188360929489, -0.0018017292022705078, 0.010418049991130829, 0.0036825828719884157, -0.014822643250226974, -0.015890823677182198, -0.0013508847914636135, -0.014440208673477173, 0.009844398126006126, 0.008505876176059246, -0.02364501729607582, 0.01864699088037014, -0.026097875088453293, -0.03209814429283142, 0.01262694038450718, 0.003906768746674061, 0.016510631889104843, -0.024304388090968132, -0.006438750308007002, 0.023842828348279, -0.015033641830086708, 0.0006000269204378128, -0.012310442514717579, -0.03563236817717552, -0.00011703821655828506, 0.010549924336373806, 0.0016995267942547798, -0.016840316355228424, -0.020796537399291992, 0.0066068898886442184, -0.00951471272855997, -0.04030070826411247, -0.008367408066987991, 0.006765138823539019, -0.031728897243738174, -0.009125684387981892, -0.024594509974122047, -0.011684040538966656, 0.002855073194950819, -0.001528090564534068, 0.01213900651782751, -0.023434018716216087, -0.002840237459167838, -0.024647260084748268, -0.004813402891159058, 0.011334574781358242, -0.02303839661180973, -0.010437831282615662]"
"Las AVD básicas son el conjunto de actividades primarias de la persona encaminadas a su autocuidado y movilidad, que le dotan de autonomía e independencia elementales y le permiten vivir sin precisar ayuda continua de otros. Incluyen a:
Aseo y vestido: Contemplan aspectos tales como: tomar una ducha para el aseo diario, lavado y cuidado del pelo, higiene dental, afeitado, depilación, vestido, elección de ropa adecuada, uso del inodoro, entre otras.
Hábitos de vida: hábitos de sueño (horarios y calidad de sueño); independencia para los hábitos en la alimentación (horarios y hábitos en la mesa) y dietas; sobre todo si come de manera autónoma. Habitualmente, los profesionales de la salud pueden emplear cuestionarios que se aplican a los cuidadores o familiares para evaluar de manera breve (como el Pfeffer Functional Activities Questionnaire, PFAQ) o detallada (como una evaluación más amplia con el Alzheimer's Disease Cooperative Study-Activities of Daily Living, ADCS-ADL). El PFAQ incluye 11 preguntas acerca de las actividades de la vida diaria (como el manejo de dinero, comprar cosas, calentar agua, preparar una comida, mantenerse al tanto de las noticias, discusión de programas de televisión/radio/diarios, recordar compromisos, manejar medicación, pasear por el vecindario, saludar a los amigos, y capacidad de permanecer sólo en casa). Cada actividad se evalúa con rangos de puntaje de 0 a 3, según la severidad de la discapacidad en cada actividad. El puntaje máximo es 33, y un puntaje mayor de 7 indica compromiso funcional (anexo 1). El ADCS-ADL es una escala específica para enfermedad de Alzheimer que evalúa actividades de vida diaria. En su versión original, se incluyen 23 preguntas, siete de las cuales interrogan acerca de actividades básicas de la vida diaria y 17 lo hacen respecto a actividades instrumentales de la vida diaria. Las preguntas son contestadas por los cuidadores (cónyuge, hijos, cuidadores contratados o cuidadores informales que reportan el cuidado del paciente por más de 6 hora al día, durante los 3 meses consecutivos previos a la evaluación). Ellos son interrogados por las actividades realizadas por el paciente en las 4 semanas previas y la magnitud en la que él/ella podían realizarlas por sí mismos. Cada uno de los ítems ha sido puntuado jerárquicamente desde la independencia hasta la dependencia total. El puntaje total se obtiene por la suma de los 23 ítems individuales y puede alcanzar entre 0 y 78 puntos, donde el valor más bajo indica dependencia.","[-0.003944234922528267, -0.0037720263935625553, 0.032454658299684525, -0.030997512862086296, -0.027791786938905716, 0.042283784598112106, -0.009584059938788414, 0.006620088126510382, -0.028348151594400406, -0.010239776223897934, 0.004229040816426277, 0.024692034348845482, -0.010319257155060768, 0.037170521914958954, -0.028878023847937584, 0.006941323168575764, 0.007424831390380859, 0.006580348126590252, 0.01808188110589981, -0.028374645859003067, -0.026029961183667183, 0.015101351775228977, 0.0008076408412307501, -0.01920785941183567, 0.0004487353435251862, 0.018214350566267967, 0.007808988448232412, -0.01420056913048029, 0.010272893123328686, -0.02787126787006855, 0.03144790232181549, -0.02356605790555477, 0.012352640740573406, -0.007709637749940157, 0.019062144681811333, -0.01072328444570303, -0.011988353915512562, -0.022903718054294586, 0.018108375370502472, 0.00310803041793406, 0.002020136918872595, 0.02201618067920208, -0.00612002145498991, -0.014041608199477196, 0.005169563926756382, 0.015472262166440487, -0.0293814018368721, -0.0076235332526266575, -0.021949946880340576, 0.03481259196996689, 0.0018065323820337653, 0.01250497903674841, -0.02410917542874813, -0.0021012737415730953, 0.01715460605919361, -0.003276927163824439, -0.0013536573387682438, 0.013577969744801521, 0.013326280750334263, -0.020042408257722855, -0.04204534366726875, -0.007471195422112942, -0.016902916133403778, 0.03534246236085892, -0.011160428635776043, 0.014266803860664368, 0.017432788386940956, -0.014041608199477196, 0.020439812913537025, 0.021949946880340576, 0.031209461390972137, 0.010358997620642185, -0.001436449820175767, -0.0008941590203903615, 0.05833890661597252, 0.02050604671239853, 0.004679432138800621, 0.0027685812674462795, 0.0034441680181771517, 0.009332370944321156, -0.001121010398492217, -0.03126244619488716, -0.026771781966090202, 0.008862108923494816, 0.02181747928261757, 0.0271161999553442, -0.001965493895113468, 0.014465505257248878, 0.00494436826556921, 0.001333787222392857, -0.014001867733895779, -0.007100284565240145, 0.03931650146842003, 0.028692569583654404, -0.0141078419983387, 0.0284541267901659, 0.028348151594400406, 0.00010866515367524698, -0.019671497866511345, -0.017379801720380783, -0.026851262897253036, 0.013882646337151527, -0.04212482273578644, -0.003457414684817195, -0.003639558330178261, -0.005444434937089682, -0.010060944594442844, -0.00639489246532321, -0.011604196391999722, -0.013816412538290024, -0.04705263301730156, 0.032110244035720825, 0.007166518829762936, -0.0391310453414917, -0.004748977720737457, -0.005189433693885803, 0.006775738205760717, 0.0024771515745669603, -0.006669763941317797, -0.013723684474825859, 0.029434390366077423, 0.012153939343988895, 0.03401778265833855, -0.008650160394608974, 0.0028149450663477182, -0.02071799524128437, 0.014518492855131626, 0.018360065296292305, -0.010498088784515858, -0.011730041354894638, -0.02561931125819683, 0.0007931521395221353, 0.007444701623171568, -0.005689500365406275, -0.01563122309744358, -0.003440856235101819, -0.020082149654626846, -0.0007128434372134507, -0.0005807894049212337, -0.025500090792775154, 0.01298186369240284, 0.004977485164999962, -0.034706614911556244, -0.028507113456726074, 0.006828725337982178, 0.007034050766378641, 0.03067958913743496, -0.001545735984109342, 0.006557166110724211, 0.023089172318577766, 0.008232885971665382, -0.004202547483146191, -0.025115933269262314, -0.013021604157984257, -0.0041131312027573586, 0.0017303632339462638, 0.012206926010549068, 0.020201370120048523, -0.029805300757288933, 0.0047059254720807076, 0.010418607853353024, 0.0016682689310982823, -0.0028679321985691786, -0.010849129408597946, 0.007994444109499454, 0.026626067236065865, -0.016889670863747597, 0.011398871429264545, 0.01621408388018608, -0.006769114639610052, 0.0021443257573992014, 0.02466554194688797, -0.029831793159246445, 0.012597707100212574, 0.024334371089935303, -0.0009512858232483268, -0.01582992635667324, 0.011352507397532463, -0.041515469551086426, -0.010279516689479351, -0.013922386802732944, 0.00612002145498991, 0.023486576974391937, 0.007855352014303207, -0.04183339327573776, -0.0053649540059268475, 0.026069702580571175, 0.031341928988695145, -0.015564990229904652, 0.0039541698060929775, -0.0050271605141460896, -0.006894959602504969, 0.00383494864217937, -0.015220573171973228, -0.6299118399620056, -0.0044443015940487385, 0.012127445079386234, -0.024784762412309647, 0.01580343209207058, 0.02690425142645836, 0.019075391814112663, 0.009842372499406338, -0.013670697808265686, -0.04506561532616615, 0.01846603862941265, 0.004384690895676613, -0.005258979741483927, -0.003151082433760166, -0.001337926834821701, -0.013067968189716339, -0.004543652292340994, -0.017975907772779465, 0.04231027886271477, 0.011908872984349728, -0.008332237601280212, 0.029063479974865913, -0.015485509298741817, 0.006182943936437368, -0.001332959276624024, 0.00848457496613264, 0.02633463777601719, -0.03306401148438454, 0.0035435189493000507, 0.021896960213780403, 0.002540073823183775, 0.004470794927328825, 0.004765536170452833, 0.017379801720380783, 0.051318101584911346, -0.03894559293985367, -0.003038484835997224, 0.034759603440761566, 0.004722484387457371, 0.038283251225948334, -0.0019274094374850392, 0.004421119578182697, 0.02180423215031624, -0.011372378095984459, 0.018691234290599823, 0.0009454903774894774, -0.001087065553292632, -0.014187322929501534, -0.011789651587605476, 0.006076969671994448, 0.031024005264043808, -0.02597697451710701, -0.016505513340234756, -0.003917741123586893, 0.01579018495976925, -0.008411717601120472, 0.020996177569031715, -0.024890737608075142, 0.020413318648934364, -0.0038846239913254976, 0.0029788741376250982, -0.005341771990060806, 0.0009794352808967233, -0.0050933947786688805, -0.02050604671239853, 0.03388531506061554, -0.015578236430883408, 0.005702747497707605, 0.015392781235277653, -0.019459549337625504, -0.005557032767683268, 0.009842372499406338, -0.011716794222593307, -0.0025914052966982126, 0.04628431797027588, -0.02690425142645836, 0.02406943589448929, 0.019909940659999847, -0.00931250024586916, 0.0015175865264609456, 0.016041874885559082, -0.0007914963061921299, -0.01804214157164097, 0.01618758961558342, 0.011617443524301052, -0.003626311430707574, -0.038336239755153656, 0.008034184575080872, 0.006507490295916796, 0.01786993257701397, 0.014306544326245785, -0.0013370988890528679, 0.005189433693885803, -0.026639314368367195, -0.009444968774914742, 0.02580476552248001, 0.00028045958606526256, -0.007828858681023121, 0.021883713081479073, -0.017035385593771935, -0.005212615709751844, -0.01278978493064642, 0.006653205491602421, 0.017379801720380783, 0.025513336062431335, 0.0035302722826600075, -0.021711505949497223, 0.027010224759578705, 0.027036719024181366, -0.03520999476313591, -0.026811523362994194, 0.021049166098237038, 0.0177109707146883, -0.006467750295996666, -0.0041859885677695274, -0.025129180401563644, 4.331082527642138e-05, 0.0034607264678925276, 0.010822635143995285, -0.011816145852208138, -0.011451859027147293, -0.02128760702908039, 0.027897760272026062, -0.0013147449353709817, 0.011431988328695297, 0.002415885217487812, -0.01102133747190237, -0.0017237399006262422, -0.000969500164501369, -0.015604730695486069, -0.023022938519716263, -0.011822769418358803, -0.008424964733421803, -0.009153538383543491, 0.026824770495295525, 0.009173409081995487, 0.005656383465975523, 0.0012344361748546362, -0.017181100323796272, -0.023036185652017593, -0.026771781966090202, -0.01616109535098076, 0.007895092479884624, 0.006093528121709824, 0.00531527865678072, -0.04024377837777138, 0.013518359512090683, 0.0071267783641815186, -0.005268914625048637, 0.007908339612185955, -0.00418930035084486, -0.034547653049230576, -0.02071799524128437, 0.042999111115932465, 0.011266403831541538, 0.002281761262565851, -0.01335277408361435, 0.0007633468485437334, 0.0010713349329307675, -0.0017452659085392952, -0.005023848731070757, 0.008312366902828217, 0.0019903318025171757, 0.006934699602425098, -0.009438345208764076, -0.022307612001895905, 0.010948480106890202, 0.023208392783999443, -0.004510535392910242, -0.04718510061502457, -0.013697191141545773, -0.013478619046509266, -0.023857487365603447, 0.00999471079558134, 0.001679031876847148, 0.01960526406764984, -0.009014447219669819, -0.011471728794276714, 0.023128913715481758, 0.007007556967437267, 0.007742754649370909, -0.004854951985180378, 0.008577303029596806, -0.020638514310121536, 0.0014480408281087875, 0.004384690895676613, -0.016611486673355103, 0.004907939583063126, -0.0004065111861564219, 0.004325080197304487, 0.04408534988760948, 0.009286006912589073, 0.010590816847980022, 0.0006681354716420174, -0.010849129408597946, -0.008862108923494816, -0.001962182344868779, -0.007842105813324451, 0.00715989526361227, 0.0019274094374850392, 0.05611344426870346, -0.010657050646841526, 0.028904518112540245, 0.014028361067175865, 0.027977241203188896, -0.004272093065083027, 0.020996177569031715, 0.0037157274782657623, 0.039237022399902344, 0.0060239820741117, -0.002402638318017125, -0.020850462839007378, -0.00023388881527353078, 0.010186789557337761, -0.029593350365757942, 0.03854818642139435, 3.864728057578759e-07, 0.009358864277601242, -0.008716394193470478, 0.0022668587043881416, 0.0016136257909238338, 0.006159761920571327, 0.010868999175727367, -0.017234086990356445, -0.020042408257722855, 0.002263546921312809, -0.010676920413970947, 0.010398738086223602, -0.01920785941183567, -0.006752556189894676, -0.013226930052042007, -0.017035385593771935, 0.013948880136013031, 0.022506313398480415, 0.0006871777586638927, 0.019909940659999847, 0.0002773548767436296, 0.004871510900557041, 0.01976422592997551, -0.017088372260332108, -0.0013536573387682438, 0.014346284791827202, 0.0012841116404160857, 0.004911250900477171, 0.002606307854875922, -0.00258809351362288, 0.048112377524375916, 0.02654658630490303, -0.011491598561406136, 0.02356605790555477, 0.018201103433966637, -0.01035237405449152, -0.013948880136013031, -0.006004112306982279, -0.02294345758855343, -0.021870465949177742, 0.016465771943330765, -0.019499288871884346, 0.029831793159246445, 0.009557566605508327, 0.032083749771118164, 0.016227329149842262, 0.0025301387067884207, 0.014836415648460388, -0.01730032078921795, -0.027420876547694206, 0.01026626955717802, -0.026122689247131348, 0.0057888515293598175, -0.015564990229904652, -0.014306544326245785, 0.0028199125081300735, -0.02090344950556755, -0.015896160155534744, 0.00212114374153316, 0.02486424334347248, -0.024784762412309647, -0.010524583049118519, 0.005321901757270098, 0.02539411559700966, -0.01553849596530199, -0.013432255014777184, 0.03457414731383324, 0.016479019075632095, -0.0029010490979999304, 0.004666185472160578, -0.016121355816721916, 0.004245599266141653, -0.013226930052042007, 0.011365754529833794, -0.05274875834584236, 0.0003928504011128098, -0.012299654074013233, -0.01384290587157011, 0.001143364468589425, 0.00498410826548934, 0.024758270010352135, 0.01769772544503212, -0.02919594757258892, -0.011935367248952389, -0.012564590200781822, -0.018028894439339638, -0.015776939690113068, -0.05023186653852463, 0.01458472665399313, 0.023989954963326454, -0.029884781688451767, -0.016479019075632095, -0.023976707831025124, -0.024745022878050804, -0.020929943770170212, 0.020943190902471542, -0.005292096640914679, -7.798018486937508e-05, 0.019512536004185677, 0.0025698791723698378, -0.013412385247647762, 0.011418741196393967, 0.048324327915906906, -0.002831503516063094, -0.006666452158242464, -0.016637980937957764, 0.025685545057058334, 0.011544586159288883, 0.005898137576878071, 0.009743021801114082, -0.009431721642613411, 0.024930477142333984, -0.0004050623101647943, -0.005437811370939016, -0.03573986515402794, 0.010696791112422943, 0.02691749669611454, 0.02824217826128006, -0.0033299142960458994, -0.0026592949870973825, 0.045463018119335175, 0.002982185920700431, 0.018399804830551147, 0.022930210456252098, -0.0033464727457612753, -0.022519560530781746, -0.00017345028754789382, 0.01959201693534851, -0.0034077393356710672, -0.022148650139570236, 0.013326280750334263, 0.0399523489177227, -0.0041694301180541515, -0.011100818403065205, -9.231363947037607e-05, -0.0001069058125722222, 0.021737998351454735, -0.013789919205009937, 0.0016765481559559703, 0.027950748801231384, 0.003960793372243643, 0.025553077459335327, 0.003381245769560337, 0.008530938997864723, 0.009835748933255672, 0.02202942781150341, 0.026639314368367195, 0.0082726264372468, 0.03788584843277931, -0.002611275529488921, 0.006103463005274534, -0.04572795331478119, 0.005894825793802738, -0.028136203065514565, 0.007371844258159399, 0.023605797439813614, -0.01206121128052473, -0.019393315538764, 0.00855743233114481, -0.0056861890479922295, -0.007636780384927988, -0.01159757375717163, 0.033779341727495193, -0.006795608438551426, 0.034203238785266876, 0.007855352014303207, -0.01786993257701397, -0.033593885600566864, -0.01563122309744358, -0.018505780026316643, 0.016134602949023247, -0.014478752389550209, -0.015962393954396248, -0.01281627919524908, -0.017816945910453796, 0.01602862775325775, -0.007212882395833731, -0.003977351821959019, -0.005583526100963354, -0.002432443667203188, -0.034759603440761566, 0.011253156699240208, -0.002718905685469508, -0.001861175405792892, 0.02371177263557911, -0.020400071516633034, 0.011975106783211231, 0.02373826503753662, 0.00030943696037866175, 0.0036561167798936367, -0.01653200574219227, -0.01120016910135746, 0.008299119770526886, 0.01882370188832283, -0.0032305633649230003, -0.018028894439339638, 0.0008366181864403188, 0.011822769418358803, -0.0091469157487154, -0.0010663673747330904, 0.016492266207933426, 0.0054212529212236404, -0.0016914508305490017, 0.0005385652184486389, 0.0067591797560453415, 0.0282156839966774, -0.0001514067844254896, -0.028162697330117226, 0.022705014795064926, -0.04148897901177406, -0.000606041110586375, -0.042999111115932465, 0.009769515134394169, -0.018201103433966637, -0.018545519560575485, 0.004043585620820522, -0.011875756084918976, -0.027791786938905716, -0.00037463605985976756, -0.013001734390854836, 0.00015564990462735295, 0.009809255599975586, -0.0009752956684678793, 0.005295408423990011, -0.005679565481841564, 0.004262157715857029, 0.0029590039048343897, 0.00922639574855566, 0.005003978498280048, -0.007742754649370909, 0.021724751219153404, 0.019075391814112663, -0.03354089707136154, 0.036269739270210266, 0.010306010022759438, -0.01712811179459095, -0.03314349427819252, 0.011875756084918976, 0.016320057213306427, 0.04090612009167671, -0.013200435787439346, -0.014836415648460388, -0.012160561978816986, -0.010670297779142857, -0.003576636081561446, 0.01767123118042946, 0.008060677908360958, -0.02050604671239853, -0.01269705779850483, -0.0051960572600364685, -0.002934166230261326, -0.005292096640914679, 0.024334371089935303, -0.028295164927840233, -0.017604997381567955, 0.02808321639895439, -0.007656650617718697, 0.04326405003666878, -0.031712837517261505, -0.008259380236268044, -0.0032835504971444607, -0.014571480453014374, -0.0009231363655999303, -0.0007144992705434561, 0.0062789833173155785, -0.0019671497866511345, 0.03444167971611023, 0.01994968019425869, 0.013948880136013031, -0.007014180533587933, -0.005318589974194765, 0.003960793372243643, 0.009915229864418507, -0.007318857125937939, -0.010445102117955685, 0.0004541168746072799, -0.0019158184295520186, 0.027394382283091545, 0.030255692079663277, 0.02144656889140606, -0.0036130647640675306, -0.012849396094679832, 0.020797476172447205, 0.020797476172447205, -0.015300054103136063, -0.04445626214146614, -0.015313301235437393, -0.030732575803995132, 0.005570279434323311, -0.009584059938788414, 0.00018183303473051637, 0.006560477893799543, -0.0357663594186306, 0.00874951109290123, 0.03052062727510929, 0.015101351775228977, 0.004941056482493877, -0.006040540989488363, 0.012756668031215668, -0.02522190660238266, 0.02069150097668171, 0.01826733723282814, -0.0030186146032065153, -0.016068369150161743, -0.0240959282964468, -0.044747691601514816, -0.016704214736819267, 0.022267870604991913, -0.02279774285852909, -0.0004843361384700984, 0.012564590200781822, -0.0032156608067452908, 0.0008585582254454494, 0.009067434817552567, 0.0018677988555282354, 0.005646448582410812, 0.017366554588079453, -0.02935490943491459, -0.004914562683552504, -0.025884246453642845, -0.0246787890791893, -0.010272893123328686, 0.0029225752223283052, 0.0203205905854702, -0.00998146366328001, 0.02671879529953003, -0.0019340327708050609, -0.020665008574724197, 0.0066465819254517555, -0.002102929400280118, 0.026996977627277374, -0.037382468581199646, 0.028136203065514565, 0.012763291597366333, -0.0013867743546143174, -0.022506313398480415, 0.027447368949651718, 0.013869399204850197, 0.006010735407471657, 0.003099751193076372, 0.016836682334542274, -0.009537695907056332, -0.013776672072708607, 0.01496888417750597, 0.024745022878050804, -0.03123595379292965, -0.04575444757938385, 0.04164794087409973, -0.0038283253088593483, 0.02204267494380474, 0.0032570569310337305, 0.0034342329017817974, 0.00186945463065058, 0.03404427692294121, -0.00705392099916935, -0.01278978493064642, 0.01496888417750597, -0.014796675182878971, -0.003609752980992198, 0.01579018495976925, -0.02526164799928665, -0.0068552191369235516, -0.00904756411910057, -0.014796675182878971, -0.01862500049173832, -0.010961727239191532, 0.002930854447185993, 0.012266537174582481, -0.00456021074205637, 0.013723684474825859, -0.006341905333101749, 0.03070608153939247, 0.003003711812198162, 0.01431979052722454, 0.00040982288192026317, 0.0036130647640675306, 0.0028993934392929077, 0.029487377032637596, -0.007550675887614489, -0.010100685060024261, 0.023446835577487946, -0.013293163850903511, 0.004431054461747408, 0.010392114520072937, 0.004702614154666662, 0.012955370359122753, -0.04313158243894577, -0.024718528613448143, 9.365901496494189e-05, 0.010186789557337761, -0.021963194012641907, -0.01431979052722454, -0.014756935648620129, -0.032666608691215515, 0.0050834594294428825, -0.01673070900142193, 0.015114598907530308, 0.044350285083055496, -0.007318857125937939, -0.008226262405514717, -0.003921052906662226, 0.009809255599975586, -0.014399271458387375, 0.00043466061470098794, 0.006888336036354303, -0.010339127853512764, -0.023089172318577766, 0.018028894439339638, -0.04578094184398651, -0.0016782039310783148, -0.016611486673355103, -0.004990731831640005, 0.0040104687213897705, 0.003788584843277931, 0.027526849880814552, 0.002271826146170497, -0.04405885562300682, -0.026970485225319862, -0.0019505913369357586, 0.008537562564015388, 0.0007492721197195351, -0.01533979456871748, 0.006775738205760717, -0.00376540282741189, 0.0005174531252123415, -0.003964104689657688, -0.03552791848778725, 0.002545041497796774, -0.0010481530334800482, -0.0005638169241137803, 0.023446835577487946, -0.013630957342684269, 0.02127435989677906, 0.031553879380226135, 0.0010787863284349442, -0.009007823653519154, -0.02050604671239853, -0.0034507913514971733, -0.0365876629948616, 0.016836682334542274, -0.015525249764323235, 0.00014002282114233822, -0.01712811179459095, -0.004911250900477171, -0.018730975687503815, 0.031898293644189835, 0.00837860070168972, -0.014028361067175865, 0.006981063634157181, -0.0005013085901737213, -0.022122155874967575, 0.026824770495295525, -0.0025384181644767523, -0.006941323168575764, 0.005659695249050856, -0.008868732489645481, -0.004649627022445202, 0.0025351063814014196, -0.021751245483756065, 0.027738798409700394, 0.02465229481458664, 0.005454369820654392, 0.004414496012032032, 0.0004255534440744668, -0.02148631028831005, 0.020068902522325516, 0.0015871322248131037, 0.01976422592997551, 0.0027718928176909685, -0.020850462839007378, 0.011889003217220306, 0.01809512823820114, 0.017816945910453796, 0.022705014795064926, -0.01495563704520464, -0.01955227740108967, 0.008385224267840385, -0.014624467119574547, -0.01006756816059351, -0.029328415170311928, -0.04615185037255287, 0.001207942608743906, 0.0011085915612056851, -0.007305609993636608, -0.017260581254959106, 0.024798009544610977, -0.011511469259858131, 0.00017334679432678968, -0.004596639424562454, 0.016333304345607758, -0.01882370188832283, 0.007146648596972227, 0.031898293644189835, 0.0035335838329046965, -0.013028227724134922, -0.011458481661975384, -0.00705392099916935, -0.005590149667114019, 0.005030472297221422, 0.012763291597366333, -0.0075043123215436935, -0.0035468307323753834, -0.0022652028128504753, -0.020227864384651184, -0.0012071146629750729, -0.021579036489129066, 0.027235420420765877, 0.01826733723282814, 0.010279516689479351, 0.023658784106373787, 0.011114065535366535, 0.0068618422374129295, -0.01677044853568077, -0.006835348904132843, -0.03404427692294121, -0.0018793897470459342, 0.0021194880828261375, -0.029672831296920776, 0.0077758715488016605, -0.008537562564015388, 0.016412785276770592, -0.014425764791667461, -0.007418207824230194, 0.006467750295996666, -0.001306465594097972, -0.04101209342479706, 0.023844240233302116, 0.0005675425636582077, -0.0018876689719036222, 0.02500995807349682, -0.0028927698731422424, 0.018187856301665306, -0.00324546592310071, -0.028957504779100418, 0.006404827814549208, -0.013882646337151527, 4.2896863305941224e-05, -0.011041208170354366, -0.01712811179459095, 0.02070474810898304, 0.03253414109349251, -0.010855752974748611, -0.001532489201053977, 0.011491598561406136, 0.19679446518421173, -0.020068902522325516, -0.013101085089147091, 0.02281098999083042, -0.017856687307357788, 0.029328415170311928, 0.029116466641426086, 0.003805143292993307, 0.009776138700544834, 0.016121355816721916, -0.01694265753030777, -0.014836415648460388, -0.02504969947040081, 0.02054578624665737, 0.014240309596061707, -0.04533055052161217, 0.0031411475501954556, -0.02087695710361004, 0.00043880025623366237, -0.030573613941669464, 0.02069150097668171, -0.012465238571166992, 0.004447612911462784, -0.008385224267840385, 0.06379658728837967, 0.0054609933868050575, 0.002660950878635049, -0.009570812806487083, 0.02429463155567646, 0.0041628070175647736, 0.0007885985542088747, 0.004063455853611231, -0.0034276095684617758, -0.0031825436744838953, -0.015909407287836075, -0.0016003790078684688, -0.017790451645851135, -0.005338460206985474, 0.014333037659525871, 0.014266803860664368, 0.03261362016201019, 0.0008933310746215284, -0.02877204865217209, -0.030176211148500443, 0.00902769435197115, 0.03634921833872795, 0.01271030493080616, -0.027182433754205704, 0.004977485164999962, -0.0006776566151529551, -0.02050604671239853, 0.004662873689085245, -0.017737464979290962, -0.01092861033976078, 0.0007592072361148894, 0.013240176253020763, 0.028003735467791557, 0.018320323899388313, -0.03181881457567215, 0.022466572001576424, 0.021552544087171555, 0.002400982426479459, -0.033037520945072174, 0.016108108684420586, 0.006176320370286703, 0.002498677698895335, 0.006447880063205957, -0.0257782731205225, 0.005192745476961136, -0.01553849596530199, 0.01232614740729332, -0.012988487258553505, -0.012942123226821423, 0.013882646337151527, -0.020267603918910027, -0.03160686418414116, 0.024586061015725136, 0.03486557677388191, 0.01543252170085907, 0.03725000098347664, -0.009630423970520496, -0.002558288164436817, -0.010120554827153683, -0.013856153003871441, -0.003970728255808353, -0.029646338894963264, 0.016452524811029434, 0.0031626734416931868, -0.012630823999643326, -0.03375284746289253, -0.010378867387771606, -0.006745933089405298, -0.009279383346438408, 0.026467107236385345, 0.020982930436730385, 0.015392781235277653, 0.024029694497585297, 0.00479534175246954, 0.0020532540511339903, -0.026135936379432678, -0.01006756816059351, 0.06225996091961861, 0.014783428981900215, 0.010703414678573608, -0.018108375370502472, 0.0163730438798666, -0.0013991931919008493, 0.0033613755367696285, 0.007497688755393028, -0.02731490135192871, -0.013524983078241348, -0.01639953814446926, -0.015935899689793587, -0.011120688170194626, -0.006345217116177082, -0.001505995518527925, -0.004937744699418545, -0.010974973440170288, 0.011080948635935783, -0.016479019075632095, 0.012922253459692001, -0.02842763252556324, -0.007789118215441704, 0.007835482247173786, -0.008782627992331982, -0.006520737428218126, -0.04231027886271477, 0.009484709240496159, -0.004493976943194866, -0.014571480453014374, 0.0029805300291627645, -0.017591750249266624, 0.015273560769855976, -0.0075109354220330715, -0.004782094620168209, 0.01920785941183567, -0.011769781820476055, -0.006752556189894676, -0.0012841116404160857, -0.008352107368409634, -0.00038312230026349425, -0.003907805774360895, 0.019711239263415337, 0.01617434248328209, 0.012511602602899075, -0.023778006434440613, 0.02205592207610607, 0.004202547483146191, -0.012922253459692001, -0.012577836401760578, -0.04411184415221214, 0.038707148283720016, 0.000612250529229641, -0.02016162872314453, 0.009630423970520496, -0.0003483494510874152, -0.012564590200781822, -0.010226530022919178, 0.016333304345607758, -0.006073657888919115, -0.02033383771777153, -0.0013751834630966187, 0.020002668723464012, -0.006656516809016466, -0.021367087960243225, 0.0016442590858787298, -0.16669772565364838, 0.011239909566938877, 0.006209437269717455, -0.030229197815060616, 0.0074645718559622765, 0.006159761920571327, -0.0005112437065690756, 0.010133801959455013, -0.03105049952864647, -0.015101351775228977, 0.012736798264086246, -0.041674431413412094, -0.018108375370502472, 0.008040807209908962, 0.014531739987432957, -0.013935633935034275, -0.0034772849176079035, 0.026202170178294182, 0.02296995185315609, 0.030176211148500443, 0.032083749771118164, -0.0002243676717625931, -0.006828725337982178, -0.0008092966745607555, -0.0009786073351278901, -0.0361107774078846, 0.009352240711450577, -0.024705281481146812, -0.007279116660356522, -0.006467750295996666, 0.00490131601691246, -0.009107175283133984, 0.03250764682888985, 0.0076169101521372795, -0.01903565227985382, 0.0049874200485646725, -0.007789118215441704, -0.002198968781158328, -0.009372111409902573, 0.02238709107041359, -0.0018065323820337653, 0.03555441275238991, 0.010345750488340855, -0.0002220908791059628, 0.01866474188864231, 0.039237022399902344, 0.004460860043764114, -0.020241109654307365, -0.010716660879552364, -0.01677044853568077, -0.0010266270255669951, -0.0003949202364310622, 0.012187056243419647, 0.014982130378484726, -0.020002668723464012, 0.005003978498280048, -0.010670297779142857, 0.02561931125819683, 0.018346818163990974, -0.0167836956679821, 0.013895893469452858, -0.005401382688432932, 0.003964104689657688, 0.008020937442779541, 0.012094328179955482, -0.013710438273847103, -0.013697191141545773, 0.012193679809570312, -0.017353307455778122, 0.0034276095684617758, -0.0020681566093117, -0.04178040847182274, 0.008517692796885967, -0.009703281335532665, 0.02013513632118702, 0.015472262166440487, -0.027818279340863228, -0.00612002145498991, -0.015220573171973228, 0.005169563926756382, -0.024387359619140625, 0.01956552267074585, -0.0271161999553442, -0.03629623353481293, -0.010484842583537102, 0.014425764791667461, -0.0005725101218558848, 0.014637714251875877, -9.236538608092815e-05, 0.00857067946344614, 0.007828858681023121, -0.025831259787082672, 0.00691482936963439, -0.01100146770477295, -0.007173142395913601, 0.036243245005607605, 0.0038978708907961845, -0.028745556250214577, -0.008723017759621143, -0.026255156844854355, 0.004775471519678831, 0.003927676007151604, -0.03648168593645096, -0.001436449820175767, 0.005378200672566891, -0.016876423731446266, -0.02054578624665737, 0.005878267344087362, 0.03139491751790047, -0.023393848910927773, 0.02091669663786888, 0.008471328765153885, 0.010358997620642185, 0.007577169686555862, 0.012193679809570312, 0.042416252195835114, -0.014849662780761719, -0.002394359093159437, 0.004023715388029814, -0.0242681372910738, 0.04758250713348389, 0.010272893123328686, -0.013034851290285587, 0.01225329004228115, -0.0073519740253686905, -0.0042191059328615665, -0.10385490953922272, 0.013405761681497097, 0.020201370120048523, 0.028931010514497757, -0.005007290281355381, 0.009338993579149246, -0.012531472370028496, 0.010405361652374268, -0.0011450202437117696, 0.0014124400913715363, -0.039819881319999695, -0.03428271785378456, -0.006411451380699873, -0.017048630863428116, 0.034918565303087234, -0.01110744196921587, -0.0018595195142552257, -0.03271959722042084, -0.005070212762802839, 0.03168634697794914, 0.0013867743546143174, -0.006600217893719673, 0.013028227724134922, -0.0064379447139799595, -0.008915096521377563, -0.001740298350341618, -0.015763692557811737, 0.02181747928261757, -0.0007583792903460562, 0.015512002632021904, -0.0330905057489872, -0.012564590200781822, 0.01597564108669758, -0.02106241136789322, 0.012273159809410572, -0.003692545462399721, 0.0026294898707419634, -0.010319257155060768, 0.030918031930923462, -0.012511602602899075, 0.012763291597366333, 0.011080948635935783, 0.0026824770029634237, -0.018744222819805145, 0.010047697462141514, -0.011703548021614552, 0.00550404516980052, -0.014518492855131626, -0.021565791219472885, -0.011902249418199062, -0.0027155939023941755, -0.001467911060899496, -0.02654658630490303, -0.0246787890791893, -0.009928476996719837, -0.026996977627277374, 0.02916945330798626, 0.003921052906662226, -0.011975106783211231, -0.0006279810913838446, -0.012961993925273418, -0.013816412538290024, -0.022652028128504753, 0.012922253459692001, 0.021552544087171555, -0.010782895609736443, -0.039660919457674026, -5.02705697726924e-05, 0.000922308478038758, 0.008014313876628876, -0.008292497135698795, 0.01956552267074585, -0.017419541254639626, 0.0061167096719145775, -0.01712811179459095, 0.01157107949256897, -2.993466296175029e-05, 0.0032189723569899797, -0.008776005357503891, -0.00895483698695898, -0.020280851051211357, 0.0009272759780287743, 0.009087304584681988, -0.028904518112540245, 0.030414652079343796, -0.010339127853512764, 0.014041608199477196, 0.00447741849347949, 0.0044443015940487385, -0.015737198293209076, 0.0025268271565437317, 0.01635979861021042, 0.02090344950556755, -0.010345750488340855, -0.013445502147078514, -0.0049244980327785015, 0.008683277294039726, -0.003454103134572506, 0.015260313637554646, 0.03489207103848457, -0.016836682334542274, -0.00865678396075964, -0.04930458962917328, -0.0002469286264386028, 0.006755867972970009, 0.010498088784515858, -0.0016235609073191881, -0.006037229206413031, 0.000969500164501369, 0.002341371960937977, 0.0009521137690171599, 0.017552010715007782, -0.025460349395871162, -0.00810704194009304, 0.0024903984740376472, 0.014439011923968792, -0.043767426162958145, -0.021565791219472885, 0.0315803699195385, -0.01533979456871748, 0.00724599976092577, 0.01955227740108967, 0.00011208034993615001, 0.012273159809410572, 0.004599951207637787, 0.015525249764323235, -0.012445368804037571, -0.005063589196652174, -8.07226897450164e-05, 0.014293297193944454, 0.014372778125107288, 0.013644203543663025, -0.004378067329525948, -0.025129180401563644, -0.00324546592310071, 0.027049966156482697, -0.03743545711040497, -0.00949133187532425, -0.015949146822094917, 0.00913366861641407, 0.020757734775543213, 0.05484175309538841, -0.008537562564015388, -0.040349751710891724, -0.007868599146604538, -0.06469736993312836, -0.007014180533587933, -0.017432788386940956, -0.03142140805721283, 0.0005257323500700295, -0.011425364762544632, -0.018227597698569298, 0.0269439909607172, 0.007000933866947889, 0.019313834607601166, -0.029142960906028748, 0.002748711034655571, -0.018545519560575485, 0.00418930035084486, -0.024917230010032654, 0.018015647307038307, -0.01692941039800644, 0.0269439909607172, 0.015101351775228977, 0.013014980591833591, -0.004215794149786234, -0.0016202492406591773, -0.01449199952185154, 0.003987286705523729, 0.009782761335372925, 0.007908339612185955, -0.010862375609576702, -0.032269205898046494, 0.002091338625177741, 0.00672606285661459, 0.003894559107720852, 0.026096196845173836, -0.005649760365486145, 0.001398365362547338, 0.0033133558463305235, -0.01043847855180502, 0.012385757640004158, 0.02425489015877247, 0.005431187804788351, -0.014796675182878971, 0.031182967126369476, 0.042628202587366104, 0.020929943770170212, -0.024440346285700798, 0.010676920413970947, -0.011339261196553707, -0.00275202258490026, -0.021512802690267563, 0.010816012509167194, -0.003788584843277931, 0.016823435202240944, 0.009458214975893497, 0.0114982221275568, 0.01580343209207058, -0.015141092240810394, -0.002869588090106845, 0.014796675182878971, 0.004861575551331043, 0.023817745968699455, -0.01251822616904974, -0.027765292674303055, -0.008279250003397465, 0.010610686615109444, -0.003513713600113988, -0.0282156839966774, 0.0024142293259501457, 0.0073519740253686905, 0.020612020045518875, 0.0010415297001600266, 0.005659695249050856, 0.004947679582983255, -0.02449333295226097, -0.0034872200340032578, 0.002324813511222601, -0.012014847248792648, -0.017777206376194954, 0.01006756816059351, 0.0207312423735857, 0.015127846039831638, 0.021234620362520218, 0.025526583194732666, -0.005225862376391888, -0.002515236148610711, 0.034150250256061554, -0.012206926010549068, 0.006126645021140575, -0.010306010022759438, 0.010941856540739536, -0.0246787890791893, -0.030414652079343796, 0.00753080565482378, -0.016876423731446266, -0.033620379865169525, 0.01128627359867096, 0.03746195137500763, -0.0038018315099179745, 0.10947155207395554, 0.02295670472085476, -0.00951782613992691, 0.004017092287540436, 0.00475228950381279, -0.019353574141860008, -0.0007211226620711386, -0.008623667061328888, -0.010001334361732006, -0.00021360465325415134, 0.026400871574878693, -0.009557566605508327, 0.0008502790005877614, -0.02145981602370739, -0.020453060045838356, -0.0028348152991384268, -0.013319657184183598, -0.0005783056258223951, -0.01196848414838314, 0.007120154798030853, 0.021155139431357384, -0.010411985218524933, 0.013776672072708607, -0.011696924455463886, -0.0346006415784359, 0.0037521561607718468, 0.02858659438788891, 0.014531739987432957, -0.017419541254639626, -0.026493599638342857, 0.007120154798030853, -0.0008982986328192055, -0.03785935416817665, -0.012259913608431816, 0.01638629101216793, -0.01618758961558342, -0.008756134659051895, -0.027010224759578705, 0.00573917618021369, 0.0019141626544296741, 0.020625267177820206, 0.03695857152342796, -0.02539411559700966, 0.0063816457986831665, -0.030573613941669464, -0.016452524811029434, -0.009014447219669819, -0.028666075319051743, -0.006076969671994448]"
"Personas con Alzheimer o demencia se confunden, deprimen y se enojan. Tienen dificultad para controlar sus sentimientos y acciones. Podrían pegar y gritar.Sus palabras o acciones no se deberán de tomar de manera personal. Escuchen por el significado, no solo lo que están diciendo. ¿Qué puede hacer? 1. Mantenga las cosas lo mas sencillo posible: busque actividades que la persona con Alzheimer todavía pueda y quiera hacer, mantenga el hogar tranquilo y calmado, hable lentamente usando frases cortas y sencillas; 2. Haga un cambio: ofrézcale algo para comer como una fruta o un dulce, llévelo a otro cuarto en la casa, pregúnteles si quieren ver la televisión u oír música, háblele de algo que a ellos les gusta; 3. Manténgase seguro: saquen o guarden bajo llave objetos que podrian ser armas (pistolas, cuchillos, etc.), si usted no se siente seguro, aléjese lentamente y pida ayuda, llamen al 106 si usted u otra persona tiene urgencia medica y al 105 si usted u otra persona esta en peligro. ¿POR QUÉ PASA ESTE PROBLEMA? Personas con Alzheimer o demencia pueden confundirse con: personas o lugares nuevos, algo que ven y no entienden. Personas con Alzheimer o demencia pueden frustrarse porque no pueden: ponerse el suéter, abrir la puerta, encontrar algo que perdió como la bolsa, la cartera o los lentes. Personas con Alzheimer o demencia pueden tener miedo de: el baño o la ducha, de una persona o un lugar nuevo.","[-0.009140418842434883, -0.012100954540073872, 0.046712085604667664, -0.04287412017583847, -0.018634334206581116, 0.03143597021698952, 0.0006781931733712554, 0.026487015187740326, -0.026891011744737625, -0.011387648992240429, -0.013066758401691914, 0.040147144347429276, -0.006703815422952175, 0.02691625989973545, -0.012088330462574959, 0.015983108431100845, 0.028027251362800598, 0.012991009280085564, 0.027547504752874374, -0.012290327809751034, -0.014796368777751923, 0.026083018630743027, 0.008660673163831234, -0.005712761543691158, -0.035046689212322235, 0.0022961513604968786, 0.010870028287172318, -0.010377657599747181, 0.022333426401019096, -0.02186630479991436, 0.031031973659992218, 0.000964225793723017, -0.0020783720538020134, -0.0068048145622015, 0.00045962483272887766, -0.007076249457895756, -0.007802180480211973, -0.02661326341331005, 0.0015860014827921987, -0.01488474290817976, -0.0019126704428344965, -0.006905813701450825, -0.00635347468778491, -0.03658692538738251, 0.001542603480629623, 0.03628392890095711, -0.046005092561244965, -0.007151999045163393, -0.037546414881944656, 0.0206669420003891, 0.0212729349732399, 0.018886832520365715, -0.027648504823446274, -0.01155808474868536, 0.018078839406371117, -0.015339238569140434, -0.0033329704310745, 0.020477568730711937, 0.0008734844159334898, -0.011507585644721985, -0.009317167103290558, -0.014127249829471111, -0.009184605441987514, 0.024353409186005592, -0.00205785664729774, -0.006350318435579538, 0.011949456296861172, -0.020944688469171524, 0.008395550772547722, 0.02171480655670166, 0.01972007378935814, -0.000152484979480505, 0.009481290355324745, -0.006113601848483086, 0.02206830307841301, 0.009613852016627789, 0.015490736812353134, -0.014051499776542187, 0.012599637731909752, 0.025098277255892754, 0.016273479908704758, -0.031132973730564117, -0.03898565471172333, 0.019177203997969627, 0.01641235500574112, 0.03466794267296791, -0.015339238569140434, -0.005936853587627411, -0.00910254381597042, -0.005049955099821091, -0.022093553096055984, 0.0039105587638914585, 0.019353952258825302, 0.02115931175649166, 0.015642235055565834, 0.013294006697833538, 0.033405452966690063, 0.0011054667411372066, -0.010516531765460968, -0.015175115317106247, -0.008124114945530891, 0.012643825262784958, -0.0541355200111866, 0.005207766313105822, 0.005993665661662817, -0.01730872131884098, 0.005807448178529739, 0.002125715371221304, -0.009569664485752583, -0.03052697889506817, -0.024807903915643692, 0.017397094517946243, 0.008515486493706703, -0.023191919550299644, 0.005425545386970043, -0.008092553354799747, -0.010371345095336437, 0.015200364403426647, 0.0010541781084612012, -0.03385994955897331, 0.003819028614088893, 0.007107811979949474, 0.01496049202978611, -0.000529061711858958, -0.0028532245196402073, -0.02086894027888775, 0.0058042919263243675, 0.0020941533148288727, -0.03242071345448494, -0.0012332936748862267, -0.004447116516530514, 0.010314533486962318, 0.007612807210534811, -0.014771118760108948, -0.012669075280427933, 0.01926557905972004, -0.009279292076826096, -0.008565986528992653, -0.011400274001061916, -0.020225070416927338, 0.009329792112112045, 0.024593280628323555, -0.02976948581635952, -0.018003089353442192, 0.0004651482158806175, 0.026234516873955727, 0.0027127726934850216, 0.010825841687619686, 0.004844800569117069, 0.01576848514378071, 0.0197074506431818, -0.0008616485865786672, -0.01566748507320881, -0.022573299705982208, 0.005801136139780283, 0.027497004717588425, 0.009115168824791908, -5.6368149671470746e-05, -0.04406085982918739, -0.015616985969245434, 0.017321346327662468, 0.003279314609244466, -0.005829541943967342, 0.01766221784055233, -0.002665429376065731, 0.022800548002123833, -0.03350645303726196, -0.013470754958689213, 0.008995232172310352, -0.00905835721641779, -0.0017722186166793108, 0.04007139429450035, -0.001631766790524125, 0.020881563425064087, 0.021487558260560036, -0.011791645549237728, -0.0011346618412062526, 0.00507836090400815, -0.008988919667899609, -0.015175115317106247, -0.03688992187380791, 0.009664351120591164, 0.02086894027888775, 0.0104092201218009, -0.046409089118242264, 0.0017453907057642937, 0.03186521679162979, 0.018773207440972328, 0.0009129372192546725, -0.005109923426061869, 0.007650681771337986, 0.0036170303355902433, 0.0036675299052149057, -0.031587470322847366, -0.6330623626708984, -0.005548638291656971, 0.0021604339126497507, 0.013698003254830837, 0.0007377668516710401, 0.029845234006643295, 0.008648048155009747, 0.004971049726009369, -0.02901199273765087, -0.05287303030490875, 0.020427068695425987, 0.013193007558584213, -0.017927341163158417, -0.008294551633298397, -0.01906358078122139, -0.012637512758374214, -0.015339238569140434, -0.0038316533900797367, 0.019076205790042877, 0.020490193739533424, 0.003986308351159096, 0.01725822128355503, -0.014278748072683811, -0.001190684735774994, 0.0024255565367639065, -0.012296640314161777, -0.0036044055595993996, -0.031940966844558716, 0.002629132941365242, 0.03332970291376114, -0.015730610117316246, 0.006325068883597851, 0.0019379202276468277, 0.03138547018170357, 0.0549435131251812, -0.007196186110377312, 0.002217245986685157, 0.03885940462350845, -0.016071481630206108, 0.03047647885978222, 0.013395005837082863, -0.001091263722628355, 0.019985197111964226, -0.03338020294904709, 0.007278247736394405, 0.0006138851749710739, 0.0027190851978957653, -0.009336104616522789, -0.011084651574492455, 0.028431247919797897, 0.01122983731329441, 0.00802942831069231, -0.0197074506431818, -0.003961058333516121, 0.01990944892168045, 0.012290327809751034, 0.01860908418893814, -0.01666485145688057, -0.005706449039280415, 0.00823142658919096, 0.006918438710272312, -0.0001816800213418901, -0.019429702311754227, -0.004759582690894604, -0.028658494353294373, 0.037899911403656006, -0.02911299094557762, -0.005457107909023762, 0.01746021956205368, -0.0010368189541622996, -0.007158311549574137, -0.0027064604219049215, -0.030703727155923843, 0.001215934520587325, 0.022194553166627884, -0.013748502358794212, 0.03375894948840141, 0.006520754657685757, -0.009740101173520088, -0.005851635243743658, -0.0017816872568801045, 0.02176530659198761, -0.04459110274910927, 0.012965759262442589, 0.038303907960653305, 0.00014212861424311996, 0.012991009280085564, -0.00010967870912281796, -0.008187239989638329, 0.0032019871287047863, -0.0023292917758226395, -0.0017359220655635, 0.012448139488697052, -0.011507585644721985, 0.0010170924942940474, 0.007177248597145081, -0.006325068883597851, 0.014644869603216648, 0.026891011744737625, -0.004207243677228689, 0.016084106639027596, -0.03401144593954086, 0.02571689710021019, 0.026386015117168427, 0.028582746163010597, 0.01528873946517706, -0.04562634602189064, 0.03125922381877899, 0.04613133892416954, -0.0061388518661260605, -0.017826341092586517, 0.003370844991877675, 0.023280292749404907, -0.02646176517009735, -0.005943166092038155, -0.013634879142045975, 0.01107833907008171, 0.03676367178559303, 0.015452862717211246, -0.028658494353294373, 0.015970483422279358, -0.009481290355324745, -0.001312988344579935, 0.004967893473803997, 0.016551228240132332, -0.015692735090851784, -0.008130427449941635, 0.0202629454433918, 0.0022298707626760006, -0.004911081399768591, -0.0012064658803865314, -0.02512352727353573, 0.004494459833949804, 0.005867416504770517, 0.016589103266596794, 0.0021951524540781975, 0.01523823942989111, -0.0036833109334111214, 0.004933174699544907, -0.016424978151917458, -0.017447594553232193, -0.007234060671180487, 0.01965695060789585, 0.010099910199642181, 0.020477568730711937, -0.03388519957661629, 0.0003310087777208537, -0.018672209233045578, -0.0429498665034771, -0.01660172827541828, -0.0027111945673823357, -0.029491737484931946, -0.017573844641447067, 0.04774732515215874, -0.004393461160361767, 0.013660128228366375, -0.020490193739533424, 0.011999955400824547, -0.013723253272473812, -0.021222436800599098, 0.01641235500574112, 0.040450140833854675, -0.014935242012143135, -0.0031293940264731646, -0.022585924714803696, -0.023696914315223694, 0.026386015117168427, 0.024580655619502068, -0.032142963260412216, -0.02490890398621559, -0.013193007558584213, -0.00025269502657465637, -0.012662762776017189, 0.009443416260182858, 0.006372412201017141, 0.020591191947460175, -0.00660281628370285, -0.010604905895888805, 0.02080581523478031, 0.011999955400824547, 0.009260355494916439, 0.008439737372100353, -0.0013737456174567342, -0.004450272768735886, 0.022055678069591522, -0.005015236791223288, 0.013622254133224487, 0.02321716770529747, -0.028860492631793022, 0.028330247849225998, 0.025881020352244377, 0.025780020281672478, 0.004450272768735886, 0.0010660139378160238, -0.02146231010556221, 0.004033651668578386, -0.002698569791391492, -0.01891208253800869, -0.0010099910432472825, 0.02926448918879032, 0.03648592531681061, -0.004049432929605246, 0.017737967893481255, 0.020199820399284363, 0.01776321791112423, -0.01148233562707901, 0.025439148768782616, -0.013925251550972462, 0.0422428734600544, 0.005728542804718018, -0.011728520505130291, -0.03312770649790764, 0.00391371501609683, -0.01448074635118246, -0.011349773965775967, 0.029062490910291672, 0.019530700519680977, 0.02482052892446518, 0.014518621377646923, -0.007619119714945555, 0.0005752214347012341, 0.009645414538681507, 0.006987875327467918, 0.021651683375239372, -0.0013571754097938538, 0.015680110082030296, 0.031637970358133316, -0.0005669363890774548, -0.004159900359809399, -0.014846867881715298, 0.0024287127889692783, -4.7984438424464315e-05, 0.011621208861470222, 0.023999910801649094, -0.020199820399284363, 0.03418819606304169, 0.018495460972189903, -0.0001526822306914255, 0.012214578688144684, -0.0031862061005085707, -0.011810582131147385, 0.015844233334064484, 0.013546505011618137, 0.006085196044296026, 0.009689601138234138, 0.02686576172709465, 0.017573844641447067, 0.03380944952368736, 0.0068300641141831875, 0.025136152282357216, 0.0068300641141831875, 0.008067303337156773, -0.03181471675634384, -0.016841599717736244, -0.016828974708914757, -0.014543870463967323, 0.028229249641299248, -0.020174570381641388, 0.01936657726764679, 0.001922139199450612, 0.03603142872452736, -0.006284038070589304, 0.009676976129412651, 0.0062714130617678165, -0.0015220880741253495, -0.025035152211785316, 0.0039010902401059866, -0.03757166489958763, -0.004627021495252848, 0.02176530659198761, -0.008363988250494003, 0.02221980318427086, -0.020389193668961525, -0.004598615225404501, 0.005103610921651125, 0.009973661042749882, -0.033405452966690063, -0.018331337720155716, 0.033001456409692764, 0.01725822128355503, -0.006785877048969269, -0.02461853064596653, 0.03423869609832764, 0.03653642535209656, 0.010346095077693462, -0.004046276677399874, -0.0262597668915987, -0.0023229792714118958, -0.00905835721641779, 0.012795323505997658, -0.02946648746728897, 0.005839010700583458, -0.017548594623804092, 0.009108856320381165, -0.000498288543894887, 0.005393983330577612, 0.025628522038459778, 0.01766221784055233, -0.007997866719961166, -0.01255545113235712, 0.006520754657685757, -0.01862170919775963, -0.020439693704247475, -0.019783198833465576, -0.003025238635018468, 0.029491737484931946, -0.017548594623804092, -0.025729522109031677, 0.001767484238371253, -0.016298729926347733, -0.013496004976332188, -0.006943688262254, 0.008622798137366772, 0.01128033734858036, 0.018028339371085167, 0.014846867881715298, -0.012953135184943676, -0.007366621866822243, 0.022686922922730446, -0.004718551877886057, 0.013319256715476513, -0.009336104616522789, 0.00442817946895957, -0.002075216034427285, 0.02201780490577221, 0.01836921088397503, -0.013092008419334888, -0.0005334015004336834, 0.02147493325173855, 0.008193552494049072, -0.033001456409692764, -0.02105831354856491, 0.027396006509661674, -0.0026906791608780622, -0.029946234077215195, 0.002611773554235697, 0.03431444615125656, -0.01766221784055233, 0.025451773777604103, 0.018899457529187202, 0.005229859612882137, -0.031031973659992218, -0.008761672303080559, 0.005239328369498253, 0.004159900359809399, -0.014859492890536785, 0.016639601439237595, 0.013836877420544624, -0.012776385992765427, -0.0034150320570915937, 0.00015988237282726914, 0.01740971952676773, 0.02797675132751465, -0.023154044523835182, -0.00943079125136137, -0.00010415532597107813, 0.006634378340095282, 0.026007268577814102, -0.0003189756826031953, 0.009954724460840225, 0.012965759262442589, 0.006564941722899675, 0.019278204068541527, 2.692343514354434e-06, 0.025590647011995316, 0.0020326068624854088, 0.008212489075958729, -0.03292570635676384, 0.003724341979250312, -0.007524433080106974, 0.003594936802983284, 0.021942054852843285, -0.0061925072222948074, -0.01676585152745247, 0.02566639706492424, -0.01595785841345787, 0.013420255854725838, -0.009140418842434883, 0.013988375663757324, 0.005384514573961496, 0.02646176517009735, -0.0072151231579482555, -0.029996734112501144, 0.008370300754904747, 0.0004884253721684217, -0.011595959775149822, 0.004462897777557373, -0.012422889471054077, 0.006400818005204201, -0.001354019157588482, -0.004090463742613792, 0.03178946673870087, -0.01865958422422409, 0.00028228459996171296, 0.014720618724822998, -0.005472888704389334, -0.03370844945311546, 0.002150965156033635, -0.008382925763726234, 0.028355497866868973, 0.0022661674302071333, -0.026689013466238976, -0.0011346618412062526, 0.01845758594572544, -0.003531812457367778, -0.0018353430787101388, -0.014001000672578812, -0.015175115317106247, 0.02291417121887207, -0.0006762205739505589, 0.010724842548370361, -0.020439693704247475, -0.014442871324717999, 0.028633246198296547, -0.008288239128887653, -0.014026250690221786, 0.034339696168899536, 0.02247229963541031, -0.00023040419910103083, 0.004554428160190582, 0.018987830728292465, 0.03989464417099953, -0.0027790535241365433, -0.002405041130259633, 0.007555995136499405, -0.052267033606767654, -0.011602272279560566, -0.03562743216753006, 0.005472888704389334, -0.029188740998506546, -0.009525477886199951, 0.007909492589533329, -0.007802180480211973, -0.005201453808695078, 0.005551794543862343, -0.012877385132014751, 0.0015520721208304167, -0.004693301860243082, -0.00922879297286272, -0.006179882679134607, 0.00546657619997859, 0.03307720646262169, 0.04807557165622711, 0.0044755227863788605, 0.005760104861110449, -0.032092463225126266, 0.036107178777456284, 0.017826341092586517, -0.022232428193092346, 0.0100052235648036, 0.025679022073745728, -0.014569120481610298, -0.016626976430416107, -0.004895300138741732, 0.022080928087234497, 0.021437060087919235, -0.0010202487464994192, -0.008067303337156773, -0.04504559934139252, 0.0029116147197782993, -0.011602272279560566, 0.01740971952676773, -0.0011417632922530174, -0.008704859763383865, -0.0052803591825068, -0.007391871884465218, -0.019783198833465576, -0.02541389875113964, 0.01715722307562828, -0.035349685698747635, -0.012845823541283607, 0.017700092867016792, 0.01566748507320881, 0.0395158976316452, -0.019151953980326653, 0.007183561101555824, -0.038707904517650604, -0.01463224459439516, 0.002406619256362319, 0.012738511897623539, 0.002417665906250477, 0.00507836090400815, 0.018722709268331528, -0.005816916935145855, 0.028027251362800598, -0.003071004059165716, -0.002637023339048028, -0.001568642328493297, -0.006785877048969269, -0.001986841671168804, -0.02392416261136532, -0.012050455436110497, -0.03267320990562439, 0.018773207440972328, -0.0044534290209412575, 0.020098822191357613, 0.015793735161423683, -0.019492827355861664, 0.018848957493901253, 0.004784832242876291, -0.01185476966202259, -0.031587470322847366, -0.008629110641777515, -0.05246903374791145, 0.004942643456161022, -0.012290327809751034, -0.012719574384391308, -0.0009239839855581522, -0.013660128228366375, -0.01148233562707901, 0.01440499722957611, 0.004298774059861898, 0.01020722184330225, -0.019783198833465576, -0.004633333999663591, -0.021929429844021797, 0.012359765358269215, 0.037849415093660355, -0.022952046245336533, -0.0048637380823493, -0.0101314727216959, -0.02797675132751465, -0.023444416001439095, -0.011438148096203804, -0.009197230450809002, -0.011532834731042385, -0.002862693276256323, -0.014796368777751923, -0.025338150560855865, 0.02201780490577221, -0.0032319712918251753, -0.004191462881863117, -0.004601771477609873, -0.028683744370937347, -0.017081473022699356, -0.031082473695278168, -0.012826886028051376, -0.024391282349824905, -0.012845823541283607, 0.021437060087919235, -0.009765350259840488, 0.024302909150719643, 0.0007930007413960993, -0.041763126850128174, -0.019391827285289764, -0.010371345095336437, 0.02120981179177761, -0.02691625989973545, 0.014783743768930435, 0.0209699384868145, -0.017371846362948418, -0.028203999623656273, 0.025199275463819504, 0.038808904588222504, 0.007328747306019068, 0.021550683304667473, 0.013508629985153675, -0.01048496924340725, 0.001986841671168804, -0.007694869302213192, 0.014303998090326786, -0.01941707730293274, -0.051509540528059006, 0.01626085489988327, 0.03128447011113167, 0.005201453808695078, -0.0028106155805289745, -0.008458674885332584, 0.006258788052946329, 0.015528611838817596, -0.00820617750287056, -0.007688556797802448, -0.005450795404613018, -0.021727431565523148, -0.028254499658942223, 0.02091943845152855, -0.015970483422279358, 0.01631135493516922, -0.0009184606024064124, -0.014695369638502598, -0.019896823912858963, 0.0026875229086726904, -0.02402516081929207, 0.02282579615712166, 0.003623342840000987, 0.015730610117316246, -0.031208721920847893, 0.008035740815103054, -0.012094642035663128, 0.018987830728292465, -0.0008166724001057446, 0.007328747306019068, 0.00557704409584403, 0.01847021095454693, -0.006022071465849876, -0.007486558519303799, 0.021790556609630585, -0.013912626542150974, -0.005397139582782984, 0.006956313271075487, -0.005734855309128761, 0.002086262684315443, -0.007966304197907448, -0.018242962658405304, 0.008995232172310352, 0.02676476165652275, 0.0017138285329565406, -0.009979973547160625, -0.003465531626716256, -0.02946648746728897, -0.01941707730293274, -0.0026764762587845325, 0.011974706314504147, 0.06908338516950607, 0.001023404998704791, -0.015478112734854221, -0.013698003254830837, 0.006236694753170013, -0.010257720947265625, -0.008894233033061028, 0.011444460600614548, 0.010901590809226036, -0.04711608216166496, 0.0279262512922287, -0.04332861304283142, 0.002696991665288806, -0.013496004976332188, -0.004080994985997677, 0.0023308699019253254, -0.00525195337831974, 0.027598004788160324, -0.00686793914064765, -0.018886832520365715, -0.0052487971261143684, -0.011236149817705154, 0.024189284071326256, -0.003800091100856662, -0.024100910872220993, 0.014177748933434486, -0.0010155143681913614, 0.003528656205162406, -0.017447594553232193, -0.0536305233836174, 0.0053213899955153465, -0.018141964450478554, 0.013344506733119488, 0.004390304908156395, 0.00023415221949107945, 0.003273002104833722, 0.01685422472655773, 0.004724864382296801, 0.001539447228424251, -0.013230882585048676, -0.005614918656647205, -0.014139873906970024, 0.004276680760085583, -0.0060567897744476795, 0.005015236791223288, 0.003440281841903925, -0.011002589948475361, -0.014872117899358273, 0.020591191947460175, -0.004049432929605246, 0.0035507497377693653, 0.002755381865426898, 0.02931498922407627, 0.009771662764251232, 0.022447049617767334, 0.007619119714945555, -0.018874207511544228, -0.011917893774807453, -0.013925251550972462, -0.008035740815103054, -0.010365032590925694, -0.01312988344579935, 0.043707359582185745, -0.001928451587446034, 0.0028390216175466776, -0.003528656205162406, 0.011551772244274616, -0.01720772124826908, 0.01646285317838192, 0.008692235685884953, 0.014101999811828136, 0.02487102895975113, 0.0029053022153675556, -0.016071481630206108, 0.025956768542528152, 0.03436494618654251, 0.03777366504073143, -0.013546505011618137, -0.009746413677930832, -0.013243507593870163, -0.035299185663461685, -0.016071481630206108, -0.011034151539206505, -0.028683744370937347, -0.006583878770470619, 0.008161989971995354, -0.004945799708366394, -0.019050955772399902, 0.03590518236160278, -0.012037830427289009, -0.01825558766722679, 0.0061546326614916325, -0.013155133463442326, -0.021247686818242073, -0.031839966773986816, 0.016690101474523544, 0.008572299033403397, -0.009272980503737926, -0.0196064505726099, 0.0038348096422851086, -0.018672209233045578, 0.01483424287289381, 0.01977057382464409, -0.017144598066806793, 0.008218801580369473, -0.008490237407386303, -0.014657494612038136, -0.026739511638879776, -0.032041966915130615, 0.0029999888502061367, 0.014922617003321648, -0.019694825634360313, 0.01480899378657341, 0.002250386169180274, 0.018179837614297867, -0.015124615281820297, 0.007341372314840555, 0.0006935797864571214, 0.018028339371085167, 0.0009926317725330591, -0.01641235500574112, -0.023974662646651268, -0.014846867881715298, 0.01676585152745247, -0.04499509930610657, -0.016185106709599495, -0.0015141974436119199, 0.0039042464923113585, -0.04552534595131874, 0.02061644196510315, 0.012896322645246983, -0.002887943061068654, 0.01865958422422409, -0.016551228240132332, -0.0019316078396514058, -0.0014076749794185162, -0.04307611659169197, 0.010750091634690762, -0.011318211443722248, -0.007694869302213192, -0.016538603231310844, -0.007126749027520418, -0.007013125345110893, 0.013937875628471375, 0.007234060671180487, 0.014796368777751923, 0.02402516081929207, 0.20603816211223602, -0.04229337349534035, -0.001705937902443111, 0.008193552494049072, -0.003241439815610647, 0.03247120976448059, 0.038657404482364655, 0.015200364403426647, -0.00598104065284133, 0.004431335721164942, -0.004781676456332207, -0.025287650525569916, -0.048403818160295486, 0.011324523948132992, 0.0065396917052567005, -0.02576739527285099, -0.029643235728144646, -0.03552643582224846, 0.0030599571764469147, -0.04307611659169197, 0.008471299894154072, -0.010674342513084412, 0.0038095598574727774, -0.0036138740833848715, 0.0556505061686039, -0.0007022593636065722, -0.0015362909762188792, -0.003209877759218216, 0.03201671689748764, 0.015831608325242996, -0.0265627633780241, -0.004655427299439907, 0.017131973057985306, 0.004772207699716091, -0.013900001533329487, -0.0014360810164362192, -0.01956857554614544, -0.0027569597586989403, 0.00166648521553725, 0.01835658587515354, 0.007524433080106974, -0.008887920528650284, -0.015970483422279358, -0.002891099313274026, -0.007107811979949474, 0.04964105784893036, 0.00022941788483876735, -0.017131973057985306, 0.009108856320381165, -0.008187239989638329, -0.013950500637292862, -0.02286367118358612, -0.03257220983505249, 0.014468121342360973, 0.019379202276468277, 0.015326613560318947, -0.016323979943990707, 0.00935504212975502, -0.01328138168901205, 0.021992554888129234, 0.01063015591353178, 0.010623843409121037, -0.004109400790184736, 0.03322870284318924, -0.011343461461365223, 0.019581200554966927, -0.006274569313973188, -0.02076794020831585, 0.003882152959704399, -0.005037330090999603, 0.014367122203111649, -0.02095731347799301, -0.010459719225764275, 0.001865327125415206, 0.003853746922686696, -0.013836877420544624, 0.03388519957661629, 0.026234516873955727, 0.026032518595457077, 0.04057639092206955, -0.018735334277153015, 0.025439148768782616, -0.02237130142748356, -0.004731176886707544, -0.005696980748325586, -0.04257111996412277, 0.031637970358133316, -0.018003089353442192, 0.00011727336823241785, -0.02105831354856491, -0.0015599627513438463, -0.017472844570875168, -0.0076822442933917046, 0.026133516803383827, 0.02286367118358612, 0.02446703240275383, 0.0207174401730299, 0.00724037317559123, -0.007574932649731636, -0.019328702241182327, -0.019240329042077065, 0.03176421672105789, 0.0010817950824275613, 0.01218301709741354, -0.0008758516050875187, 0.019896823912858963, 0.021790556609630585, 0.0032572210766375065, 0.008969983085989952, 0.0007649892941117287, -0.0265627633780241, -0.022724797949194908, -0.005472888704389334, -0.01511199027299881, -0.001251442008651793, 0.00571591779589653, 0.020376568660140038, -0.004109400790184736, 0.011861082166433334, -0.011867394670844078, 0.009184605441987514, -0.015566486865282059, -0.017902091145515442, 0.0005093353101983666, -0.01696784980595112, -0.010377657599747181, -0.0063471621833741665, 0.0074297464452683926, -0.009373978711664677, -0.008717484772205353, 0.0012782699195668101, -0.032950956374406815, 0.011949456296861172, -0.0015378691023215652, -0.006183038931339979, 0.0039705270901322365, 0.005160422995686531, 0.01881108246743679, -0.01196208130568266, -0.006362943444401026, -0.00930454209446907, -0.018697459250688553, 0.010958402417600155, -0.014569120481610298, -0.0021036218386143446, -0.006239851005375385, 0.01886158250272274, -0.0066217537969350815, -0.014594370499253273, -0.002921083476394415, -0.03577893227338791, 0.027497004717588425, 0.013420255854725838, -0.012340827845036983, 0.014190373942255974, -0.020780565217137337, -0.03231971338391304, -0.014139873906970024, -0.021878929808735847, 0.007088874466717243, -0.023229792714118958, 0.0028121937066316605, -0.004257743246853352, -0.003528656205162406, 0.003146753180772066, 0.005289827939122915, -0.1556396186351776, 0.013874751515686512, -0.015844233334064484, -0.03918765112757683, -0.006855314131826162, -6.608339754166082e-05, -0.0013863705098628998, 0.003828497137874365, -0.015831608325242996, -0.003433969570323825, -0.006653315853327513, -0.02901199273765087, -0.01570536009967327, -0.019871573895215988, -0.0037811538204550743, -0.015730610117316246, 0.017371846362948418, 0.015478112734854221, 0.038556408137083054, 0.020124070346355438, 0.015692735090851784, -0.04388410970568657, 0.03989464417099953, -0.0013950500870123506, -0.02076794020831585, -0.024290284141898155, -0.00340240728110075, 0.014291373081505299, -0.0132056325674057, -0.013066758401691914, -0.012448139488697052, -0.0205659419298172, 0.027219258248806, 0.01771271787583828, 0.010851090773940086, 0.006107289344072342, -0.010737466625869274, -0.004563896916806698, -0.01980844885110855, 0.016690101474523544, -0.019189829006791115, 0.0413338840007782, -0.008054678328335285, 0.03186521679162979, 0.003440281841903925, 0.03696567192673683, 0.014215623959898949, 0.0036391238681972027, -0.0198589488863945, 0.005532857030630112, -0.010863715782761574, -0.02531290054321289, 0.014998367056250572, 0.01610935665667057, 0.005435014143586159, -0.007486558519303799, 0.0059463223442435265, 0.005895822774618864, -0.0008569142664782703, -0.017131973057985306, 0.006665940862149, -0.014581745490431786, 0.0011977861868217587, 0.0050310175865888596, 0.014922617003321648, -0.012189328670501709, 0.002663851249963045, -0.010144097730517387, -0.019341327250003815, 0.0008036530343815684, -0.004895300138741732, -0.015389738604426384, 0.02011144533753395, -0.008635423146188259, 0.015970483422279358, 0.008824796415865421, -0.023886287584900856, -0.02350754104554653, -0.01580636017024517, 0.005094142165035009, -0.022447049617767334, 0.010668030008673668, -0.03893515467643738, -0.026537513360381126, -0.022623799741268158, 0.009923161938786507, -0.004251430742442608, 0.0041851503774523735, 0.006583878770470619, -0.014846867881715298, 0.008742734789848328, -0.023128794506192207, -0.003411875804886222, -0.014190373942255974, -0.00131693365983665, 0.012700636871159077, 0.002862693276256323, -0.02036394365131855, 0.002921083476394415, -0.04297511652112007, -0.00045962483272887766, 0.01090790331363678, -0.009449728764593601, -0.001063646748661995, 0.030249230563640594, -0.015276114456355572, -0.021500183269381523, 0.000804836570750922, 0.014001000672578812, -0.0262597668915987, 0.023595916107296944, 0.016639601439237595, 0.015250864438712597, 0.010598593391478062, -0.012227203696966171, 0.0031846279744058847, 0.009014169685542583, -0.00461439648643136, 0.01997257210314274, 0.013698003254830837, 0.05004505440592766, 0.008199864998459816, 0.012517576105892658, 0.01646285317838192, -0.012347140349447727, -0.022005179896950722, -0.09655514359474182, -0.010825841687619686, 0.002054700395092368, 0.020275570452213287, 0.0030094576068222523, 0.0003270634915679693, -0.004873206838965416, 0.016046231612563133, 0.012284016236662865, 0.016791101545095444, -0.024353409186005592, -0.024643780663609505, 0.004109400790184736, -0.009645414538681507, 0.027648504823446274, -0.0004892143770121038, 0.03067847713828087, -0.018520710989832878, -0.01575586013495922, 0.025805270299315453, -0.004194619134068489, -0.0046680523082613945, 0.00758124515414238, -0.019694825634360313, -0.02235867641866207, 0.008180927485227585, -0.0061767264269292355, 0.02120981179177761, 0.021689556539058685, 0.0134833799675107, -0.02946648746728897, -0.0005369522841647267, 0.012738511897623539, -0.0031262377742677927, 0.012454451993107796, -0.018520710989832878, -0.0067543149925768375, -0.007770618423819542, 0.0134833799675107, -0.016033606603741646, 0.00461439648643136, 0.002210933482274413, -0.01176008302718401, -0.010901590809226036, 0.014796368777751923, -0.011015214957296848, -0.02911299094557762, -0.004418710712343454, -0.019442327320575714, -0.015616985969245434, -0.03226921334862709, -0.007650681771337986, -0.006119914352893829, -0.00013167363067623228, 0.03936440125107765, -0.0012956290738657117, 0.011936831288039684, 0.01820508763194084, -0.03492043912410736, -0.004017870407551527, -0.008092553354799747, 0.006760627496987581, -0.005258265882730484, 0.005684355739504099, 0.011690646409988403, -0.0020089352037757635, -0.03628392890095711, -0.006950000766664743, 0.0007787977810949087, 0.003374001244083047, -0.016273479908704758, 0.009323479607701302, -0.003235127544030547, 0.029592737555503845, -0.019694825634360313, 0.026108268648386, -0.008881608955562115, -0.016399729996919632, -0.007410808932036161, -0.007404496893286705, -0.023797912523150444, -0.00765699427574873, 0.007095186971127987, -0.00782743003219366, 0.02102043852210045, 0.005797979887574911, 0.02291417121887207, 0.007947366684675217, 0.01531398855149746, -0.0030015669763088226, 0.007903180085122585, 0.02522452548146248, -0.019404452294111252, 0.002408197382465005, -0.011766395531594753, 0.003591780550777912, -0.009367667138576508, -0.02396203763782978, 0.02147493325173855, 0.03332970291376114, -0.017195096239447594, -0.018028339371085167, -0.03201671689748764, 0.0031199255026876926, -0.0104092201218009, -0.0009579133475199342, 0.01631135493516922, -0.010939464904367924, 0.006268256809562445, 0.004090463742613792, 0.004699614364653826, -8.87687383510638e-06, -0.014190373942255974, 0.004412398207932711, 0.0019552793819457293, -0.006931063253432512, -0.01816721260547638, 0.02936548925936222, 0.03648592531681061, 0.00701943738386035, 0.010573343373835087, 0.002922661602497101, 0.0008711172267794609, 0.0029352863784879446, -0.019202454015612602, 0.030198732390999794, -0.0007350051891990006, 0.0024129317607730627, -0.016336604952812195, 0.03403669595718384, 0.0036138740833848715, 0.004945799708366394, -0.0019458108581602573, -0.025956768542528152, -0.01696784980595112, 0.028532246127724648, -0.014430246315896511, -0.010939464904367924, 0.013824252411723137, 0.015490736812353134, 0.015023616142570972, 0.05842798203229904, -0.0008545470773242414, -0.029062490910291672, 0.019328702241182327, -0.04739382863044739, -0.007764305919408798, -0.014594370499253273, -0.012195641174912453, 0.011804269626736641, 0.012448139488697052, -0.021740056574344635, 0.03557693213224411, 0.026285016909241676, -5.769968265667558e-05, -0.023797912523150444, -0.010743779130280018, -0.027042509987950325, -0.003983152098953724, -0.0026228204369544983, 0.016286104917526245, -0.019126705825328827, 0.03984414413571358, 0.01847021095454693, -0.008136739954352379, -0.010163034312427044, -0.01246076449751854, 0.015427612699568272, -0.008048365823924541, 0.009658039547502995, 0.002240917645394802, -0.01120458822697401, -0.005725386552512646, 0.011949456296861172, 0.014101999811828136, -0.012145142070949078, 0.006432380527257919, 0.005198297556489706, -0.0015536502469331026, 0.0069121262058615685, 0.00857861153781414, 0.00340240728110075, 0.01980844885110855, -0.002663851249963045, -0.03643542528152466, 0.008439737372100353, 0.017939966171979904, 0.03896040469408035, -0.0062493192963302135, -0.010775341652333736, 0.010377657599747181, 0.0007997077191248536, -0.016298729926347733, -0.015541236847639084, -0.023406540974974632, 0.012662762776017189, 0.020528066903352737, 0.008124114945530891, -0.005103610921651125, 0.007107811979949474, 0.009575976990163326, 0.01746021956205368, 0.019934697076678276, 0.0018858426483348012, -0.014619619585573673, -0.016033606603741646, -0.010036786086857319, 0.0066785654053092, -0.024593280628323555, -0.030779477208852768, 0.02931498922407627, -0.0027758972719311714, 0.007808492984622717, -0.0013903157087042928, 0.006785877048969269, 0.0010186706203967333, -0.02961798757314682, 0.0016585945850238204, 0.006435536313802004, -0.0009792178170755506, -0.017801091074943542, 0.009575976990163326, 0.02636076509952545, -0.0014360810164362192, 0.024732155725359917, 0.02812824957072735, 0.00591791607439518, -0.003116769250482321, 0.0268152616918087, -0.02061644196510315, -0.0016333448002114892, -0.019530700519680977, 0.007707493845373392, -0.007398184388875961, -0.042495373636484146, 0.006634378340095282, -0.012713261879980564, -0.029592737555503845, 0.008925795555114746, 0.02926448918879032, -0.0030205044895410538, 0.09105069190263748, 0.019934697076678276, -0.007846367545425892, 0.008502861484885216, 0.008875296451151371, -0.0016838443698361516, -0.01258070021867752, 0.0009208277333527803, -0.02036394365131855, 0.027800003066658974, 0.022497549653053284, -0.02306566946208477, -0.003525499952957034, -0.02396203763782978, -0.019530700519680977, 0.013167757540941238, 0.0017706404905766249, 0.02997148409485817, -0.014695369638502598, 0.00326353358104825, 0.02956748753786087, -0.003149909432977438, 0.01811671443283558, -0.02091943845152855, -0.02961798757314682, -0.013925251550972462, 0.020591191947460175, -0.0005531279020942748, -0.03441544249653816, -0.01801571436226368, -0.008534424006938934, -0.008799546398222446, -0.0018905769102275372, -0.012366077862679958, -0.0010707483161240816, -0.006811127066612244, -0.0029810515698045492, -0.003730654250830412, -0.0004588357696775347, -0.012309265322983265, -0.010245096869766712, 0.030855225399136543, -0.010554405860602856, -0.015515986829996109, 0.0014565964229404926, -0.010377657599747181, 0.007164623588323593, -0.01516249030828476, 0.013193007558584213]"
"A veces las cosas se ponen fuera de control, lo cual puede crear temor. Estos son consejos y estrategias para manejar aquellos comportamientos que son especialmente difíciles. Si piensa que usted o alguien necesita asistencia policial llame al 105 o si piensa que usted o alguien necesita asistencia medica llame al 106.
Si la persona con demencia le amenaza o se vuelve físicamente violento, incluso dándole golpes, empujes o patadas entonces puede hacer lo siguiente: Dé espacio y tiempo para que la persona se tranquilice; Posiciónese cerca de la salida y fuera del alcance de la persona; Evite los espacios pequeños como la cocina, el baño y el coche; Quite o asegure los objetos que se puedan utilizar como armas; Disminuye el ruido ambiental (las pláticas, el televisor, el radio); Mantenga un teléfono móvil por si necesita llamar por auxilio; Salga al aire libre, a la casa de un vecino o a un espacio público si es necesario para mantenerse seguro, Respire profundamente e intente mantener la calma; Escuche a la persona, sea empático y pida disculpas: ""Lo siento que esté frustrado”; Ofrecele consuelo: “Yo sé que esto es difícil. Todo va a estar bien."" o ""Estoy aquí para ayudarle.""; Descanse: tome tiempo para atender a sus necesidades, solicite ayuda (médica, emocional, apoyo social, respiro).
Si la persona con demencia hace berrinches o tiene arrebatos emocionales, incluso con gritos o golpes entonces puede hacer lo siguiente: Intente mantener una rutina constante y predecible (las personas con demencia suelen ser más sensibles a los cambios en el entorno o en la rutina); Simplifique el entorno (disminuye el desorden y el ruido ambiental); Respire e intente mantener la calma (las personas con demencia a veces basan sus propias emociones en las emociones de sus cuidadores: por ejemplo, si los cuidadores están ansiosos o preocupados, ellos se vuelven ansiosos y preocupados); Pregúntese si exige demasiado de la persona con demencia para ajustar sus expectativas y apoyar el éxito de la persona según su propio nivel funcional (por ejemplo, le exige que recuerde información, la cual es imposible que ellos recuerden?); Considere la emoción que la persona podría intentar expresar a través de su comportamiento (por ejemplo, ¿Siente temor hacia un ruido o una persona extraña? O ¿No comprende la conversación y entonces reacciona con ira y vergüenza?); Suspenda sus esfuerzos e intente de nuevo más tarde con un enfoque distinto (Si la persona es resistente y poco cooperadora); Dale distracciones reconfortantes como objetos personales familiares o alimentos y actividades preferidas; Cree momentos de conexión (mediante la música, el contacto consolador, los recuerdos, la narración, el humor, etc.).
Si persona con demencia está enfadada y le acusa de algo que no es cierto, incluso de robo o infidelidad, entonces puede hacer lo siguiente: No discuta con la persona o insista que usted tiene razón (evite la lógica y el razonamiento si la persona exige otra realidad); Evite el lenguaje corporal de confrontación, como cruzar los brazos o pararse sobre o delante de la persona; Evite criticar, corregir o poner a prueba a la persona; Hable lentamente, utilizando un tono suave y afable; Entienda cómo la demencia cambia la personalidad y el comportamiento de la persona; Intente no ofenderse por acusaciones hechas por la persona; Recuerde que la ira y el temor se disminuyen solos y en cuestión de segundos (en ausencia de provocaciones persistentes o pensamientos repetitivos) las personas con demencia suelen olvidarse del conflicto si el incidente angustiante no es prolongado o repetido; Intente formar una conexión emocional: ""Te quiero. Esto es difícil. Lo superaremos juntos."".","[0.0025386575143784285, 0.006662365049123764, 0.03291234001517296, -0.03984532505273819, -0.009027053602039814, 0.03219069167971611, 0.003859532531350851, 0.008756435476243496, -0.012184266932308674, -0.0035695843398571014, -0.003956181928515434, 0.019948435947299004, -0.006217777729034424, 0.03402058780193329, -0.01685565523803234, 0.011952308937907219, 0.034999966621398926, 0.0024226782843470573, 0.039742231369018555, -0.013131431303918362, -0.016804108396172523, 0.03247419744729996, 0.025386575609445572, 0.0088788578286767, -0.037474192678928375, 0.019497405737638474, 0.012918802909553051, -0.004600511398166418, 0.007403343915939331, -0.03396904096007347, 0.028994819149374962, -0.009259012527763844, 0.01845359243452549, -0.011211330071091652, 0.002711015520617366, -0.0009374991641379893, 0.004110821057111025, -0.015103079378604889, -0.0025193276815116405, -0.026018017902970314, 0.015154625289142132, -0.005969711113721132, -0.004925897810608149, -0.021262867376208305, 0.00630154088139534, 0.04386594146490097, -0.037448421120643616, -0.019742250442504883, -0.04185563325881958, 0.01484534703195095, 0.03698450326919556, 0.02182987704873085, -0.03561852499842644, -0.014664934948086739, 0.017023179680109024, -0.012835039757192135, -0.008653342723846436, 0.02855667471885681, 0.0022503200452774763, -0.024664925411343575, -0.013324730098247528, -0.019961321726441383, -0.01518039871007204, 0.0304123442620039, -0.0003737109946087003, 0.0033150743693113327, 0.012081174179911613, -0.005798963829874992, 0.007557983044534922, 0.02494843117892742, 0.016069572418928146, 0.004648835863918066, 0.030773168429732323, 0.007371127139776945, 0.023144308477640152, -0.007016746327280998, 0.013659781776368618, 0.00022994502796791494, 0.02945873700082302, 0.006085690576583147, 0.0017203593160957098, -0.02994842641055584, -0.03371131047606468, 0.02006441541016102, 0.013904626481235027, 0.019703591242432594, -0.004916232544928789, 0.0035760276950895786, -0.014716481789946556, -0.017461324110627174, -0.018105654045939445, -0.0018298953073099256, 0.0075644259341061115, 0.010560557246208191, 0.0033988370560109615, 0.020644310861825943, 0.00787370465695858, -0.003952960483729839, -0.003181376028805971, -0.0044877538457512856, 0.005380149930715561, 0.008466486819088459, -0.06030922383069992, 0.006636592093855143, -0.0023228072095662355, -0.026932965964078903, 0.00842782761901617, 0.0060631390661001205, -0.005950381048023701, -0.01621132530272007, -0.009239681996405125, 0.009916228242218494, -0.003205538261681795, -0.02134018763899803, 0.009529630653560162, 0.0136082349345088, 0.003376285545527935, 0.0075966427102684975, -0.011739680543541908, -0.022641731426119804, 0.011887875385582447, 0.008543807081878185, 0.010992257855832577, -0.011146897450089455, 0.006005149334669113, -0.02069585770368576, 0.028273170813918114, 0.008782208897173405, -0.033685535192489624, 0.004632727708667517, -0.007139168679714203, 0.003547032829374075, 0.005815071985125542, -0.008762878365814686, -0.021262867376208305, 0.01552833616733551, -0.013904626481235027, -0.011365968734025955, -0.007661075331270695, -0.015927821397781372, 0.026726780459284782, 0.022371113300323486, -0.03195873275399208, -0.013092772103846073, 0.002089237794280052, 0.016816994175314903, 0.006533499341458082, 0.00811854936182499, -0.0019410420209169388, 0.0224870927631855, 0.03249996900558472, -0.010186846368014812, -0.0037467749789357185, -0.04471645504236221, -0.0032973552588373423, 0.018182972446084023, -0.0081121064722538, -0.01822163350880146, -0.03719068691134453, -0.008041230030357838, 0.018853075802326202, 0.0027512861415743828, -0.0027190695982426405, 0.01893039606511593, 0.002682020654901862, 0.013981945812702179, -0.019858229905366898, -0.0105863306671381, 0.009703599847853184, 0.0012403338914737105, -0.007764168083667755, 0.046700987964868546, -0.002852767938748002, 0.029149457812309265, 0.019304106011986732, 0.005112753249704838, -0.004942005965858698, 0.012126278132200241, -0.015695862472057343, -0.01624998450279236, -0.017680397257208824, 0.004903346300125122, 0.032268013805150986, 0.030025746673345566, -0.04768037050962448, 0.003160435240715742, 0.0363917201757431, 0.02814430370926857, 0.005699092987924814, -0.01079251617193222, 0.01328607089817524, 0.020386580377817154, 0.011965195648372173, -0.022628845646977425, -0.6346386075019836, -0.01662369631230831, -0.011572154238820076, 0.007603086065500975, 0.006881437264382839, 0.011565711349248886, 0.009542517364025116, 0.006617262028157711, -0.026494821533560753, -0.043762847781181335, 0.016765449196100235, 0.0030605641659349203, -0.019072147086262703, -0.018311839550733566, -0.029201004654169083, -0.019922662526369095, -0.017512870952486992, -0.01890462264418602, 0.015489676967263222, 0.011701020412147045, 0.011881432496011257, 0.020992249250411987, -0.021430393680930138, 0.0011984525481238961, 0.002288979943841696, -0.03082471340894699, 0.005164299625903368, -0.024858225136995316, 0.009143033064901829, 0.04721645265817642, -0.013917513191699982, -0.0011589874047785997, -0.005644324701279402, 0.03371131047606468, 0.05193294212222099, -0.026649460196495056, 0.0037274451460689306, 0.03966491296887398, -0.01202318537980318, 0.03512883558869362, 0.007255148142576218, 0.008634013123810291, 0.03492264822125435, -0.02389173023402691, 0.011713907122612, -0.004262238275259733, 0.0072036017663776875, -0.031417496502399445, -0.016984520480036736, 0.026855645701289177, 0.01686854101717472, 0.008202312514185905, -0.013137875124812126, -0.0015125630889087915, 0.009587620384991169, 0.00647873105481267, 0.011359525844454765, -0.030489662662148476, -0.004030279815196991, -0.007467776536941528, 0.0018298953073099256, 0.0041849189437925816, -0.022384000942111015, -0.006543164141476154, -0.020386580377817154, 0.03451027721166611, -0.03270615637302399, -0.003724223468452692, 0.028221623972058296, 0.011288649402558804, -0.01961338520050049, 0.013698440976440907, -0.04141748696565628, -0.005834402050822973, 0.030463889241218567, -0.004980665631592274, 0.01157859805971384, 0.004288011696189642, -0.004513526801019907, -0.003337625879794359, 0.009703599847853184, -0.010644320398569107, -0.03865975886583328, 0.009104372933506966, 0.023917503654956818, 0.017255138605833054, 0.0054155876860022545, -0.006105020176619291, -0.004706825595349073, 0.0178221482783556, -0.002400126773864031, 0.004065718036144972, 0.012622411362826824, -0.005921386182308197, 0.011069577187299728, 0.010631433688104153, 0.0111340107396245, 0.0034664918202906847, 0.024639153853058815, -0.00024021402350626886, 0.01126931980252266, -0.023324720561504364, 0.020657198503613472, 0.018840190023183823, 0.0236468855291605, 0.0040947129018604755, -0.053917478770017624, 0.03061852976679802, 0.03819584101438522, -0.009233239106833935, -0.019471632316708565, 0.005093423184007406, 0.021056681871414185, -0.017654623836278915, 0.017268026247620583, -0.0189175084233284, 0.022190701216459274, 0.02726801671087742, 0.027989665046334267, -0.01824740692973137, 0.0035244813188910484, -0.006746127735823393, 0.009155919775366783, 0.005821515340358019, 0.02569585293531418, -0.0049291192553937435, 0.009639166295528412, 0.007003859616816044, -0.009420095011591911, -0.028015438467264175, -0.00563465990126133, -0.012538648210465908, 0.017242252826690674, 0.0042654601857066154, 0.027835026383399963, 0.003933630418032408, 0.01822163350880146, -0.01846647821366787, -0.01363400835543871, -0.005499350838363171, -0.01182344276458025, -0.005164299625903368, 0.03530924767255783, 0.010599217377603054, 0.019072147086262703, -0.0283762626349926, -0.0162242129445076, -0.009761588647961617, -0.04283501207828522, -0.0005750639247708023, 0.0022777041886001825, -0.04237109422683716, -0.008350508287549019, 0.03572161868214607, -0.012880142778158188, 0.004078604746609926, -0.02319585531949997, 0.0010180403478443623, -0.03577316179871559, -0.008402054198086262, 0.008717775344848633, 0.0261211097240448, -0.024407194927334785, 0.0004828442761208862, -0.021894309669733047, -0.025051523000001907, 0.013234524056315422, 0.02141750603914261, -0.03396904096007347, -0.032989662140607834, -0.01868554949760437, -0.005328603554517031, -0.01329895667731762, 0.0004941200604662299, 0.001947485376149416, 0.019909774884581566, -0.0026095337234437466, -0.005773190874606371, 0.007480663247406483, 0.010386588983237743, -0.0023211962543427944, -0.001817008713260293, -0.005418809596449137, 0.0061565665528178215, 0.02454894594848156, 0.010431692004203796, 0.00753865297883749, 0.007963910698890686, -0.02478090487420559, 0.027551520615816116, 0.014935553073883057, 0.01520617213100195, 0.022319568321108818, 0.013775760307908058, -0.008724219165742397, 0.02405925653874874, 0.00352125964127481, -0.0041849189437925816, 0.001999031752347946, 0.014896893873810768, 0.027577294036746025, -0.01484534703195095, 0.02811853215098381, 0.0028898168820887804, 0.019046373665332794, -0.01203607115894556, 0.01578606851398945, -0.027989665046334267, 0.035463884472846985, 0.015296378172934055, -0.008698445744812489, -0.020103074610233307, -0.008060559630393982, -0.0038981924299150705, -0.01824740692973137, 0.024922657757997513, 0.01079251617193222, 0.026932965964078903, 0.006778344511985779, -0.013440709561109543, 0.012648184783756733, 0.0034793782979249954, 0.005612108390778303, 0.00601159268990159, 0.0024033484514802694, 0.021198434755206108, 0.020386580377817154, -0.005364041309803724, -0.003814429510384798, -0.013814420439302921, -0.010045094415545464, -0.010940711945295334, 0.016585037112236023, 0.011063134297728539, -0.002514495048671961, 0.027731934562325478, 0.0032538629602640867, -0.010212619788944721, 0.01752575673162937, -0.009716485626995564, -0.013775760307908058, 0.005979375913739204, 0.02701028436422348, 0.007706178352236748, 0.004600511398166418, 0.019755136221647263, 0.03324739262461662, 0.038376253098249435, 0.007725508417934179, 0.022564413025975227, -0.001127576339058578, 0.01976802386343479, -0.025077296420931816, -0.00202802661806345, -0.016043798997998238, -0.014265450648963451, 0.010708753019571304, -0.015244831331074238, 0.03038657084107399, 0.012577308341860771, 0.025992244482040405, -0.0025595983024686575, 0.01713915914297104, -0.00798968318849802, 0.0037983213551342487, -0.03175254911184311, 0.0022116603795439005, -0.03304120898246765, 0.001255636801943183, -7.837662269594148e-05, -0.011746123433113098, 0.004568294622004032, -0.03079894185066223, -0.012441999278962612, 0.022216474637389183, 0.000656410469673574, -0.03337625786662102, -0.009942001663148403, 0.02974224090576172, 0.022229360416531563, 0.006759014446288347, -0.019175240769982338, 0.01735823228955269, 0.0324484258890152, 0.00019178864022251219, 0.006797674112021923, -0.03234533220529556, 0.003914300352334976, 0.00015916947450023144, 0.0009044772596098483, -0.029793787747621536, 0.008492260240018368, -0.02021905407309532, 0.01294457633048296, 0.005341489799320698, 0.0051095313392579556, 0.019961321726441383, 0.007957466877996922, -0.01328607089817524, -0.0136082349345088, 0.011288649402558804, -0.020412351936101913, -0.028195850551128387, -0.02817007713019848, -0.006913653574883938, 0.012435555458068848, -0.017719056457281113, -0.014252564869821072, -0.007577312644571066, -0.015811841934919357, -0.018376272171735764, 0.0019700368866324425, 0.010599217377603054, -0.007854374125599861, 0.008859528228640556, 0.0069007668644189835, -0.02068297006189823, -0.0014344381634145975, 0.030902033671736717, -0.009510301053524017, 0.007744838483631611, -0.02134018763899803, -0.012835039757192135, -0.010876278392970562, 0.032293785363435745, 0.024394307285547256, 0.002326028887182474, 0.014639162458479404, 0.01734534464776516, -0.0008448768057860434, -0.024652039632201195, -0.03335048630833626, 0.022628845646977425, -0.010766742751002312, -0.010296382009983063, 0.021713897585868835, 0.031030898913741112, -0.01013530045747757, 0.02097936160862446, 0.03149481862783432, -0.010914938524365425, -0.026649460196495056, -0.0011283817002549767, 0.0029204227030277252, 0.0025885929353535175, -0.009851795621216297, 0.015115966089069843, 0.019510291516780853, -0.01707472652196884, -0.003923965618014336, 0.0034503834322094917, 0.029819561168551445, 0.019935548305511475, -0.008021899498999119, -0.017963901162147522, 0.0054155876860022545, 0.017487097531557083, 0.03461337089538574, -0.000999515876173973, 0.014226791448891163, 0.01089560892432928, 0.001582633820362389, 0.02297678403556347, -0.003672677092254162, 0.02292523719370365, -0.0021101785823702812, 0.004674609284847975, -0.014497409574687481, 0.019432971253991127, -0.019755136221647263, 0.0009439424611628056, 0.022332454100251198, -0.015167511999607086, -0.01887884922325611, 0.00450708344578743, -0.006932983640581369, -0.003534146351739764, -0.015811841934919357, 0.0141881313174963, 0.009123703464865685, 0.028247397392988205, -0.013221637345850468, -0.03863398730754852, 0.006997416261583567, -0.002696518087759614, -0.019252559170126915, 0.0060663605108857155, -0.004874351434409618, -0.002300255699083209, -0.0006048641516827047, -4.9482478061690927e-05, 0.028041211888194084, -0.017899468541145325, -0.006881437264382839, 0.003911078907549381, -0.032783474773168564, -0.03561852499842644, 0.01124354638159275, -0.004291233140975237, 0.022164927795529366, 0.006536720786243677, -0.021662350744009018, 0.0072036017663776875, 0.0072036017663776875, -0.005331824999302626, -0.0053704846650362015, -0.005866618361324072, -0.013092772103846073, 0.0027335670311003923, 0.018814416602253914, -0.003643682226538658, -0.013711327686905861, -0.020438125357031822, 0.037963882088661194, -0.009619836695492268, -0.014110811986029148, 0.04280924052000046, -0.0019039930775761604, -0.007216488476842642, -0.004088269546627998, 0.003894970752298832, 0.03128863126039505, 0.002195552224293351, -0.007345354184508324, 0.006166231352835894, -0.05229376628994942, -0.021649464964866638, -0.031005127355456352, 0.004983887076377869, -0.032293785363435745, 0.005824736785143614, 0.007345354184508324, 0.005863396916538477, 0.009168806485831738, 0.015876274555921555, -0.02295101061463356, 0.01643039658665657, 0.00602770084515214, -0.023453587666153908, -0.015360810793936253, 0.007925250567495823, 0.01980668306350708, 0.04010305553674698, 0.006958756595849991, 0.005025768652558327, -0.027860799804329872, 0.028865953907370567, 0.010399474762380123, -0.021675238385796547, -0.0024033484514802694, 0.037680380046367645, -0.01864689029753208, -0.026301521807909012, -0.004107599146664143, 0.018402045592665672, 0.024188121780753136, 0.006559272296726704, -0.014587615616619587, -0.04530923813581467, 0.0039594038389623165, -0.005525123793631792, 0.018582457676529884, -0.006227442994713783, -0.013466482982039452, -0.002127897460013628, -0.011939422227442265, -0.01827317848801613, -0.013853080570697784, 0.014226791448891163, -0.033917494118213654, -0.02411080338060856, 0.02408502995967865, 0.01624998450279236, 0.03809274733066559, -0.00822164211422205, -0.005086979828774929, -0.027551520615816116, -0.00584728829562664, -0.0036243523936718702, 0.015154625289142132, 0.009993547573685646, 0.00966493971645832, 0.007422673515975475, -0.007126282434910536, 0.013002565130591393, 0.002541879191994667, -0.01093426812440157, -0.00289464951492846, -0.0045360783115029335, -0.005048320163041353, -0.017615962773561478, -0.0037532183341681957, -0.028943272307515144, 0.0365205854177475, 0.010173959657549858, 0.017010293900966644, 0.009304115548729897, -0.00624032923951745, 0.02791234664618969, -0.0028769304044544697, 0.0006543969502672553, -0.019626270979642868, -0.0033633990678936243, -0.04507727921009064, 0.004059274680912495, -0.017938127741217613, -0.01827317848801613, 0.002032859018072486, -0.012989679351449013, 0.009432980790734291, 0.01889173500239849, -0.0004921065410599113, 0.01958761177957058, 0.004352444317191839, -0.001535114599391818, -0.005753860808908939, 0.025618532672524452, 0.016481943428516388, -0.012577308341860771, -0.009233239106833935, -0.016804108396172523, -0.035025741904973984, -0.006543164141476154, -0.00036525417817756534, -0.016971634700894356, -0.011771896854043007, 0.0017187484772875905, -0.011288649402558804, -0.023079875856637955, 0.015231944620609283, -0.0075966427102684975, -0.011900762096047401, 0.004107599146664143, -0.027345336973667145, -0.02476801909506321, -0.031030898913741112, -0.0010019320761784911, -0.02070874348282814, -0.003914300352334976, 0.005499350838363171, -0.01048968080431223, 0.02135307341814041, 0.0003374674706719816, -0.03304120898246765, -0.01487112045288086, -0.01645617000758648, 0.01530926488339901, -0.01826029270887375, 0.016726788133382797, 0.013865967281162739, -0.016365963965654373, -0.011623701080679893, 0.026855645701289177, 0.0369587279856205, 0.006481952965259552, 0.013492255471646786, 0.016559263691306114, -5.738557956647128e-05, -0.009536073543131351, -0.02409791573882103, 0.03262883797287941, -0.007190715055912733, -0.046675216406583786, 0.03373708203434944, 0.021997403353452682, 0.015012873336672783, -0.01363400835543871, 0.00374355330131948, -0.01294457633048296, 0.026043791323900223, 0.0015214226441457868, 0.007603086065500975, 0.015657201409339905, -0.01281571015715599, -0.03059275634586811, 0.014252564869821072, -0.020798949524760246, 0.02675255388021469, -0.003527702996507287, -0.010167516767978668, -0.021726785227656364, 0.0011614036047831178, 0.0014070541365072131, 0.027293790131807327, 0.0038659758865833282, 0.0071133957244455814, -0.01641751080751419, 0.0002700142504181713, 0.0008219225564971566, 0.017860809341073036, 0.016146892681717873, -0.007976796478033066, 0.009407208301126957, 0.02457471936941147, 0.006817004177719355, -0.011262875981628895, 0.021533485502004623, -0.03309275209903717, -0.00932344514876604, 0.011095350608229637, -0.011610814370214939, 0.002767394296824932, 0.0030315695330500603, -0.03548965975642204, 0.007306694518774748, 0.024226782843470573, -0.011224216781556606, -0.002963914768770337, -0.0031636569183319807, -0.024871110916137695, -0.016146892681717873, 0.017603076994419098, 0.01552833616733551, 0.07144323736429214, -0.012210040353238583, -0.017860809341073036, -0.017461324110627174, 0.014110811986029148, 0.0014658492291346192, -0.006040587089955807, 0.006726798135787249, 0.015231944620609283, -0.03626285493373871, 0.021443279460072517, -0.03999996557831764, 0.002959082368761301, -0.030953580513596535, 0.00866622943431139, -0.0011815389152616262, -0.013749987818300724, 0.023311834782361984, 0.0018137870356440544, -0.02453606016933918, -0.007235818076878786, -0.0019233230268582702, 0.015476790256798267, -0.003634017426520586, -0.018762869760394096, 0.012087618000805378, 0.001011596992611885, 0.01239689625799656, 0.0016220990801230073, -0.04675253480672836, 0.007448446936905384, -0.020657198503613472, 0.01202962826937437, 0.013865967281162739, -0.009471640922129154, 0.011759010143578053, 0.010612104088068008, 0.009085043333470821, 0.0021730007138103247, -0.01893039606511593, -0.016816994175314903, -0.027551520615816116, 0.0052319541573524475, -0.013956173323094845, -0.008015456609427929, -0.0035599195398390293, 0.001710694283246994, -0.013956173323094845, 0.025103069841861725, 0.002585371257737279, 0.009613393805921078, 0.019626270979642868, 0.03198450803756714, -0.00014668559015262872, 0.009851795621216297, -0.01326029747724533, -0.008067003451287746, -0.013582461513578892, 0.004197805654257536, -0.006565715651959181, -0.009497414343059063, -0.010869835503399372, 0.033917494118213654, 0.009510301053524017, -0.003749996656551957, -0.005744196008890867, 0.0064594014547765255, -0.028659768402576447, 0.013672668486833572, -0.015618542209267616, 0.020747404545545578, 0.015914933755993843, -0.0016059908084571362, -0.0007691681385040283, 0.028066985309123993, 0.020889155566692352, 0.03399481624364853, -0.009001280181109905, -0.008402054198086262, -0.018182972446084023, -0.031133992597460747, -0.006372416857630014, -0.009104372933506966, -0.01868554949760437, -0.004365331027656794, -0.009716485626995564, -0.0021311191376298666, -0.01329895667731762, 0.03149481862783432, -0.004426542203873396, -0.026494821533560753, 0.016932973638176918, -0.004542521666735411, -0.011655917391180992, -0.025824718177318573, 0.006220999639481306, -0.007016746327280998, -0.003553476184606552, 0.00030706319375894964, 0.011353082954883575, -0.020180394873023033, 0.0008448768057860434, 0.016018027439713478, -0.02472935989499092, -0.013891739770770073, -0.0141881313174963, -0.0019797019194811583, -0.01619843952357769, -0.04595356807112694, -0.003788656322285533, 0.006578602362424135, -0.014213904738426208, 0.011771896854043007, 0.0029413632582873106, 0.027577294036746025, -0.025103069841861725, 0.012570864520967007, 0.0019088255940005183, 0.018569570034742355, -0.00061251554870978, -0.016030913218855858, -0.008749991655349731, 0.0011034139897674322, 0.006440071389079094, -0.02430410124361515, -0.006932983640581369, 0.008073446340858936, 0.01599225401878357, -0.03641749173402786, 0.02453606016933918, 0.021237093955278397, 0.0013450374826788902, 0.0068041174672544, -0.008273188024759293, -0.013891739770770073, -0.007963910698890686, -0.052603043615818024, 0.002888206159695983, -0.02405925653874874, -0.0005984208546578884, -0.0164432842284441, -0.016365963965654373, 0.011945865117013454, 0.0068041174672544, -0.0019201013492420316, 0.017847921699285507, 0.020528331398963928, 0.20824722945690155, -0.03211337327957153, -0.0017332459101453424, 0.021121114492416382, 0.00357280601747334, 0.039046354591846466, 0.03912367671728134, 0.011894319206476212, -0.00788659043610096, 0.009123703464865685, -0.016572149470448494, -0.03247419744729996, -0.04048965498805046, 0.012338906526565552, 0.016701016575098038, -0.011643030680716038, -0.051907170563936234, -0.027371108531951904, -0.0032313114497810602, -0.02948450855910778, 0.018543798476457596, -0.016816994175314903, 0.003920743707567453, -0.008601795881986618, 0.044664908200502396, 0.0013232913333922625, 0.002118232659995556, -0.007570869289338589, 0.022770598530769348, 0.00025531547726131976, -0.034304093569517136, -0.0017735164146870375, 0.01621132530272007, -0.0026304745115339756, -0.026443274691700935, -0.0011871767928823829, -0.006939426530152559, -0.01576029509305954, 0.0019362096209079027, 0.026469048112630844, 0.010882722213864326, -0.009310558438301086, -0.018066994845867157, -0.012693287804722786, -0.01824740692973137, 0.0292525514960289, -0.005486464127898216, -0.008131436072289944, 0.0200128685683012, 0.0002241057954961434, -0.0342009998857975, -0.01035437174141407, -0.02814430370926857, 0.019948435947299004, 0.008485817350447178, -0.0014755141455680132, 0.0029043143149465322, 0.011488392017781734, -0.013479369692504406, 0.030515436083078384, -0.00038538945955224335, 0.021481938660144806, -0.0049291192553937435, 0.033659763634204865, -0.018969055265188217, 0.026417501270771027, 0.011056691408157349, -0.0191365797072649, 0.00406249612569809, -0.011314422823488712, 0.0009656885522417724, -0.015038645826280117, -0.008067003451287746, 0.0005452636978588998, -0.010367258451879025, -0.014716481789946556, 0.01596648059785366, 0.01914946734905243, 0.023324720561504364, 0.045386556535959244, -0.012313133105635643, 0.0177577156573534, -0.013247410766780376, -0.005483242683112621, -0.0020811837166547775, -0.03865975886583328, 0.018518025055527687, -0.0007413814309984446, -0.014948439784348011, -0.028865953907370567, 0.0005895612994208932, -0.012770607136189938, -0.007235818076878786, 0.014432976953685284, 0.024007709696888924, 0.012770607136189938, 0.011797669343650341, 0.016559263691306114, 0.007242261432111263, -0.01755153015255928, -0.023479361087083817, 0.026701007038354874, 0.024935543537139893, 0.004317006561905146, -0.006169453263282776, 0.02210049517452717, 0.018066994845867157, 0.00670102471485734, 0.0017638514982536435, -0.010708753019571304, -0.02858244813978672, -0.020644310861825943, -0.009046383202075958, -0.01205540169030428, -0.001937820459716022, 0.006401411723345518, 0.011643030680716038, -0.001283826190046966, -0.006282210815697908, -0.011887875385582447, 0.01730668544769287, -0.029097910970449448, -0.016804108396172523, 0.011907205916941166, -0.008182981982827187, 0.0007619194220751524, -0.011146897450089455, -0.0010671704076230526, -0.016134006902575493, 0.004362109582871199, 0.015103079378604889, -0.030206158757209778, 0.002288979943841696, -0.016043798997998238, -0.016314418986439705, 0.0012282527750357985, 0.02814430370926857, 0.009993547573685646, -0.006707468070089817, -0.012132721021771431, -0.0016623695846647024, -0.028247397392988205, 0.017384005710482597, -0.01845359243452549, 0.01487112045288086, -0.012300246395170689, 0.015012873336672783, -0.012519318610429764, -0.0008344064699485898, -0.00787370465695858, -0.031211310997605324, 0.031829867511987686, 0.02300255559384823, -0.019948435947299004, -0.0036565689370036125, -0.02835048921406269, -0.012229369953274727, -0.03234533220529556, -0.02457471936941147, 0.0002313544973731041, -0.02904636599123478, 0.005273835267871618, 0.0013071830617263913, 0.01127576269209385, 0.007184271700680256, 0.000641913095023483, -0.16072151064872742, 0.02478090487420559, 0.0057152011431753635, -0.04801541939377785, -0.010045094415545464, 0.0014271894469857216, 0.008917517960071564, -0.0033182960469275713, -0.02270616590976715, -0.0011549602495506406, -0.008511589840054512, -0.014755140990018845, -0.023298947140574455, 0.002174611436203122, -0.00630154088139534, -0.01572163589298725, 0.01047679502516985, 0.02274482510983944, 0.03850511834025383, 0.026030903682112694, 0.022809257730841637, -0.059278298169374466, 0.016585037112236023, 0.002430732361972332, -0.016069572418928146, -0.019252559170126915, -0.013221637345850468, 0.010528340935707092, -0.018801528960466385, -0.020992249250411987, -0.015335037373006344, -0.014703595079481602, 0.030747395008802414, 0.017435550689697266, -0.0019490962149575353, 0.003234533127397299, -0.00421713525429368, -0.014355656690895557, -0.0296906940639019, 0.010573443956673145, -0.0038208728656172752, 0.03873707726597786, -0.021713897585868835, 0.03216492012143135, -0.006085690576583147, 0.042190682142972946, 0.014381430111825466, -0.013079885393381119, -0.02974224090576172, 0.006668808404356241, -0.00856313668191433, -0.021430393680930138, 0.016146892681717873, 0.000774806016124785, 0.0015528335934504867, -0.011997411958873272, -0.0026481933891773224, 0.01576029509305954, 0.005985819268971682, -0.012280916795134544, 0.01215849444270134, -0.022628845646977425, 0.008350508287549019, -0.0010937489569187164, 0.010277052409946918, -0.006874993909150362, -0.0007139974040910602, 0.005612108390778303, -0.018054107204079628, 0.00461017619818449, 0.005779633764177561, 0.008853084407746792, 0.0014529626350849867, -0.00787370465695858, 0.03492264822125435, -0.015219057910144329, -0.022912349551916122, -0.019239673390984535, -0.00901416689157486, -0.01295101922005415, -0.028066985309123993, 0.01662369631230831, -0.034561824053525925, -0.02747420221567154, -0.006488396320492029, 0.025760285556316376, -0.0008122576400637627, -0.009284785017371178, 0.011900762096047401, -0.003762883134186268, 0.02270616590976715, -0.019471632316708565, 0.007706178352236748, -0.020618537440896034, 0.006765457801520824, 0.021546373143792152, 0.013749987818300724, -0.030927807092666626, -0.0008891744655556977, -0.02567007951438427, 0.0024983868934214115, 0.008472930639982224, -0.0007111784652806818, 0.008286074735224247, 0.022667504847049713, -0.011217772960662842, -0.01579895429313183, 0.005309273488819599, 0.023337608203291893, -0.023247402161359787, 0.018054107204079628, 0.017422664910554886, 0.009806692600250244, 0.012570864520967007, -0.005769968964159489, 0.01887884922325611, -0.00624032923951745, 0.009503857232630253, -0.0047036041505634785, 0.005757082253694534, 0.02478090487420559, -0.00524161895737052, 0.016030913218855858, 0.006485174410045147, 0.006868550553917885, -0.030902033671736717, -0.10237104445695877, -0.0036694554146379232, 0.014136585406959057, 0.018131427466869354, 0.0002607520145829767, 0.00026397366309538484, -0.01820874586701393, 0.02296389639377594, 0.0011171059450134635, 0.008788651786744595, -0.028685541823506355, -0.018762869760394096, 0.0039626252837479115, -0.0054123662412166595, 0.02090204320847988, -0.009046383202075958, 0.027164923027157784, -0.01938142627477646, -0.0013120155781507492, 0.03105667233467102, 0.010025763884186745, -0.019278332591056824, -0.005389814730733633, -0.015502563677728176, -0.02519327588379383, 0.004790588282048702, -0.01025127898901701, 0.021327299997210503, 0.004871129523962736, 0.02726801671087742, -0.03136594966053963, 0.011887875385582447, 0.017603076994419098, -0.008749991655349731, -0.005869840271770954, -0.00866622943431139, 0.002475835382938385, -0.01664946973323822, 0.023775750771164894, -0.004320228006690741, 0.004880794323980808, -0.007229374721646309, -0.02115977555513382, -0.022615958005189896, 0.014201018027961254, -0.023943277075886726, -0.026623686775565147, 0.008621126413345337, -0.0037596614565700293, -0.021288640797138214, -0.03136594966053963, -0.00012926856288686395, -0.005873061716556549, -0.019510291516780853, 0.04097934439778328, -0.010257722809910774, 0.009581176564097404, -0.007409787271171808, -0.03018038533627987, -0.007319581229239702, -0.021932970732450485, 0.006932983640581369, -0.005357598420232534, 0.012893029488623142, 0.013556689023971558, 0.0031233862973749638, -0.04170099273324013, -0.014432976953685284, 0.019536064937710762, 0.01271906029433012, -0.00759019935503602, 0.009226796217262745, -0.02610822394490242, 0.013582461513578892, -0.02724224328994751, 0.0280927587300539, -0.0021359517704695463, -0.01237756572663784, -0.0040528313256800175, 0.00107119744643569, -0.01206184457987547, -0.011617257259786129, 0.006356308702379465, -0.0213917326182127, 0.031855642795562744, 0.010270609520375729, 0.011874989606440067, 0.009780919179320335, 0.017654623836278915, -0.021494826301932335, -0.00020266170031391084, 0.03404635936021805, -0.0175386443734169, 0.0016357910353690386, -0.00030988213256932795, 0.016146892681717873, -0.018402045592665672, -0.013273184187710285, 0.0122615871950984, 0.05064428225159645, -0.015541222877800465, -0.00811854936182499, -0.03064430132508278, 0.010386588983237743, 0.0026884640101343393, 0.005541231948882341, -0.005199737381190062, -0.0021649464033544064, 0.002748064463958144, 0.008215198293328285, 0.012545092031359673, 0.0021391732152551413, -0.008679116144776344, 0.008782208897173405, 0.011643030680716038, -0.005992262624204159, -0.038840170949697495, 0.011172669939696789, 0.03128863126039505, 0.009652053005993366, 0.013247410766780376, 0.01645617000758648, -0.0032699713483452797, 0.011385299265384674, -0.014664934948086739, 0.02606956474483013, 0.0069007668644189835, 0.0053253816440701485, -0.00357280601747334, 0.018595343455672264, -0.0022052170243114233, -0.004117264412343502, -0.0017235808772966266, -0.025927811861038208, -0.01363400835543871, 0.028762860223650932, -0.007867260836064816, -0.02158503234386444, 0.014097925275564194, 0.010534783825278282, 0.013311843387782574, 0.05396902188658714, -0.0029220334254205227, -0.019420085474848747, -0.0012032849481329322, -0.04922676086425781, -0.002736788708716631, -0.006694581359624863, -0.01688142865896225, 0.006204891484230757, 0.02680409885942936, -0.028505129739642143, 0.022216474637389183, 0.015012873336672783, -0.004861464723944664, -0.019858229905366898, -0.00846004392951727, -0.021675238385796547, -0.020141733810305595, -0.003582471050322056, 0.012326019816100597, -0.02521904930472374, 0.010837619192898273, 0.015231944620609283, -0.00989689864218235, -0.0036146873608231544, 0.0040560532361269, 0.013762874528765678, 0.0013941675424575806, -0.0010720029240474105, -0.004503862001001835, -0.02068297006189823, -0.010509011335670948, 0.023453587666153908, 0.021095341071486473, -0.01916235312819481, -0.0034987081307917833, 0.004374995827674866, 0.013749987818300724, 0.007512879557907581, 0.018737096339464188, 0.008253858424723148, 0.018286066129803658, 0.011881432496011257, -0.04113398492336273, 0.005128861404955387, 0.02724224328994751, 0.0504896454513073, -0.01452318299561739, -0.005911721382290125, -0.0037532183341681957, -0.009265455417335033, -0.025747399777173996, -0.00822808500379324, -0.024484513327479362, -0.0011960362317040563, 0.008936847560107708, 0.00846004392951727, -0.003340847557410598, 0.01439431682229042, 0.008440714329481125, 0.011398185975849628, 0.00900772400200367, 0.007029633037745953, -0.015219057910144329, -0.02293812297284603, -0.020850496366620064, 0.0016978076891973615, -0.005376928020268679, -0.0072487047873437405, 0.01079251617193222, 0.0017831813311204314, -0.008137878961861134, 0.005347933154553175, 0.001982923364266753, 0.0064142984338104725, -0.021662350744009018, 0.01819586008787155, 0.0029204227030277252, -0.009548960253596306, -0.021056681871414185, 0.029613375663757324, 0.02297678403556347, 0.010019320994615555, 0.022409774363040924, 0.03538656607270241, 0.016353078186511993, 0.021533485502004623, 0.012989679351449013, -0.019278332591056824, -0.0048840162344276905, -0.022010289132595062, -0.004993552342057228, -0.005399479530751705, -0.05381438508629799, 0.0013273183722048998, -0.020386580377817154, -0.02788657322525978, -0.0028511572163552046, 0.004210691899061203, -0.02118554711341858, 0.0846906453371048, 0.02586337924003601, -0.01576029509305954, 0.013234524056315422, 0.011759010143578053, -0.019007714465260506, -0.005212624091655016, -0.009632723405957222, -0.022216474637389183, 0.00867267232388258, 0.032061826437711716, -0.013176534324884415, -0.002756118541583419, -0.017268026247620583, -0.02141750603914261, 0.03765460476279259, -0.009394321590662003, 0.017422664910554886, -0.006778344511985779, 0.011224216781556606, 0.03600512072443962, -0.006185561418533325, 0.021121114492416382, -0.01045746449381113, -0.024935543537139893, -0.01247421558946371, 0.0209535900503397, 0.006172674708068371, -0.022770598530769348, -0.009516743943095207, -0.010057980194687843, 0.005486464127898216, -0.010985814966261387, -0.021726785227656364, -0.006913653574883938, -0.010624990798532963, -0.001388529664836824, -0.0008625958580523729, -0.009426537901163101, -0.00664947833865881, -0.008820868097245693, 0.02047678641974926, -0.018840190023183823, -0.021043796092271805, -0.0012757719960063696, -0.005776412319391966, 0.0006874188547953963, -0.007951023988425732, 0.00044015745515935123]"
"Los síntomas de la demencia a menudo generan una sensación de inseguridad. Por ejemplo, la pérdida de memoria puede provocar preocupación por olvidar una cita, mientras que los problemas visoespaciales pueden hacer que las personas se sientan perdidas o desorientadas incluso en lugares familiares. Al tener menos capacidad para lidiar con el estrés, las personas con demencia a menudo dependen de su cuidador para ayudarles a manejar sus emociones. El cuidador puede convertirse en el ""ancla"" de la persona, es decir, en la persona en quien confían y que les brinda seguridad. La persona con demencia puede seguir o ""sombrear"" al cuidador a donde quiera que vaya, llamar al cuidador varias veces al día por teléfono o hacer preguntas repetidas una y otra vez. Pueden sentirse amenazados y agitados cuando el cuidador está cansado y actúa frustrado, impaciente o intenta ignorarlos. De manera similar, pueden preocuparse y agitarse cuando no pueden encontrar a su cuidador, aunque sea por un momento. Por ejemplo, si la persona con demencia no puede ver u oír a su cuidador, es posible que se aleje buscándolo y se pierda. Este folleto ofrece algunas ideas para ayudar a que la persona con demencia se sienta segura. Si su ansiedad es muy angustiante o pone en peligro su seguridad, se debe consultar a su médico para ver si la medicación podría ayudar. Los antidepresivos suelen ser seguros y pueden ayudar a reducir la ansiedad. Los medicamentos más fuertes, como las benzodiacepinas o los antipsicóticos, tienen más efectos secundarios, aunque en algunas situaciones los beneficios del medicamento superan el posible daño.
Si la persona te sigue y se inquieta o agita cuando no puede verte o escucharte, entonces puedes hacer lo siguiente: Reduce el desorden y el ruido de fondo que puedan desorientar a la persona; Pon una ""estación de control"" cerca de su silla favorita, asegúrate de que tenga un refrigerio, un poco de agua, una actividad o dos (por ejemplo, un libro, un rompecabezas, una manualidad) y cualquier otro ""objeto de seguridad"" que prefiera (por ejemplo, teléfono, peluche, bolso); Considera si la persona puede necesitar más ayuda o supervisión de la que tú puedes proporcionarle, prueba a poner en marcha un programa de día o a contratar ayuda a domicilio; Tranquilice a la persona con un tono de voz calmado.
Si la persona hace las mismas preguntas repetidamente o busca consuelo con frecuencia, entonces puedes hacer lo siguiente: Recuerde que la persona no lo está haciendo a propósito, sino que tiene pérdida de memoria a corto plazo o poca capacidad de atención y está haciendo lo mejor que puede; Utilice un audífono o un amplificador de voz si la pérdida de audición es un problema; Evite utilizar un tono de voz molesto (""Ya se lo he dicho""), ya que es probable que la persona reaccione a la defensiva; Piense en un guión que pueda repetir sin tener que pensar en él, por ejemplo: ha sido un desayuno (comida/cena) delicioso. ¿Me ayudas a limpiar los platos?; Intenta hablar con un tono objetivo y use el humor si ve que la persona responde bien; Limite la cantidad de información que le da a la persona si más información puede preocuparla, por ejemplo, puede esperar a decirle que tiene una cita con el médico hasta que sea casi la hora de prepararse para ir; Intente establecer una rutina diaria predecible y constante para la persona (esto le ayudará a mantener sus funciones y a saber qué esperar); Si la persona vive en un centro, considere la posibilidad de fijar una hora para llamarla o visitarla todos los días; Llevar un calendario o un plan diario por escrito puede ser útil para algunas personas, pero para otras puede causar más confusión; Dar a la persona algo que hacer puede distraerla de su preocupación porque a menudo, las personas quieren ser útiles asi que intente encontrar tareas sencillas en las que puedan ayudar de forma rutinaria; El ejercicio regular puede ser otro desahogo para la energía nerviosa; Las personas con demencia pueden utilizar sus emociones como indicadores de las suyas, por ejemplo, si usted está ansioso y preocupado, ellos pueden ponerse ansiosos y preocupados - respire hondo e intente mantener la calma.
Si la persona se angustia tanto que se encuentra inconsolable, entonces puedes hacer lo siguiente: Respire hondo y haga todo lo posible por mantener la calma; Reduzca el ruido de fondo (apague la televisión) y reduzca la intensidad de las luces si es posible; A veces ayuda que otra persona conocida, como un vecino o un familiar, llame o visite a la persona para distraerla y tranquilizarla; Discutir con la persona o intentar retenerla físicamente puede empeorar la situación; Si existe una amenaza inmediata de peligro para la persona o cualquier otra persona, llame al 105 para la central policial o al 106 para una ambulancia; Póngase en contacto con el médico de la persona para programar una cita urgente para descartar una causa médica oculta y considerar un tratamiento farmacéutico; Si la persona responde bien al afecto, considera la posibilidad de cogerle la mano, darle un abrazo o frotarle la espalda; Considera la posibilidad de distraer a la persona con su comida favorita, como helado o chocolate; A veces las personas se sienten más tranquilas cuando van en auto o dan un paseo (asegúrate de llevar un teléfono móvil por si tuvieras que pedir ayuda).","[0.0023526011500507593, -0.005415783729404211, 0.05556619539856911, -0.03656614199280739, -0.0072978646494448185, 0.04419689252972603, -0.0058254883624613285, -0.0036937438417226076, -0.014109204523265362, -0.003351256251335144, -0.007214643526822329, 0.04012545198202133, -0.005934316199272871, 0.042916566133499146, -0.016887513920664787, 0.018014201894402504, 0.03753919154405594, 0.012156706303358078, 0.040970467031002045, -0.02436462603509426, -0.02252095378935337, 0.009365593083202839, 0.0050572920590639114, 0.004113051109015942, -0.017694121226668358, 0.0009890526998788118, 0.018884824588894844, -0.022636184468865395, 0.004362714476883411, -0.0224569384008646, 0.03897315636277199, -0.010569100268185139, 0.006824143696576357, -0.025171231478452682, 0.003303244011476636, -0.0011714993743225932, 0.0010346643393859267, -0.024646297097206116, 0.0062287915498018265, -0.03326289728283882, 0.006062348838895559, -0.002187758916988969, -0.014403680339455605, -0.0167594812810421, 0.004945263732224703, 0.03710388019680977, -0.04122653231024742, -0.02362203598022461, -0.027859918773174286, 0.015748023986816406, 0.015453548170626163, 0.02084372565150261, -0.031163161620497704, 0.0046123783104121685, 0.023033084347844124, -0.023570822551846504, -0.012822476215660572, 0.015351122245192528, -0.003440879052504897, -0.024582279846072197, -0.004033030476421118, -0.005476599093526602, -0.007829200476408005, 0.020933348685503006, -0.004516353830695152, 0.0008402146631851792, 0.014006778597831726, -0.015171876177191734, 0.01167658343911171, 0.010869977064430714, 0.029601162299513817, 0.013008123263716698, -0.00673452066257596, 0.007400290574878454, 0.02038280852138996, 0.0054509928449988365, 0.015197482891380787, 0.0013427430531010032, 0.009205551818013191, -0.00024046143516898155, 0.008655011653900146, -0.019653020426630974, -0.030958309769630432, 0.017105169594287872, 0.01418602466583252, 0.03285319358110428, -0.009589649736881256, -0.003953009843826294, -0.013686696998775005, -0.014723761938512325, -0.010434665717184544, -0.0030391765758395195, 5.696455264114775e-05, 0.009660067968070507, 0.015325515531003475, 0.019012857228517532, 0.03154725953936577, 0.000845816102810204, -0.014262843877077103, -0.012291139923036098, -0.013187369331717491, 0.024518264457583427, -0.057665932923555374, 0.0064048366621136665, -0.0020309188403189182, -0.03001086786389351, -0.002267779316753149, 0.002479033311828971, -0.002816719701513648, -0.031239982694387436, -0.013341008685529232, 0.033314112573862076, -0.010236215777695179, -0.03075345791876316, -0.0013091345317661762, -0.007150627207010984, 0.005111705977469683, 0.014890204183757305, 0.0019701034761965275, -0.02503039501607418, 0.0034856905695050955, 0.010172199457883835, 0.017310023307800293, -0.012143902480602264, -0.00336726033128798, -0.015952875837683678, 0.0076307496055960655, 0.008821453899145126, -0.035285815596580505, 0.005515009164810181, -0.02947312965989113, 0.016068104654550552, 0.00709301233291626, -0.0017604498425498605, -0.009628060273826122, 0.02552972361445427, -0.017105169594287872, -0.017284415662288666, -0.014326860196888447, -0.03415912762284279, 0.01733562909066677, 0.028167197480797768, -0.032673947513103485, -0.010146592743694782, 0.006619291380047798, 0.024876756593585014, -0.009704879485070705, 0.0024326215498149395, -0.010140190832316875, 0.022444134578108788, 0.021675938740372658, -0.01602969504892826, -0.006433643866330385, -0.03892194479703903, -0.00046011756057851017, 0.006836947053670883, 0.012579213827848434, -0.0034696864895522594, -0.03395427390933037, -0.018846414983272552, 0.024953575804829597, -0.018718382343649864, 0.003344854572787881, 0.0026838856283575296, 0.0032040185760706663, 0.030599817633628845, -0.032341063022613525, -0.007157028652727604, 0.0068625533021986485, 0.0012035075342282653, -0.008699823170900345, 0.05031685531139374, -0.015517564490437508, 0.024876756593585014, 0.013891548849642277, -0.005300554446876049, -0.0031688096933066845, 0.024851148948073387, -0.01951218582689762, -0.016221744939684868, -0.029217064380645752, 0.00948722381144762, 0.01467254851013422, 0.03054860606789589, -0.04327505826950073, 0.003604120807722211, 0.040509551763534546, 0.018180646002292633, 0.002995965536683798, -0.006619291380047798, -0.005604632198810577, 0.006683307699859142, 0.01331540197134018, -0.038896337151527405, -0.6268481612205505, -0.0020853327587246895, -0.002800715621560812, 0.009544839151203632, -0.0017188391648232937, 0.016669858247041702, 0.012303943745791912, 0.018078219145536423, -0.02405734732747078, -0.05659046024084091, 0.014967024326324463, -0.0034184735268354416, -0.013366615399718285, -0.013430631719529629, -0.022392921149730682, -0.0184751208871603, -0.018795201554894447, -0.021957609802484512, 0.022905051708221436, 0.006708913948386908, 0.00829651951789856, 0.03293001279234886, -0.018219055607914925, 0.006331217475235462, 0.009314379654824734, -0.0199090875685215, 0.0007069806451909244, -0.031368013471364975, 0.010844370350241661, 0.03992059826850891, -0.004359513986855745, 0.006440045312047005, -0.01632416993379593, 0.025721771642565727, 0.048498790711164474, -0.02218806929886341, 0.01736123487353325, 0.033442143350839615, -0.018449513241648674, 0.030497392639517784, 0.011081230826675892, -0.0010618712985888124, 0.026810050010681152, -0.022610576823353767, 0.012848082929849625, -0.0006041543674655259, 0.0019380951998755336, -0.01860315352678299, -0.010281026363372803, 0.019691431894898415, 0.028960999101400375, 0.0024678304325789213, -0.019294530153274536, 0.0004161063116043806, 0.00268068490549922, 0.01619613729417324, 0.02258497104048729, -0.0461173839867115, 0.009147937409579754, 0.0013171365717425942, 0.0030151703394949436, 0.022444134578108788, -0.01080596074461937, -0.00665129953995347, -0.018423907458782196, 0.04650148004293442, -0.029626769945025444, -0.014262843877077103, 0.024940771982073784, 0.0005889504682272673, 0.0031512051355093718, 0.009909732267260551, -0.02924267202615738, -0.0014379674103111029, 0.039203617721796036, -0.018283070996403694, 0.021163808181881905, 0.008008446544408798, -0.012239927425980568, 0.013110550120472908, 0.017950186505913734, -0.005073296371847391, -0.036489322781562805, 0.011305288411676884, 0.0311119481921196, -0.004154661670327187, 0.0044971490278840065, -0.0070802089758217335, -0.012873689644038677, 0.004109850153326988, 0.005627037491649389, 0.016772285103797913, 0.0010882780188694596, -0.007157028652727604, -0.013840336352586746, 0.011804616078734398, -0.004301899112761021, 0.008251708000898361, 0.030420571565628052, -0.00018474720127414912, 0.008520577102899551, -0.028602508828043938, 0.008584593422710896, 0.016669858247041702, 0.0208821352571249, 0.011702190153300762, -0.041508205235004425, 0.02469751052558422, 0.04919016733765602, -0.015645597130060196, -0.017681317403912544, -0.0018068616045638919, 0.013136155903339386, -0.0235196091234684, 0.014749368652701378, -0.013104148209095001, 0.030907096341252327, 0.032238636165857315, 0.008546183817088604, -0.021663134917616844, -0.0006097558070905507, 0.0016964334063231945, 0.004513153340667486, 0.005313357338309288, 0.01263042725622654, -0.013289795257151127, -0.009551240131258965, 0.019166497513651848, -0.0077779870480299, -0.015415138565003872, -0.007867610082030296, -0.020357200875878334, 0.011785411275923252, -0.0006717716460116208, 0.025312067940831184, 0.015530368313193321, 0.02947312965989113, -0.017015546560287476, -0.006443246267735958, -0.010152993723750114, -0.01864156313240528, -0.0044235303066670895, 0.01907687447965145, 0.003636128967627883, 0.02382688783109188, -0.02602905035018921, -0.0049004522152245045, -0.00948722381144762, -0.04929259419441223, -0.024044543504714966, 0.004362714476883411, -0.026810050010681152, -0.01433966401964426, 0.03764161840081215, 0.007726774085313082, 0.004615579266101122, -0.017694121226668358, 0.006977783050388098, -0.03618204593658447, -0.011875034309923649, 0.033211685717105865, 0.029217064380645752, -0.023404380306601524, 0.010677928104996681, -0.0405607633292675, -0.02901221252977848, 0.0219448059797287, 0.025337673723697662, -0.026425952091813087, -0.033006832003593445, -0.022559363394975662, -0.014608532190322876, -0.007208241615444422, 0.007867610082030296, 0.018590349704027176, 0.02826962247490883, -0.0096536660566926, -0.012809673324227333, 0.011907042004168034, 0.008008446544408798, -0.005819086916744709, 0.001230714493431151, -0.01000575628131628, -0.015095056965947151, 0.026912476867437363, -0.003658534726127982, 0.003828178159892559, 0.004525956232100725, 0.00108107621781528, 0.030625425279140472, 0.02770627848803997, 0.004314702469855547, 0.014250040985643864, 0.012771262787282467, -0.0037993707228451967, -0.0022485745139420033, -0.0067473240196704865, -0.005166119895875454, 0.003552907845005393, -0.002823121380060911, 0.030804671347141266, -0.028525687754154205, 0.028167197480797768, -0.0006969780661165714, 0.019422562792897224, -0.015479154884815216, 0.013533057644963264, -0.012233525514602661, 0.01978105492889881, 0.011606165207922459, -0.0013115351321175694, -0.027296574786305428, -0.0072274464182555676, 0.0034952929709106684, 0.003927403595298529, 0.04929259419441223, 0.0195377916097641, 0.029063425958156586, 0.002965557621791959, -0.0112284692004323, -0.01706675998866558, 0.006881758105009794, 0.004894050303846598, -0.007329872809350491, 0.01019140426069498, 0.02803916484117508, 0.028781753033399582, -0.007003389298915863, 0.0032520308159291744, -0.005428587086498737, -0.017988596111536026, -0.004522755742073059, 0.011337297037243843, 0.02519683726131916, -0.005290952045470476, 0.02104857750236988, 0.004711603745818138, -0.014838991686701775, 0.025337673723697662, -0.002120541874319315, -0.015684006735682487, 0.006078353151679039, 0.021791167557239532, 0.008354134857654572, 0.006811340339481831, 0.02602905035018921, 0.018718382343649864, 0.03810253366827965, 0.030036473646759987, 0.027552640065550804, -0.0012915299739688635, 0.01537672895938158, -0.02536327950656414, -0.007758782245218754, -0.0003656934422906488, -0.018731186166405678, 0.01673387549817562, -0.020165152847766876, 0.028628114610910416, 0.01159336231648922, 0.03456883132457733, -0.013597073964774609, 0.011138846166431904, 0.0036649364046752453, 0.0005449392483569682, -0.017988596111536026, 0.016657056286931038, -0.020459627732634544, -0.006257598754018545, 0.010178600437939167, -0.0028151192236691713, 0.008629404939711094, -0.023942116647958755, -0.022533757612109184, 0.019384153187274933, 0.00603994308039546, -0.03262273594737053, -0.011023616418242455, 0.03131680190563202, 0.016221744939684868, 0.001950898440554738, -0.017476465553045273, 0.0223161019384861, 0.031265586614608765, 0.010338641703128815, -0.009032707661390305, -0.021496692672371864, 0.016657056286931038, 0.008072462864220142, 0.0143524669110775, -0.0354650616645813, 0.00032088198349811137, -0.028960999101400375, -0.0018244661623612046, 0.006900963373482227, -6.82174286339432e-05, 0.018347088247537613, 0.016221744939684868, -0.0017124374862760305, -0.018052613362669945, -0.004161063116043806, -0.019729841500520706, -0.029601162299513817, -0.019166497513651848, -0.01656743325293064, 0.01494141761213541, -0.010921190492808819, -0.012560009025037289, -0.01246398501098156, -0.009115928784012794, -0.010127387940883636, -0.007157028652727604, 0.007361880969256163, -0.01218231301754713, 0.015850448980927467, 0.010159395635128021, -0.00913513358682394, 0.006804938893765211, 0.03164968639612198, 0.007489913608878851, 0.006219189148396254, -0.008904675021767616, 0.0005053291097283363, -0.006625692825764418, 0.018462317064404488, 0.027322180569171906, -0.011151649057865143, 0.013494648039340973, 0.01615772768855095, 0.0015115862479433417, -0.01174700167030096, -0.031265586614608765, 0.025657756254076958, 0.006401635706424713, -0.03664296120405197, -0.0016044098883867264, 0.023570822551846504, 0.009199150837957859, 0.01288009062409401, 0.02415977232158184, -0.00354650616645813, -0.0299084410071373, -0.0030903895385563374, 0.0007469908450730145, 0.015876056626439095, -0.00941680558025837, 0.018923234194517136, 0.024876756593585014, -0.0029095434583723545, 0.009538437239825726, 0.00896869134157896, 0.023097101598978043, 0.028397655114531517, -0.006135967560112476, -0.0029927645809948444, 0.004721206147223711, 0.002591062104329467, 0.03828177973628044, -0.0018724784022197127, 0.010050567798316479, 0.0026342731434851885, 0.016580237075686455, 0.016887513920664787, -0.0012603220529854298, 0.030087687075138092, -0.012284738942980766, 0.011266878806054592, -0.02382688783109188, 0.010159395635128021, -0.007368282414972782, 0.007073807530105114, 0.018347088247537613, -0.01288009062409401, -0.00925036333501339, 0.017412448301911354, -0.005201329011470079, 0.008110872469842434, -0.01773253083229065, 0.029831621795892715, -0.003575313603505492, 0.025184035301208496, -0.008751035667955875, -0.04406885802745819, 0.003780165920034051, -0.00941680558025837, -0.011433321051299572, 0.01184302568435669, -0.0033160471357405186, -0.006523266900330782, 9.362392302136868e-05, 0.00405863719061017, 0.033775027841329575, -0.01951218582689762, -0.0029991662595421076, 0.010773953050374985, -0.0103706493973732, -0.029293885454535484, 0.009647265076637268, -0.003239227691665292, 0.025145623832941055, 0.0009346387814730406, -0.02559373900294304, -0.001493981690146029, 0.003594518406316638, -8.087066089501604e-05, 0.0032088197767734528, -0.002477433066815138, -0.029754802584648132, 0.004337108228355646, 0.00029907640418969095, 0.013699499890208244, -0.03761601075530052, -0.00896869134157896, 0.018027005717158318, -0.007329872809350491, -0.005226935259997845, 0.02428780496120453, 0.01632416993379593, -0.01390435267239809, 0.0038505839183926582, -0.0001876479509519413, 0.021368660032749176, -0.003642530646175146, -0.016055302694439888, 0.0005457394290715456, -0.04814029857516289, -0.017092367634177208, -0.03323729336261749, 0.014301254414021969, -0.023263543844223022, 0.001765251043252647, 0.007022594101727009, 0.011657378636300564, -0.01330259907990694, 0.0012563209747895598, -0.021471085026860237, 0.008770240470767021, 0.001079475856386125, -0.023814084008336067, -0.014403680339455605, 0.01582484319806099, 0.019524987787008286, 0.032571520656347275, 0.0021109392400830984, -0.003975415602326393, -0.02540169097483158, 0.039638929069042206, 0.014454892836511135, -0.013392222113907337, 0.0024358222726732492, 0.0318545401096344, -0.011036420240998268, -0.026246706023812294, -0.0017540481640025973, 0.01115805096924305, 0.03864027187228203, -0.002282183151692152, -0.01478777825832367, -0.04952305182814598, -0.006264000665396452, -0.00017784544616006315, 0.01793738268315792, 0.008975093252956867, -0.002136545954272151, -0.017207596451044083, -0.016016893088817596, -0.015338319353759289, -0.024146970361471176, 0.0366685688495636, -0.03536263480782509, -0.020587660372257233, 0.027296574786305428, 0.01864156313240528, 0.034620046615600586, -0.022636184468865395, -0.020293185487389565, -0.03349335864186287, -0.010178600437939167, 0.004461939912289381, 0.0103706493973732, 0.02117661014199257, 0.006110361311584711, -0.0022949862759560347, -0.0034664857666939497, 0.020062725991010666, 0.003504895605146885, -0.011580558493733406, -0.0048268330283463, 0.0007914021844044328, 0.002152550034224987, -0.01131169032305479, 0.013379418291151524, -0.03044617921113968, 0.03623325750231743, 0.007496315520256758, 0.01522308960556984, 0.014903008006513119, -0.01652902364730835, 0.014301254414021969, 0.017348432913422585, -0.009647265076637268, -0.03295562043786049, -0.010901985689997673, -0.057205017656087875, -0.0024262198712676764, 0.00908392108976841, -0.02532486990094185, 0.015031040646135807, -0.01467254851013422, -0.004023428075015545, 0.020638873800635338, -0.005883103236556053, 0.007886814884841442, 0.0020501238759607077, -0.004365915432572365, -0.008418151177465916, 0.01820625178515911, 0.022328905761241913, -0.0235196091234684, -0.00788041390478611, -0.016311367973685265, -0.02780870534479618, -0.014134811237454414, -0.002605465706437826, -0.011145247146487236, 0.0028919389005750418, 0.01866716891527176, -0.004221878480166197, -0.008859863504767418, 0.0232891496270895, 0.004298698157072067, -0.009461617097258568, 3.023272438440472e-05, -0.020088331773877144, -0.023583626374602318, -0.03272516280412674, -0.019665824249386787, -0.018564743921160698, -0.017207596451044083, 0.002519043628126383, -0.01850072667002678, 0.026579590514302254, -0.007099413778632879, -0.030522998422384262, -0.028986606746912003, -0.007374684326350689, 0.02770627848803997, -0.017783744260668755, 0.021663134917616844, 0.010249018669128418, -0.03218742460012436, -0.014006778597831726, 0.032213032245635986, 0.035080961883068085, -0.0016532223671674728, 0.019793856889009476, 0.012239927425980568, -0.015005433931946754, -0.008866265416145325, 0.0020693286787718534, 0.013264188542962074, -0.022392921149730682, -0.03677099570631981, 0.026707623153924942, 0.011638173833489418, 0.009967346675693989, -0.005735865328460932, -0.006504061631858349, 0.007432298734784126, 0.004522755742073059, -0.009596051648259163, -0.0019637017976492643, 0.011350099928677082, -0.006798536982387304, -0.01891043223440647, 0.008610200136899948, -0.025721771642565727, 0.021471085026860237, -0.010748346336185932, -0.0021957610733807087, -0.04286535084247589, 0.006766528822481632, -0.005082898773252964, 0.016311367973685265, 0.0063760289922356606, 0.02098456211388111, -0.016554629430174828, -0.006952176336199045, -0.009820109233260155, 0.015287105925381184, 0.010415460914373398, 0.01270084548741579, -0.003953009843826294, 0.024620691314339638, 0.003773764241486788, -0.007822798565030098, 0.011817418970167637, -0.040407124906778336, -0.0004035031015519053, 0.011055625043809414, -0.00553741492331028, 0.01619613729417324, -0.002882336499169469, -0.028756147250533104, -1.9204906493541785e-05, 0.02924267202615738, -0.006289606913924217, 0.006526467390358448, -0.004429931752383709, -0.03526020795106888, -0.004426731262356043, 0.006068750750273466, 0.010998009704053402, 0.07420776039361954, 0.001348344492726028, -0.018116628751158714, 0.0030551806557923555, 0.014262843877077103, -0.010543493553996086, -0.0023445989936590195, -0.005204529967159033, 0.0017012347234413028, -0.019614610821008682, 0.035490669310092926, -0.032238636165857315, -0.00623199250549078, -0.025824198499321938, 0.004033030476421118, 0.004874845501035452, -0.007886814884841442, 0.026054656133055687, 0.001886882120743394, -0.03034375235438347, -0.005425386130809784, 0.006353623233735561, 0.01880800537765026, 0.002138146199285984, -0.0037353544030338526, 0.020933348685503006, 0.001837269403040409, -0.00103706493973732, -0.003953009843826294, -0.05725622922182083, 0.008571790531277657, -0.013776320032775402, 0.008936683647334576, -0.0014019581722095609, -0.010901985689997673, -0.004785222467035055, -0.0014579725684598088, 0.015171876177191734, 0.011727796867489815, -0.02914024516940117, -0.018577545881271362, -0.03894755244255066, 0.004958066623657942, -0.019332939758896828, -0.017924578860402107, 0.0026518774684518576, -0.009967346675693989, -0.014979827217757702, 0.03994620591402054, 0.0044555384665727615, -0.0034312766510993242, 0.007854807190597057, 0.006683307699859142, 0.012022271752357483, 0.015735220164060593, -0.009532035328447819, 0.0006113562267273664, -0.005662246607244015, -0.007438700646162033, -0.008475765585899353, 0.0027815105859190226, 0.0009730486199259758, 0.0323154553771019, 0.01358427107334137, 0.0007894017035141587, -0.006337619386613369, 0.010677928104996681, -0.025990640744566917, 0.02529926411807537, 0.006606488022953272, 0.017758136615157127, 0.023775674402713776, -3.510271881168592e-06, -0.003383264411240816, 0.018948841840028763, 0.023980526253581047, 0.052314165979623795, -0.0024486256297677755, -0.019460972398519516, -0.012380762957036495, -0.03794889524579048, -0.013968368992209435, -0.01746366173028946, -0.01910248026251793, 0.003645731369033456, 0.004996476694941521, -0.01286728773266077, -0.02061326615512371, 0.025209641084074974, 0.008783044293522835, -0.016605842858552933, 0.008328528143465519, 0.007265856489539146, -0.01632416993379593, -0.026886869221925735, 0.011753402650356293, -0.0007898018229752779, -0.008827855810523033, -0.004145059268921614, 0.004922857973724604, -0.008975093252956867, -0.003572112647816539, 0.024185379967093468, -0.012246329337358475, 0.0029287482611835003, -0.019294530153274536, 0.0015451947692781687, -0.011030018329620361, -0.03687342256307602, 0.0001425364171154797, 0.008149282075464725, -0.007662757765501738, 0.01984507031738758, -0.005745468195527792, 0.014493303373456001, -0.026105869561433792, 0.014467696659266949, -0.007585938088595867, 0.003309645690023899, 0.020434020087122917, -0.0096536660566926, -0.009218355640769005, 0.009141535498201847, 0.012316746637225151, -0.05193006992340088, -0.01216310728341341, 0.005563021171838045, 0.005863898433744907, -0.041303351521492004, 0.019012857228517532, 0.019793856889009476, -0.005470197647809982, 5.476399383042008e-05, -0.018756791949272156, -0.019396955147385597, -0.009474420920014381, -0.04550282657146454, -0.0002068528556264937, -0.016221744939684868, -0.004785222467035055, -0.00932078156620264, 0.0019124886021018028, 0.012572811916470528, -0.007125020492821932, 0.0024518263526260853, 0.017258809879422188, 0.019793856889009476, 0.19727280735969543, -0.024300608783960342, -0.018462317064404488, 0.02312270738184452, -0.0020981361158192158, 0.03382624313235283, 0.03631007671356201, 0.006225590594112873, 0.006254397798329592, 0.011772607453167439, -0.008392544463276863, -0.020651675760746002, -0.028986606746912003, 0.014416483230888844, 0.010831567458808422, -0.01760449819266796, -0.022072840481996536, -0.01876959577202797, 0.006542471703141928, -0.04048394411802292, 0.006238393951207399, -0.018961643800139427, -2.4643795768497512e-05, -0.00913513358682394, 0.05321039631962776, -0.007201840169727802, 0.0034312766510993242, -0.0193073321133852, 0.04811469465494156, 0.0009354390203952789, -0.03152165561914444, 0.0005161318695172668, 0.012150304391980171, 0.006811340339481831, -0.019589005038142204, -0.001045066979713738, -0.020037120208144188, -0.012092689983546734, -0.003002367215231061, 0.03318607807159424, -0.001194705255329609, -0.013993975706398487, -0.02177836373448372, 0.01495422050356865, -0.00941680558025837, 0.04120092839002609, 0.01008897740393877, -0.015440745279192924, 0.012707246467471123, 0.004177067428827286, -0.0362076498568058, -0.01679789274930954, -0.013942762278020382, -0.0027559041045606136, 0.011939050629734993, 0.009999354369938374, 0.01538953185081482, 0.020190758630633354, -0.013353811576962471, 0.010953198187053204, -0.006119963712990284, 0.003616924164816737, -0.010569100268185139, 0.028858574107289314, -0.02704050950706005, 0.02040841430425644, 0.007285061292350292, -0.016721071675419807, 0.025107214227318764, -0.013955566100776196, 0.000604554486926645, -0.0124319763854146, -0.0181038249284029, 0.001909287879243493, 0.003552907845005393, -0.024633493274450302, 0.005210931412875652, 0.019486578181385994, 0.010095379315316677, 0.0323154553771019, -0.002842326182872057, 0.019589005038142204, -0.013878745958209038, 0.00018324682605452836, 0.001396356732584536, -0.03569551929831505, 0.009269568137824535, -0.008232503198087215, -0.015735220164060593, -0.017681317403912544, -0.008699823170900345, -0.008053258061408997, -0.004362714476883411, 0.015363925136625767, 0.020702889189124107, 0.022405724972486496, 0.03631007671356201, 0.017476465553045273, 0.004785222467035055, -0.01702835038304329, -0.016554629430174828, 0.03482489660382271, 0.008891872130334377, 0.007886814884841442, 0.0006585682858712971, 0.008936683647334576, 0.0015275903278961778, 0.0065744798630476, -0.006171176675707102, -0.016925925388932228, -0.026451557874679565, -0.014544515870511532, 0.005319759249687195, -0.015031040646135807, -0.009192748926579952, 0.01830867864191532, 0.017284415662288666, -0.0051629189401865005, -0.01673387549817562, -0.017220400273799896, 0.028884179890155792, -0.04038151726126671, -0.011535746976733208, 0.009352789260447025, -0.00045611654059030116, -0.009192748926579952, -0.014634138904511929, 0.0020997365936636925, -0.00022005623031873256, -0.006036742590367794, 0.01227833703160286, -0.04135456681251526, 0.012720050290226936, 0.00198290660046041, -0.012329550459980965, 0.009544839151203632, 0.022674594074487686, 0.017207596451044083, 0.004628382623195648, -0.006238393951207399, 0.0031448034569621086, -0.033314112573862076, 0.005540615413337946, -0.010786755941808224, 0.01636258140206337, -0.017220400273799896, 0.007893216796219349, -0.0019733041990548372, -0.011606165207922459, -0.01760449819266796, -0.026221100240945816, 0.022290494292974472, 0.008975093252956867, -0.01723320223391056, -0.012438378296792507, -0.007681962568312883, -0.02332756109535694, -0.02345559373497963, -0.018283070996403694, 0.007214643526822329, -0.030574211850762367, -0.004257087595760822, -0.0013715503737330437, 0.003921001683920622, 0.007957233116030693, 0.005249341018497944, -0.15794114768505096, 0.021355856209993362, 0.0036937438417226076, -0.04524676129221916, -0.013008123263716698, -0.0026838856283575296, 0.006552074104547501, -0.0029335494618862867, -0.01760449819266796, -0.004647587426006794, -0.002687086584046483, -0.029754802584648132, -0.022661790251731873, -0.0016628248849883676, -0.00424108374863863, -0.014493303373456001, -0.0005993531085550785, 0.014493303373456001, 0.04163623973727226, 0.032110605388879776, 0.00905191246420145, -0.056027114391326904, 0.026272311806678772, -0.012502394616603851, 0.002479033311828971, -0.020331595093011856, -0.005156517494469881, 0.0020373205188661814, -0.007899618707597256, -0.008187691681087017, -0.022597773000597954, -0.007835602387785912, 0.030420571565628052, 0.010825165547430515, -0.0056366403587162495, 0.021368660032749176, 0.0024886359460651875, -0.0059407176449894905, -0.03152165561914444, 0.0156968105584383, -0.012886492535471916, 0.03697584569454193, -0.018193447962403297, 0.03392866998910904, 0.003309645690023899, 0.038768306374549866, 0.015427941456437111, -0.017591694369912148, -0.022546561434864998, -0.004487546626478434, -0.006670504342764616, -0.018577545881271362, 0.011497337371110916, 0.007131421938538551, -0.009199150837957859, -0.004983673337846994, 0.006427241954952478, 0.019589005038142204, 0.011567755602300167, -0.018052613362669945, 0.008642207831144333, -0.026451557874679565, -0.0012763261329382658, 0.006875356659293175, 0.006811340339481831, -0.016887513920664787, 0.004999677184969187, 0.005303754936903715, -0.011145247146487236, 0.01700274460017681, -0.009800904430449009, -0.0015411938074976206, -0.005559820681810379, -0.013878745958209038, 0.016170531511306763, 0.008635806851089, -0.020037120208144188, -0.013776320032775402, -0.02791113220155239, -0.00035929179284721613, -0.028423262760043144, 0.010703534819185734, -0.0347224697470665, -0.025056002661585808, -0.023173920810222626, 0.01565840095281601, 0.013776320032775402, 0.0016612244071438909, 0.004458739422261715, -0.003645731369033456, 0.02576018124818802, -0.023404380306601524, 0.013597073964774609, -0.022559363394975662, 0.006939372979104519, 0.02057485654950142, -0.0012515197740867734, -0.013661090284585953, 0.004961267579346895, -0.022725805640220642, 7.671960338484496e-05, -0.009327183477580547, -0.014262843877077103, -0.005044488701969385, 0.012489590793848038, -0.005819086916744709, -0.01800139993429184, 0.0012419172562658787, 0.01477497536689043, -0.03303243964910507, 0.029319491237401962, 0.009256765246391296, 0.02335316687822342, 0.015043843537569046, -0.017489269375801086, 0.01723320223391056, -0.0006973781855776906, 0.006856151856482029, 0.003440879052504897, 0.002864731941372156, 0.05249341204762459, -0.0021477488335222006, -0.007573134731501341, 0.0034280759282410145, 0.003575313603505492, -0.02760385349392891, -0.11328334361314774, -0.014595729298889637, 0.008610200136899948, 0.01164457481354475, -0.007208241615444422, 0.0016020092880353332, -0.008712626062333584, 0.02024197205901146, 0.001182702137157321, -0.003997821360826492, -0.03689902648329735, -0.027245361357927322, 0.007310668006539345, -0.0043947226367890835, 0.022969068959355354, -0.022175265476107597, 0.01636258140206337, -0.01147813256829977, -0.013942762278020382, 0.026144279167056084, -0.0028871376998722553, -0.0006789735052734613, 0.006632094271481037, -0.005063693970441818, -0.029370704665780067, -0.002525445306673646, 0.0006473654066212475, 0.017745334655046463, 0.006161574274301529, 0.024748723953962326, -0.01789897307753563, 0.0124319763854146, 0.015530368313193321, -0.002591062104329467, -0.009186347015202045, 0.005479800049215555, -0.009192748926579952, -0.01673387549817562, 0.02305869199335575, -0.00716983200982213, 0.0077331759966909885, 0.003594518406316638, -0.006977783050388098, -0.011490936391055584, 0.011670181527733803, -0.021739954128861427, -0.03108634240925312, -0.003610522486269474, -0.020395610481500626, -0.010985206812620163, -0.03395427390933037, -0.011714993044734001, -0.008328528143465519, -0.009986551478505135, 0.04081682860851288, -0.020472431555390358, 0.01679789274930954, 0.004698800388723612, -0.034645650535821915, -0.017412448301911354, 0.007541126571595669, -0.0015932070091366768, -0.010229813866317272, -1.4041087524674367e-05, 0.009371994994580746, -0.004372317343950272, -0.036361292004585266, -0.0110428212210536, 0.007374684326350689, 0.00456756679341197, -0.012585615739226341, -0.002979961456730962, -0.01375071331858635, 0.015479154884815216, -0.0335189625620842, 0.016925925388932228, -0.0026118673849850893, -0.01987067610025406, -0.0031127952970564365, -0.007189036812633276, -0.020216364413499832, -0.003568911924958229, 0.00483643589541316, -0.02191920019686222, 0.03515778109431267, 0.017181990668177605, 0.015159073285758495, 0.01505664736032486, 0.020024316385388374, -0.008859863504767418, 0.00940400268882513, 0.023045888170599937, -0.01494141761213541, 0.019563399255275726, 0.01401958242058754, 0.007950831204652786, -0.006292807869613171, -0.015005433931946754, 0.02673323079943657, 0.03938286378979683, -0.012188713997602463, -0.026810050010681152, -0.01850072667002678, 0.009506428614258766, 0.008930281735956669, 0.01467254851013422, 0.013840336352586746, -0.002864731941372156, 0.007950831204652786, 0.01331540197134018, -0.010050567798316479, 0.0011682985350489616, -0.015210285782814026, 0.003933805041015148, 0.016618646681308746, -0.0063440208323299885, -0.04255807399749756, -0.0028551295399665833, 0.032110605388879776, 0.011170853860676289, 0.018321480602025986, 0.018257465213537216, -0.008744634687900543, 0.020024316385388374, -0.023378772661089897, 0.03118876926600933, -0.018564743921160698, 0.0008314124424941838, -0.00362652656622231, 0.004471542313694954, 0.004878046456724405, 0.0019204906420782208, 0.015069450251758099, -0.024646297097206116, 0.0012083087349310517, 0.020754102617502213, -0.022700199857354164, -0.005079697817564011, 0.006059147883206606, 0.0117598045617342, 0.016439400613307953, 0.061045996844768524, -0.007681962568312883, -0.018679972738027573, 0.015671204775571823, -0.045118726789951324, -0.01259841863065958, -0.006984184496104717, -0.027091721072793007, -0.005531013011932373, 0.015082253143191338, -0.012175911106169224, 0.03989499434828758, 0.016554629430174828, -0.0022853838745504618, -0.012483189813792706, -0.019960299134254456, -0.011734197847545147, 0.0008386142435483634, -0.004375517833977938, 0.006612889468669891, -0.012489590793848038, 0.020101135596632957, 0.013379418291151524, -0.008526979014277458, 0.0043179034255445, 0.0009498426807112992, -0.006347221788018942, -0.014416483230888844, 0.0015507962089031935, 0.018795201554894447, -0.013405025005340576, -0.026886869221925735, 0.02389090321958065, 0.01770692504942417, -0.005659046117216349, 0.013545860536396503, -0.001141091575846076, 0.005553418770432472, -0.016349777579307556, 0.007893216796219349, 0.011209264397621155, 0.011791813187301159, 0.01263042725622654, -0.03088149055838585, 0.004183468874543905, 0.035721126943826675, 0.03810253366827965, -0.01766851358115673, -0.01423723716288805, 0.004855640698224306, -0.0181038249284029, -0.0070802089758217335, -0.01139491144567728, -0.02057485654950142, 0.020754102617502213, 0.022661790251731873, 0.010690731927752495, -0.010594706982374191, 0.007189036812633276, 0.01582484319806099, 0.010460272431373596, 0.012924902141094208, 0.008975093252956867, -0.014992631040513515, -0.01391715556383133, -0.013456238433718681, 0.010018560104072094, -0.012246329337358475, -0.012156706303358078, 0.007547528482973576, -0.010581904090940952, -0.006241594906896353, 0.0023846093099564314, 0.002381408354267478, 0.008751035667955875, -0.024236591532826424, 0.007137823849916458, -0.0006273603066802025, 0.0016788289649412036, -0.023698855191469193, 0.019460972398519516, 0.02422378957271576, 0.005066894460469484, 0.0029351499397307634, 0.04404325410723686, 0.024876756593585014, -0.00017784544616006315, 0.0207412987947464, -0.029217064380645752, 0.009877723641693592, -0.0232891496270895, 0.007803593762218952, 0.0011859029764309525, -0.028013557195663452, 0.003674538806080818, -0.010613911785185337, -0.03805132210254669, 0.01373791042715311, 0.0015772029291838408, 0.004084243439137936, 0.0951026976108551, 0.019896283745765686, -0.014659745618700981, 0.01254720613360405, 0.005803082603961229, -0.02071569301187992, -0.008219700306653976, 0.018359890207648277, -0.014314057305455208, 0.02395492047071457, 0.030138900503516197, -0.012169509194791317, 0.0193073321133852, -0.02652837708592415, -0.025043198838829994, 0.02901221252977848, -0.0034440800081938505, 0.01423723716288805, 0.000670171226374805, 0.0028119185008108616, 0.030266933143138885, -0.014275647699832916, 0.029857229441404343, -0.017783744260668755, -0.033314112573862076, -0.01602969504892826, 0.025721771642565727, -0.009039109572768211, -0.027552640065550804, -0.011279681697487831, -0.00639843475073576, 0.0077459788881242275, -0.013456238433718681, -0.014698155224323273, 0.005575824528932571, -0.016605842858552933, -0.003341653849929571, -0.02084372565150261, -0.0117598045617342, 0.0030407768208533525, -0.01599128544330597, 0.01719479262828827, -0.02044682390987873, -0.017527678981423378, 0.0018500726437196136, -0.006600086111575365, 0.008091667667031288, -0.02579859085381031, 0.0009570445399731398]"
"¿Es este Cambio de Comportamiento Causado por la Demencia? Cuando las personas notan un cambio en el comportamiento, como una mayor confusión o agitación, a menudo se preguntan si el cambio es ocasionado por la demencia o si es un signo de otra cosa.íÉsta es una buena pregunta, ya que puede ser difícil de saber! Mientras que una lenta limitación de las capacidades de la persona a través del tiempo es esperada en la mayoría de tipos de demencia, cambios repentinos que ocurren en el transcurso de horas o días pueden ser un signo de lo que se llama delirio. Es importante comparar los nuevos comportamientos o la pérdida en la capacidad con las capacidades y patrones de comportamientos usuales de la persona. Con una evaluación minuciosa, las causas detrás del delirio a menudo se pueden tratar, ayudando a la persona a recuperar parte o la totalidad de sus capacidades anteriores. ¿Cuáles son las Señales de Delirio? Cambios que ocurren en el transcurso de horas o días y parecen ir y venir, o fluctúan durante el día; Cambios en energía o estado de alerta (dormir más de lo normal o hiperactivo y ansioso); Incapacidad para concentrarse o prestar atención (distraído más fácilmente); Problemas de comunicación como cambiar de temas con demasiada frecuencia, o el uso de palabras que no tienen sentido; Pensamiento paranoico o miedo de que alguien o algo le haga daño; Ver o escuchar cosas que no existen; Problemas de movimiento, como moverse lentamente, inquietud, o torpeza. ¿Qué causa el Delirio?Muchas cosas pueden causar delirio y, a veces hay más de una causa. Aquí hay algunas cosas comunes que buscamos: Infección, tales como del tracto urinario o una infección respiratoria; Efectos secundarios del medicamento; Deshidratación; Estreñimiento; Retención de orina o incapacidad para vaciar completamente la vejiga (especialmente en• los hombres de edad avanzada); Dolor; Falta de sueño; Problemas nutricionales por no comer bien; Desequilibrio de electrolitos (como niveles bajos de sodio en la sangre de la persona); Otros problemas médicos (diabetes, enfermedad hepática, enfermedad renal, enfermedad pulmonar o insuficiencia cardíaca). ¿Qué puede Hacer Usted para Ayudar? Si sospecha que alguien está experimentando delirio, es importante hacer una cita para que lo vea su médico de atención primaria tan pronto como sea posible. Su médico puede ordenar pruebas de sangre y orina para buscar posibles causas de delirio. Puede ser útil para el médico saber lo que pasó antes y después de que los cambios en el comportamiento de la persona ocurrieran. Si la persona parece radicalmente diferente, muy angustiada, o tiene dificultad para respirar, llame al 106 o llévela a emergencias. Cuando alguien tiene delirio, a menudo se sienten desorientados, ansiosos y asustados. Puede ser difícil para ellos sentirse cómodos o confiar que están seguros. Aquí hay algunas maneras de ayudar, una vez se ha iniciado el tratamiento: Trate usted de mantenerse calmado y pacífico; Asegúrele a la persona que todo va a estar bien; Si la persona parece estar al tanto de que algo está mal, está bien tratar de hablar con ellos acerca de lo que está sucediendo; Si hablarle de estar enfermo es angustiante para la persona, entonces probablemente es mejor evitar hablar de ello directamente; Promover la actividad durante el día: Ayude a la persona a salir de la cama para las comidas, lleve la persona a caminatas cortas tres veces al día (alrededor de la casa está bien), involucre a la persona en actividades calmantes y simples (mirar libros o revistas ilustradas, contar historias sobre el pasado, ofrezca masaje relajante, ayude a formar rompecabezas sencillos, libros para colorear para adultos, música, cartas), o enséñele respiración profunda y anímele a hacer lo mismo; Promueva el sueño por la noche: reduzca al luz y el ruido si esto les interrumpe su sueño, asegúrese de que están cómodamente cálidos, o busque cualquier signo de dolor (mueca, quejidos, estirándose con movimiento); Ayúdelos a mantenerse nutridos e hidratados, ofrézcale aperitivos y anímeles a tomar agua durante todo el día; Ayúdelos a usar cualquier par de lentes o audífono que normalmente utilizan. El delirio puede comenzar a mejorar tan pronto como las causas detrás son tratadas; sin embargo, puede tomar meses para que la persona regrese a su nivel de funcionamiento y comportamiento anterior. Desafortunadamente, el delirio puede causar que la demencia progrese más rápidamente, y en algunos casos la persona puede no ser capaz de recuperar totalmente sus habilidades anteriores.","[-0.0025285971350967884, -0.009739074856042862, 0.03926163911819458, -0.049108851701021194, -0.03129735216498375, 0.02709892764687538, -0.0009144297800958157, 0.0030947483610361814, -0.019745321944355965, 0.0022582439705729485, -0.006005020346492529, 0.0432310588657856, -0.012213600799441338, 0.033078502863645554, -0.003175854217261076, 0.01683186925947666, 0.020559560507535934, 0.006068632937967777, 0.03335839882493019, -0.02165369689464569, -0.0405338890850544, 0.005330727901309729, -0.013854803517460823, -0.0006687264540232718, -0.03111923672258854, 0.00408710353076458, 0.0061354259960353374, -0.02656458131968975, -0.008116955868899822, 0.00476139597594738, 0.022035371512174606, -0.004332011565566063, -0.00300569087266922, -8.483323472319171e-05, -0.014847158454358578, -0.01833312399685383, 0.003199708880856633, -0.011125827208161354, -0.01900741644203663, -0.0310683473944664, 0.007786170579493046, 0.013956583105027676, -0.0069274017587304115, -0.025966623798012733, -0.0024538524448871613, 0.031144682317972183, -0.01837129145860672, -0.021182963624596596, -0.028269397094845772, 0.02526688762009144, 0.028600182384252548, 0.015572341158986092, -0.01927458867430687, 0.007779809180647135, 0.008651300333440304, -0.03129735216498375, 0.00411890959367156, 0.0019195072818547487, 0.011221245862543583, -0.013142343610525131, 0.009917189367115498, -5.435638740891591e-06, -0.010012608021497726, 0.023829244077205658, -0.0034637008793652058, 0.011354831978678703, 0.005193960852921009, -0.013180511072278023, 0.018218621611595154, 0.01218179427087307, 0.0328749418258667, 0.005642428994178772, 0.0070991553366184235, -0.0069274017587304115, 0.03228970617055893, -0.006749286781996489, -0.00011579463898669928, -0.018880192190408707, -0.0011362783843651414, 0.026691807433962822, 0.02017788589000702, -0.024427201598882675, -0.04150079935789108, 0.02089034579694271, -0.00016519372002221644, 0.024796154350042343, 0.004293844103813171, 0.024121861904859543, -0.017595218494534492, -0.013078730553388596, -0.029617981985211372, -0.0035686613991856575, 0.025508614256978035, 0.0283711776137352, 0.007557165343314409, 0.01792600378394127, 0.014300091192126274, 0.01594129391014576, -0.025508614256978035, -0.011691978201270103, -0.017989616841077805, -0.006615700665861368, -0.043205611407756805, 0.004847272764891386, -0.0008317335159517825, -0.011329387314617634, -0.004713686648756266, -0.007741641718894243, 0.011189439333975315, -0.027302486822009087, -0.024516258388757706, 0.014707211405038834, -0.00244908151216805, -0.02475798688828945, 0.010489702224731445, 0.027251597493886948, 0.0012635033344849944, 0.023129506036639214, -0.013473128899931908, -0.03539399802684784, 0.0018050047801807523, 0.01922369934618473, -0.006459849886596203, -0.009980801492929459, 0.0003848556661978364, -0.009484624490141869, -0.0148598812520504, -0.01310417614877224, -0.01711176335811615, -0.006545726675540209, -0.02485976740717888, 0.012219961732625961, 0.009370122104883194, -0.014834435656666756, 0.004952233284711838, 0.01760794036090374, -0.010788680985569954, -0.0028402982279658318, -0.010508785955607891, -0.01922369934618473, 0.010546953417360783, 0.013613075949251652, -0.029821541160345078, -0.009312870912253857, 0.0016571057494729757, 0.022658774629235268, 0.002213715109974146, 0.0002474923967383802, 0.012417160905897617, 0.02080128900706768, 0.022315267473459244, -0.026055682450532913, -0.007779809180647135, -0.01742982678115368, 0.0072836317121982574, 0.03875273838639259, 0.010960434563457966, 0.002818034030497074, -0.024834321811795235, -0.015623231418430805, 0.012639804743230343, -0.012582553550601006, -0.010165277868509293, 0.014261923730373383, 0.006895595695823431, 0.023612961173057556, -0.016768256202340126, -0.007041904143989086, 0.023116784170269966, 0.0032824052032083273, -0.020343279466032982, 0.037709493190050125, -0.027506045997142792, 0.04081378132104874, 0.021984482184052467, -0.014783546328544617, 0.009363760240375996, 0.024350866675376892, -0.016691921278834343, -0.017938725650310516, -0.04206058755517006, 0.00189088168554008, 0.026462802663445473, 0.01611940935254097, -0.033078502863645554, -0.013842080719769001, 0.03819294646382332, 0.009268341585993767, -0.0004385286883916706, -0.0040998258627951145, -0.014147421345114708, 0.018002338707447052, 0.0045323907397687435, -0.02108118310570717, -0.6233007907867432, -0.02021605335175991, -0.015012551099061966, -0.003924891352653503, -0.007334521971642971, 0.021182963624596596, 0.003800847101956606, 0.025203274562954903, -0.01773516647517681, -0.0504319928586483, -0.006812899373471737, 0.003166312351822853, 0.0007828313973732293, -0.00905205961316824, -0.028243951499462128, -0.0033587401267141104, -0.02778594195842743, 0.0007144479313865304, 0.02319311909377575, 0.021501027047634125, -0.0018336304929107428, -0.0066602290607988834, -0.01515249814838171, 0.011316664516925812, 0.0012380583211779594, 0.005919143557548523, 0.005038110539317131, -0.015406948514282703, 0.010044414550065994, 0.03765860199928284, -0.0009979212190955877, -0.007518997881561518, -0.003959878347814083, 0.027302486822009087, 0.05236581340432167, -0.029999656602740288, 0.031221017241477966, 0.031195571646094322, -0.0159921832382679, 0.03681891784071922, 0.018065951764583588, 0.00395033648237586, 0.03404541313648224, -0.01067417860031128, -0.00580782163888216, -0.01512705348432064, 0.0016443831846117973, -0.008288709446787834, -0.018256789073348045, 0.008829415775835514, 0.021488303318619728, 0.0003399293345864862, -0.03175536170601845, 0.01746799424290657, 0.01769699901342392, 0.01732804626226425, 0.029236307367682457, -0.03885451704263687, 0.0016245043370872736, -0.014032918028533459, -0.02386741153895855, 0.008924834430217743, -0.010610565543174744, -0.011246690526604652, 0.0011362783843651414, 0.04017765820026398, -0.015877680853009224, -0.012544386088848114, 0.029796097427606583, 0.019923435524106026, -0.005731486715376377, 0.019605373963713646, -0.024974269792437553, 0.0060495492070913315, 0.02895641140639782, -0.006571171805262566, 0.007805254310369492, 0.013956583105027676, 0.008823053911328316, 0.003851737128570676, 0.012194517068564892, 0.00036020579864270985, -0.027989501133561134, -0.009274703450500965, 0.026895366609096527, -0.011800119653344154, -0.001326320692896843, 0.0013597173383459449, -0.014350981451570988, 0.008460463024675846, 0.009058420546352863, 0.005489759147167206, 0.0032028895802795887, -0.0042779408395290375, -0.013384071178734303, 0.01900741644203663, -0.0058650728315114975, 0.009230174124240875, 0.017544329166412354, 0.024872489273548126, 0.00597639475017786, -0.028396621346473694, 0.00014581179129891098, 0.019058305770158768, 0.02625924162566662, 0.01922369934618473, -0.05231492221355438, 0.018981970846652985, 0.07226380705833435, -0.029643427580595016, 0.009529152885079384, -0.010438811965286732, 0.02337123453617096, -0.01087137684226036, -0.0021405608858913183, -0.012913338840007782, 0.0180150605738163, 0.0077289193868637085, 0.0189056359231472, -0.025012437254190445, -0.013269568793475628, -0.0182313434779644, 0.022277098149061203, -0.007130961865186691, 0.02216259576380253, 0.003959878347814083, 0.00258266762830317, 0.0028005405329167843, -0.007150045596063137, -0.009719991125166416, -0.006545726675540209, -0.018498515710234642, 0.004805924836546183, 0.006109980866312981, 0.0004711301007773727, 0.006307180039584637, 0.026666361838579178, -0.009471901692450047, -0.009560959413647652, -0.014465483836829662, -0.014071086421608925, -0.002119886688888073, 0.0030247746035456657, -0.007086433004587889, 0.014910770580172539, -0.024796154350042343, -0.02246793732047081, -0.017175376415252686, -0.03890540823340416, -0.012468051165342331, -0.011666533537209034, -0.04732770472764969, -0.004869537428021431, 0.043256502598524094, -0.014872603118419647, 0.004885440226644278, -0.004914065822958946, -0.01091590616852045, -0.01576317846775055, -0.016183020547032356, 0.016132131218910217, 0.019414536654949188, -0.01339679304510355, 0.016004906967282295, -0.02525416389107704, -0.034961432218551636, 0.011405722238123417, 0.007627139333635569, -0.02232798933982849, -0.025775786489248276, 0.017506161704659462, -0.004926788620650768, 0.006647506728768349, 0.005753750912845135, -0.00199266173876822, 0.019198253750801086, -0.0024172752164304256, 0.0094528179615736, 0.010686900466680527, 0.022404324263334274, 0.012754307128489017, -0.024694373831152916, -0.016043074429035187, -0.01360035315155983, 0.013587631285190582, -0.00273533770814538, 0.019872546195983887, 0.021640973165631294, 0.0039058078546077013, 0.03524132817983627, 0.02012699656188488, 0.011730145663022995, 0.031144682317972183, -0.003956697881221771, -0.007811615709215403, 0.011323025450110435, 0.0020403710659593344, -0.021679140627384186, -0.008167845197021961, 0.00891847349703312, 0.04353639855980873, -0.00332693406380713, 0.016373857855796814, 0.006024104077368975, 0.008594049140810966, -0.0222898218780756, 0.02755693718791008, -0.004573739133775234, 0.024923378601670265, 0.003695886582136154, 0.0002482875424902886, -0.018791133537888527, 0.019579928368330002, -0.0015314710326492786, -0.008988446556031704, 0.05394340306520462, 0.006844705436378717, 0.023447569459676743, -0.017442548647522926, -0.016730088740587234, -0.008460463024675846, 0.0018368110759183764, 0.0020833094604313374, 2.9495329727069475e-05, 0.019020138308405876, 0.016450192779302597, 0.00702282041311264, -0.0063962372951209545, 0.00016936828615143895, -0.01354946382343769, -0.011106743477284908, -0.014719933271408081, 0.014236478134989738, 0.03572478145360947, -0.024910656735301018, 0.03463064879179001, -0.01197823416441679, -0.0155341736972332, 0.018943803384900093, -0.013447683304548264, -0.022009925916790962, 0.02170458622276783, 0.00841593462973833, -0.013765745796263218, 0.008943918161094189, 0.0037276926450431347, 0.020864902064204216, 0.026106571778655052, 0.009605487808585167, 0.03264593705534935, 0.004242953844368458, -0.009554598480463028, -0.04020310193300247, -0.024198196828365326, -0.021272022277116776, -0.021055739372968674, 0.008702190592885017, -0.00587461469694972, 0.018473071977496147, 0.011106743477284908, 0.031908031553030014, -0.020508671179413795, 0.024554425850510597, 0.0034318945836275816, -0.005893698427826166, -0.008447740226984024, 0.01615757681429386, -0.013613075949251652, 0.0035432165022939444, -0.004300205502659082, -0.031093792989850044, 0.007671668194234371, 0.0008050957694649696, -0.004926788620650768, 0.014847158454358578, 0.005022207275032997, -0.026411911472678185, -0.00925561971962452, 0.030025102198123932, 0.003807208500802517, -0.005311644170433283, 0.004058477934449911, 0.014961660839617252, 0.004090283997356892, 0.016361135989427567, -0.01400747336447239, 0.008600411005318165, 0.014503651298582554, 0.005082638934254646, 0.004980858881026506, -0.02035600133240223, -0.004449694883078337, -0.03007599152624607, 0.01615757681429386, 0.014414593577384949, 0.013498573563992977, 0.02206081710755825, 0.010680539533495903, -0.0063962372951209545, -0.006431224290281534, -0.00732816057279706, -0.0027973598334938288, -0.018345845863223076, -0.015381503850221634, -0.003419172018766403, 0.006978291552513838, -0.008664023131132126, -0.01242988370358944, -0.0011092430213466287, -0.004847272764891386, -0.008829415775835514, -0.019745321944355965, -0.029617981985211372, 0.0049999430775642395, 0.018969248980283737, 0.00040831277146935463, -0.006978291552513838, 0.007073710672557354, 0.024910656735301018, 0.004103006329387426, -0.003361920826137066, -0.012582553550601006, 0.0058873374946415424, -0.005003123544156551, 0.02597934752702713, 0.020254220813512802, 0.000540706270840019, 0.014236478134989738, 0.019300034269690514, -0.0010249564656987786, -0.015496006235480309, -0.03356195613741875, 0.026946257799863815, -0.003972600679844618, -0.014808990992605686, 0.018854746595025063, 0.017824223265051842, 0.01706087402999401, 0.006202219054102898, 0.02697170153260231, 0.009847215376794338, -0.02381652221083641, -0.01638658158481121, 0.009166561998426914, -0.0036068290937691927, -0.00034072448033839464, 0.01702270656824112, 0.033969078212976456, -0.014999828301370144, -0.02692081220448017, 0.0010265468154102564, 0.023651128634810448, 0.020368723198771477, -0.006539365276694298, -0.016017628833651543, 0.007652584463357925, -0.008021537214517593, 0.02332034334540367, 0.014999828301370144, 0.010775958187878132, -0.007684390526264906, 0.0033332952298223972, 0.009535514749586582, 0.019516317173838615, 0.019210975617170334, -0.004500584676861763, 0.011946428567171097, -0.020292388275265694, 0.009637294337153435, -0.0039376141503453255, 0.003301488934084773, 0.019439982250332832, -0.02085217833518982, -0.004421069286763668, 0.010909544304013252, -0.0032108412124216557, -0.00790067296475172, -0.018218621611595154, 0.03328206390142441, 0.0024268170818686485, 0.04979586973786354, -0.0019894810393452644, -0.0364881306886673, 0.01110038161277771, -0.011857370845973492, -0.02008882910013199, 0.02166641876101494, -0.007181851658970118, -0.016742810606956482, -0.004227051045745611, 0.019783489406108856, 0.007073710672557354, -0.027404267340898514, -0.0007299534627236426, -0.005260753910988569, -0.022544272243976593, -0.04335828125476837, -0.00812967773526907, -0.0022677858360111713, 0.01980893313884735, -0.0010456305462867022, -0.018498515710234642, 0.02358751744031906, 0.00349550717510283, -0.005931865889579058, -0.001951313577592373, -0.00631354097276926, -0.011138549074530602, 0.02517782896757126, 0.00339372712187469, 0.004755034577101469, -0.0436636246740818, -0.017391659319400787, 0.03012688271701336, -0.025699451565742493, -0.006440766155719757, 0.016908204182982445, 0.01899469457566738, -0.0010607384610921144, 0.0005450796452350914, 0.011055853217840195, 0.009370122104883194, 0.0034064496867358685, -0.020152442157268524, 0.01742982678115368, -0.046895138919353485, -0.008842138573527336, -0.004910885356366634, -0.005534288007766008, -0.025050604715943336, 0.02589028887450695, -0.004366998560726643, -0.006882872898131609, 0.008664023131132126, 0.013180511072278023, -0.018740244209766388, 0.015597785823047161, 0.0015736143104732037, -0.004825008567422628, 0.007741641718894243, 0.0014400280779227614, 0.016959093511104584, 0.03129735216498375, -0.008110594004392624, 0.005954130552709103, -0.03310394659638405, 0.030992012470960617, 0.02872740663588047, -0.0027162539772689342, 0.0087785255163908, 0.02954164706170559, -0.01810411922633648, -0.02422364242374897, -0.001393908984027803, 0.02192086912691593, 0.03707336634397507, 0.009599126875400543, -0.01697181537747383, -0.02260788343846798, 0.01488532591611147, -0.0055120233446359634, 0.009109310805797577, -0.008295070379972458, -0.005356173031032085, -0.016361135989427567, -0.006520281545817852, -0.0211575198918581, -0.0016571057494729757, 0.020966680720448494, -0.03475787118077278, -0.008110594004392624, 0.01963081955909729, 0.006186316255480051, 0.011806480586528778, 0.006265831645578146, -0.0015759997768327594, -0.03804027661681175, -0.011761952191591263, 0.02039416879415512, 0.009249257855117321, 0.018345845863223076, -0.02516510710120201, 0.013689410872757435, -0.002391830086708069, 0.015177943743765354, -0.0033364759292453527, 0.01120852306485176, -0.006243567448109388, -0.027862276881933212, -0.00021429461776278913, -0.01751888357102871, -0.012786113657057285, -0.04407074302434921, 0.012620721012353897, 0.012684333138167858, 0.03272227197885513, 0.013562185689806938, -0.019058305770158768, 0.008676745928823948, 0.0036004676949232817, -0.009147478267550468, -0.02328217588365078, -0.021093906834721565, -0.04043210670351982, -0.0034414364490658045, 0.00837776716798544, 0.009134755469858646, -0.0027576021384447813, -0.018040506169199944, -0.008594049140810966, 0.038930851966142654, -0.004812285769730806, -0.0006866174517199397, -0.02251882664859295, 0.004545113537460566, -0.006901956629008055, 0.03147546574473381, 0.013892970979213715, -0.01526700146496296, 0.006717480253428221, -0.015279723331332207, -0.0306103378534317, -0.016717366874217987, -0.007029181811958551, -0.023676574230194092, -0.006087716668844223, 0.019338201731443405, 0.002779866335913539, -0.010368837974965572, 0.00853679794818163, 0.007671668194234371, -0.01110038161277771, 0.013295013457536697, -0.013485850766301155, -0.007938840426504612, -0.03503776714205742, -0.029796097427606583, -0.02773505263030529, -0.02908363752067089, 0.02413458377122879, -0.0039153494872152805, 0.021322911605238914, -0.0012714549666270614, -0.04137357324361801, -0.001147410599514842, -0.0034509783145040274, 0.019249143078923225, -0.021093906834721565, 0.016628308221697807, 0.028040392324328423, -0.03175536170601845, 0.0019036042504012585, 0.024389034137129784, 0.021361079066991806, 0.0010527869453653693, 0.03488509729504585, 0.009643655270338058, -0.008155123330652714, -0.013905693776905537, 0.009898105636239052, 0.016322968527674675, -0.02651369199156761, -0.041678912937641144, 0.028625626116991043, 0.019427258521318436, -0.004433791618794203, -0.003991684876382351, -0.00638351496309042, -0.002355253091081977, 0.020597729831933975, -0.023434845730662346, 0.005012665409594774, 0.004869537428021431, -0.023447569459676743, -0.004790021572262049, -0.008396850898861885, -0.03101745806634426, 0.00261765462346375, -0.015686843544244766, 0.006781092844903469, -0.019249143078923225, -0.012817919254302979, -0.028930967673659325, 0.022811444476246834, -0.024732541292905807, 0.008664023131132126, -0.04307838901877403, 0.01447820570319891, -0.012035486288368702, 0.00021787283185403794, 0.008606771938502789, 0.01882930099964142, -0.011940066702663898, 0.023740187287330627, 0.009688184596598148, -0.015597785823047161, 0.024961546063423157, -0.03335839882493019, -0.016132131218910217, -0.0003518566663842648, -0.013473128899931908, 0.006768370512872934, -0.005588358733803034, -0.02499971352517605, 0.008695829659700394, 0.017582496628165245, -0.004341553431004286, 0.004433791618794203, -0.003435075283050537, -0.01968170888721943, -0.02656458131968975, -0.0023950107861310244, 0.007601694203913212, 0.06091533601284027, -0.0017445728881284595, -0.02418547496199608, 0.0027416988741606474, 0.03200981393456459, -0.0030534001998603344, -0.008193290792405605, 0.00864493940025568, 0.00916020106524229, -0.04246770963072777, 0.02216259576380253, -0.040406662970781326, -0.02251882664859295, -0.010623288340866566, -0.002506332704797387, -0.002016516402363777, -0.004936330486088991, 0.04333283752202988, 0.013727578334510326, -0.021182963624596596, 0.011590198613703251, 0.009535514749586582, 0.018892914056777954, -0.009274703450500965, -0.004774118307977915, 0.01535605825483799, 0.007270909380167723, 0.002118296455591917, -0.0016427929513156414, -0.0634598359465599, 0.02908363752067089, -0.025775786489248276, 0.011329387314617634, 0.006377153564244509, -0.00823781918734312, -0.0025301873683929443, 0.03111923672258854, 0.00792611762881279, 0.004926788620650768, -0.02075039967894554, -0.00895664095878601, -0.04661524295806885, -0.013295013457536697, -0.006711119320243597, -0.027760496363043785, 0.0005975599633529782, -0.009948995895683765, -0.009599126875400543, 0.0010162097169086337, -0.006952846888452768, 0.0026717251166701317, 0.0007291583460755646, 0.022709663957357407, 0.0006754852947779, 0.028574736788868904, -0.003867640160024166, -0.009510069154202938, -0.003530493937432766, -0.0031790349166840315, -0.01886746846139431, 0.00010565639240667224, -0.015750456601381302, 0.03567389398813248, 0.016004906967282295, -0.002854611026123166, 0.010012608021497726, -8.945508307078853e-05, -0.01877841167151928, 0.022747831419110298, 0.020877623930573463, 0.01218179427087307, 0.02697170153260231, 0.0008325286325998604, -0.023447569459676743, 9.909635264193639e-05, 0.011227606795728207, 0.03529221564531326, -0.008352321572601795, -0.003470062045380473, -0.007220019120723009, -0.015317890793085098, 0.00702282041311264, 0.007595332805067301, -0.007773448247462511, 0.006504378747195005, 0.008924834430217743, -0.011857370845973492, -0.002964342711493373, 0.01438914891332388, -0.0008834186592139304, -0.037938497960567474, 0.015635954216122627, -0.0029611620120704174, -0.02562311664223671, -0.013867526315152645, 0.020101550966501236, -0.010591481812298298, -0.0062340255826711655, -0.01242988370358944, 0.015521450899541378, -0.023981913924217224, 0.02282416634261608, -0.002727386076003313, 0.012060930952429771, -0.007614417001605034, -0.013638520613312721, -0.01684459112584591, -0.010165277868509293, -0.028803741559386253, 0.005139890126883984, 0.022175319492816925, 0.016322968527674675, 0.015228834003210068, -0.01555961836129427, 0.0010877738241106272, -0.02638646773993969, 0.035546667873859406, -0.0061195227317512035, 0.016717366874217987, 0.012677972204983234, -0.012067291885614395, -0.009242896921932697, -0.00011201764573343098, 0.009675461798906326, -0.03704792261123657, -0.0026574123185127974, -0.013231401331722736, 0.010311586782336235, -0.060050204396247864, 0.030992012470960617, 0.008352321572601795, 0.0026224255561828613, 0.030763007700443268, -0.02134835720062256, -0.010235251858830452, -0.008085149340331554, -0.04195880889892578, 0.008562243543565273, -0.024287253618240356, -0.0016873216954991221, -0.016997260972857475, -0.007073710672557354, 0.03129735216498375, -0.0021357897203415632, 0.01832040213048458, -0.007130961865186691, 0.0026971702463924885, 0.20152440667152405, -0.02170458622276783, -0.0005864277482032776, 0.04620812460780144, -0.010254335589706898, 0.03722603619098663, 0.03488509729504585, 0.01292606070637703, -0.023434845730662346, -0.0019878908060491085, 0.0016793700633570552, -0.00853679794818163, -0.02480887621641159, 0.012461689300835133, -0.0009343086858280003, -0.03162813559174538, -0.03193347901105881, -0.017773333936929703, 0.003975781612098217, -0.03725148364901543, 0.01535605825483799, -0.02214987389743328, -0.007588971871882677, -0.006040007341653109, 0.04442697390913963, -0.009853577241301537, 0.014096531085669994, -0.00378176337108016, 0.04658979922533035, 0.008581327274441719, -0.02709892764687538, -0.011596559546887875, -0.014490928500890732, 0.012232684530317783, -0.004847272764891386, 0.005184418987482786, 0.00550566241145134, -0.013460406102240086, 0.004748673643916845, 0.020559560507535934, 0.014643598347902298, 0.0003472845128271729, -0.010839570313692093, -0.0034318945836275816, 0.0014042460825294256, 0.05106811970472336, 0.006100439000874758, -0.013587631285190582, 0.020330555737018585, -0.014223756268620491, -0.03228970617055893, -0.027684161439538002, -0.027175262570381165, 0.006946485489606857, 0.02814217284321785, 0.0022582439705729485, 0.029999656602740288, 0.012709778733551502, -0.016730088740587234, 0.003368282224982977, -0.006491655949503183, 0.007945201359689236, -0.0141855888068676, 0.017862390726804733, -0.02319311909377575, 0.02697170153260231, -0.018129562959074974, -0.0044624172151088715, 0.0030215939041227102, -0.01073779072612524, -0.008988446556031704, -0.03188258782029152, -0.010139833204448223, -0.0033301145303994417, 0.010203445330262184, -0.008447740226984024, 0.01814228668808937, 0.026844477280974388, 0.006698396522551775, 0.0364626869559288, 0.010705984197556973, 0.005308463703840971, -0.019389091059565544, -0.004955414216965437, -0.016284801065921783, -0.0292617529630661, 0.014363703317940235, -0.00425567664206028, -0.007919756695628166, -0.0094528179615736, -0.012302658520638943, -0.006386695429682732, 0.0002645882486831397, 0.01120852306485176, 0.016679199412465096, -0.004319289233535528, 0.04259493201971054, 0.020203331485390663, -0.0013199594104662538, -0.0026812669821083546, -0.011291219852864742, 0.03142457827925682, 0.020368723198771477, 0.00023874567705206573, -0.014032918028533459, 0.019032862037420273, 0.015546896494925022, 0.011717422865331173, 0.015470560640096664, -0.02890552207827568, -0.005811002105474472, -0.00271784421056509, 0.006602977868169546, -0.01155203115195036, 0.008504991419613361, 0.009293787181377411, 0.00452602980658412, -0.01076323539018631, 0.003226744243875146, -0.01427464559674263, 0.02732793241739273, -0.019732598215341568, -0.024872489273548126, 0.0018193175783380866, -0.008613132871687412, -0.008136039599776268, 0.005019026808440685, 0.003517771605402231, -0.004685061052441597, 0.00018835265655070543, 0.00712460046634078, -0.04061022400856018, 0.0013469947734847665, -0.005445230286568403, -0.0018081854796037078, 0.00036259126500226557, 0.023396678268909454, -0.00010386729263700545, 0.012054570019245148, -0.02908363752067089, -0.014719933271408081, -0.01354946382343769, 0.021959036588668823, 0.012321742251515388, -0.004312927834689617, -0.010566037148237228, 0.006647506728768349, -0.026106571778655052, -0.028116727247834206, 0.006510739680379629, -0.04216236621141434, 0.03025410696864128, 0.015216111205518246, -0.012029124423861504, -0.006876511499285698, 0.0005220200982876122, -0.03228970617055893, -0.017226265743374825, -0.009172922931611538, 0.01702270656824112, -0.0378112718462944, -0.004732770379632711, 0.003091567661613226, 0.015343336388468742, 0.0077670868486166, 0.011062214151024818, -0.15633408725261688, 0.011367554776370525, 0.010311586782336235, -0.026819031685590744, 0.010769597254693508, 0.00931923184543848, 0.015788624063134193, 0.0001359717280138284, -0.010693262331187725, -0.01706087402999401, -0.02044505812227726, -0.026666361838579178, -0.024236364290118217, -0.007035543210804462, 0.005486578680574894, -0.013091453351080418, -0.0007156406645663083, 0.014808990992605686, 0.05147523805499077, 0.014567263424396515, 0.015317890793085098, -0.05050832778215408, 0.04083922877907753, -0.017862390726804733, -0.008829415775835514, -0.010044414550065994, 0.012735223397612572, 0.013931138440966606, -0.01276702992618084, -0.019109196960926056, -0.010667816735804081, -0.007620777934789658, 0.016208466142416, -0.009236535988748074, -0.006412140559405088, 0.008727635256946087, -0.01512705348432064, -0.018167730420827866, -0.02773505263030529, 0.01354946382343769, -0.00442424975335598, 0.02111935056746006, 0.004755034577101469, 0.034961432218551636, -0.00918564572930336, 0.02984698675572872, 0.01445276103913784, -0.003705428447574377, -0.025559503585100174, 0.0016316607361659408, -0.006132245529443026, -0.029872432351112366, 8.075806545093656e-05, 0.004621448460966349, -0.007468108087778091, -0.0025969804264605045, 0.00880397018045187, 0.01447820570319891, -0.004656435456126928, -0.005989117082208395, 0.001342223840765655, -0.0211575198918581, 0.020737675949931145, 0.010127110406756401, 0.019936159253120422, 0.0071055167354643345, 0.01360035315155983, 0.004573739133775234, -0.020508671179413795, 0.016004906967282295, -0.008721274323761463, -0.009408289566636086, 0.006265831645578146, 0.0022343893069773912, 0.02575034089386463, 0.009700906462967396, -0.026539137586951256, -0.021691864356398582, -0.01769699901342392, 2.3829839847167023e-05, -0.02755693718791008, 0.018218621611595154, -0.04020310193300247, -0.01899469457566738, -0.02241704612970352, 0.0025397292338311672, 0.005715583451092243, -0.00163802201859653, 0.0015688433777540922, -0.015445115976035595, 0.00983449351042509, -0.014172866009175777, -0.0070927944034338, -0.008422295562922955, -0.014211033470928669, 0.031170127913355827, -0.0019067848334088922, -0.0267935860902071, 0.005413424223661423, -0.042925719171762466, 0.002682857448235154, -0.00026558220270089805, 0.0037213314790278673, 0.014783546328544617, 0.011049492284655571, -0.008250541985034943, -0.029058191925287247, 0.004408346489071846, 0.018587574362754822, -0.03160269185900688, 0.008791248314082623, 0.026819031685590744, 0.006704757921397686, 0.019338201731443405, -0.012951506301760674, -0.013269568793475628, -0.009039336815476418, 0.015966739505529404, 0.015725011005997658, 0.002412504283711314, 0.07155134528875351, -0.008784886449575424, -0.007379050366580486, -0.012983311899006367, -0.00015823610010556877, -0.032493267208337784, -0.10636010766029358, -0.021488303318619728, -0.006148148328065872, 0.0013780058361589909, -0.005760112311691046, 0.012175433337688446, -0.001419353997334838, 0.009586404077708721, 0.005461133550852537, 0.00048584051546640694, -0.032900385558605194, -0.002527006668969989, 0.003978962078690529, -0.012448967434465885, 0.029109081253409386, -0.009758158586919308, 0.022442491725087166, -0.012194517068564892, -0.023205840960144997, 0.023307621479034424, -0.007277270313352346, 0.0016602863324806094, 0.0015433983644470572, -0.022620607167482376, -0.0254450011998415, 0.0031774446833878756, -0.011526585556566715, 0.018892914056777954, 0.005811002105474472, 0.00476139597594738, -0.027811387553811073, -2.1233157895039767e-05, 0.011386638507246971, -0.014312813058495522, 0.004004407208412886, 0.0011362783843651414, 0.0011601330479606986, 9.517026774119586e-05, 0.02202264964580536, -0.018587574362754822, 0.013689410872757435, 0.0024777071084827185, -0.014821713790297508, 0.005915963090956211, 0.02418547496199608, -0.015597785823047161, -0.008180567994713783, 0.00631672190502286, -0.0005255982978269458, -0.017302600666880608, -0.024554425850510597, 0.007073710672557354, -0.013021479360759258, -0.03796394169330597, 0.03066122718155384, -0.013562185689806938, -0.001164108864031732, 0.018091395497322083, -0.035546667873859406, -0.0009716810309328139, -0.01141208317130804, 0.0009995114523917437, 0.009866299107670784, 0.016679199412465096, 0.029567092657089233, -0.011933705769479275, -0.028981857001781464, 0.0015744094271212816, -0.0008229867671616375, -0.012525302357971668, -0.022569715976715088, 0.01927458867430687, 0.002659002784639597, 0.024465369060635567, -0.029974212870001793, 0.03035588748753071, 0.017798779532313347, -0.020737675949931145, -0.014134698547422886, -0.026042958721518517, -0.010025330819189548, -0.006895595695823431, 0.014579986222088337, -0.00329194706864655, 0.024923378601670265, 0.008345960639417171, 0.03137368708848953, -0.007588971871882677, 0.01134847104549408, -0.013625798746943474, -0.0034064496867358685, 0.008072426542639732, -0.01445276103913784, 0.012709778733551502, -0.004602364730089903, -0.008053342811763287, 0.015966739505529404, -0.011373915709555149, 0.015623231418430805, 0.05541921406984329, -0.011602920480072498, -0.03778582811355591, -0.030813897028565407, 0.0007383026531897485, 0.0009804277215152979, -0.010998602025210857, 0.02427453175187111, -0.009471901692450047, 0.019427258521318436, 0.018040506169199944, -0.014338258653879166, 0.011622004210948944, -0.016272079199552536, 0.00408710353076458, 1.7928290617419407e-05, -0.011990956962108612, -0.034783318638801575, -0.0027576021384447813, 0.013078730553388596, 0.0056933192536234856, 0.0017207182245329022, 0.01966898702085018, 0.004758215509355068, 0.012398077175021172, 0.006857427768409252, 0.03277316316962242, -0.014618153683841228, -0.003928072284907103, -0.007016459014266729, 0.014554540626704693, 0.009020253084599972, -0.016195744276046753, 0.004748673643916845, -0.008365044370293617, 0.02346029132604599, 0.009821770712733269, -0.023345788940787315, 0.00243158801458776, -0.015585063956677914, 0.0069210403598845005, 0.024554425850510597, 0.07134778797626495, -0.004478320479393005, -0.03236604109406471, 0.02426180988550186, -0.05231492221355438, 0.005190780386328697, 0.0029611620120704174, -0.01706087402999401, 0.007601694203913212, 0.022811444476246834, -0.018613018095493317, 0.030279552564024925, 0.019172808155417442, -0.011653810739517212, -0.012716139666736126, 0.0006703167455270886, -0.022798720747232437, -0.004207967314869165, -0.01647563837468624, 0.018345845863223076, -0.0065838941372931, 0.020419614389538765, -0.006332624703645706, -0.014592708088457584, -0.00011748434189939871, 0.013180511072278023, 0.01615757681429386, -0.023091338574886322, 0.01242988370358944, 0.013587631285190582, 0.0026049320586025715, -0.0022232569754123688, 0.03328206390142441, 0.010502424091100693, -0.00823781918734312, 0.01860029622912407, 0.010865015909075737, -0.006291276775300503, -0.008123316802084446, 0.006475753150880337, -0.004910885356366634, 0.0004918041522614658, 0.0033714626915752888, -0.03722603619098663, 0.00837776716798544, 0.01805322803556919, 0.026666361838579178, -0.014376426115632057, -0.007512636948376894, 0.0028228049632161856, -0.012054570019245148, -0.013676688075065613, -0.01238535437732935, -0.004783660173416138, 0.008676745928823948, 0.013905693776905537, -0.002412504283711314, -0.013651243411004543, -0.004293844103813171, 0.022493381053209305, 0.015699565410614014, 0.007041904143989086, 0.00241409451700747, -0.00617995485663414, -0.020050661638379097, -0.009179284796118736, 0.004580100532621145, -0.027658717706799507, -0.03435075283050537, 0.009032975882291794, 0.02040689066052437, 0.0020196971017867327, -0.020508671179413795, -0.0040998258627951145, 0.005667874123901129, -0.03066122718155384, 0.0011140139540657401, -0.007658945396542549, -0.0007136527565307915, -0.008810332044959068, 0.027404267340898514, 0.012468051165342331, 0.015826791524887085, 0.014300091192126274, 0.030915677547454834, 0.005108084063977003, -0.00756352674216032, 0.037480488419532776, -0.016501083970069885, 0.0011696749133989215, 0.0010098485508933663, 0.016501083970069885, 0.0003021594020538032, -0.032900385558605194, 0.0009255619370378554, -0.008110594004392624, -0.03760771080851555, 0.025813953951001167, -0.009001169353723526, -0.005034929607063532, 0.10646189004182816, 0.028269397094845772, -0.010750513523817062, 0.01725171133875847, 0.009408289566636086, -0.005286199040710926, 0.0001255352981388569, 0.0017620663857087493, -0.018498515710234642, 0.015381503850221634, 0.02854929119348526, -0.024847043678164482, 0.029567092657089233, -0.03246782347559929, -0.014948938973248005, 0.020228777080774307, 5.879186937818304e-05, 0.02184453420341015, 0.006354889366775751, 0.004669157788157463, 0.03997409716248512, 0.004621448460966349, 0.019694430753588676, -0.008365044370293617, -0.017442548647522926, -0.008835776709020138, 0.024350866675376892, -0.01150750182569027, -0.03470698371529579, -0.02211170643568039, -0.015101608820259571, 0.03480876237154007, -0.007499914150685072, -0.029465312138199806, -0.0052416701801121235, -0.009580043144524097, -0.0033491982612758875, -0.010311586782336235, -0.0035241327714174986, 0.0027623730711638927, -0.010979518294334412, 0.019210975617170334, -0.022595161572098732, -0.0021914506796747446, -0.003867640160024166, -0.02202264964580536, 0.024414479732513428, -0.024923378601670265, -0.015025273896753788]"
"Las personas con demencia a menudo actúan en formas que son muy diferentes de como eran antes. Estos cambios pueden ser difíciles de manejar para la familia y los amigos. El comportamiento cambia por muchas razones. En la demencia, por lo general se debe a que la persona está perdiendo neuronas (células) en partes del cerebro. El cambio en comportamiento que usted observa a menudo dependen de qué parte del cerebro está perdiendo las células. Por ejemplo, los lóbulos frontales del cerebro controlan nuestra capacidad de concentración, prestar atención, estar motivado y otros aspectos de la personalidad. Por lo tanto, cuando se pierden las células en los lóbulos frontales del cerebro, las personas a menudo son menos capaces de planificar y mantener la concentración. Puede que ellos estén menos motivados y se vuelven más pasivos. Los lóbulos frontales también controlan nuestros impulsos. Alguien con una deficiencia del lóbulo frontal puede actuar con rudeza o de forma insensible.La demencia también altera la forma en que la persona responde a su ambiente. Una persona con la enfermedad de Alzheimer puede ser olvidadiza y tener problemas para seguir conversaciones. Pueden enojarse y frustrarse porque no pueden seguir lo que está pasando. El ruido, ciertas conversaciones, lugares con mucha gente, y las actividades nuevas pueden ser excesivamente estimulantes y demasiado difíciles de procesar o entender. Además, muchas personas con demencia dependen de otros para las señales emocionales. Por ejemplo, si usted está ansioso y preocupado, muchas personas con demencia reflejarán sus emociones volviéndose ansiosos y preocupados. El comportamiento también puede cambiar a causa de problemas médicos como dolor o infecciones. La persona con demencia puede estar sufriendo de dolor, pero no es capaz de explicarlo o describirlo. En cambio ellos pueden actuar de una forma agresiva o ser menos activos. Infecciones urinarias, estreñimiento y la falta de sueño son ejemplos de condiciones que pueden causar cambios repentinos en la forma en que una persona se comporta. Por último, los medicamentos pueden causar cambios en la forma en que una persona se comporta.
Lo que usted puede hacer:
1. Considere una evaluación hecha por el médico de la persona con demencia. Los cambios repentinos podrían ser un signo de una infección, dolor, o efecto secundario de un medicamento. No asuma que los cambios en comportamiento y personalidad son siempre debido a la demencia.
2. Aunque existen medicamentos que pueden ayudar a calmar algunos cambios en el comportamiento, los medicamentos no siempre son la respuesta. Algunos comportamientos no se pueden corregir utilizando medicina. Por ejemplo, no hay medicina que pare a una persona de caminar de ida y de vuelta. Y, algunos medicamentos pueden causar efectos secundarios negativos y en realidad empeoran las cosas.
3. Piense en la conducta como una forma de comunicación. Si la persona con demencia actúa de forma agresiva o irritada, puede que sea la manera que ellos estén diciendo a los demás que puede estar agobiada, con dolor, confundida o asustada.
4. Trate de identificar qué está causando el cambio de comportamiento. ¿Hubo un evento u ocurrió algo antes? Por ejemplo, ¿Hubo un visitante inesperado que interrumpió la rutina normal de la persona? ¿Ocurre el comportamiento a la hora del baño?
5. Considere si el comportamiento es riesgoso y peligroso, o si es irritante o frustrante. El comportamiento riesgoso o peligroso podría ser cuando la persona se enoja y trata de salir de la casa de manera peligrosa. Usted tendrá que responder de una manera activa, como caminar con ellos, distraerlos, y luego instalando algún tipo de candado en la puerta. Por otra parte, el comportamiento irritante y frustrante puede requerir una respuesta más flexible. Por ejemplo, si la persona con demencia camina mucho de ida y devuelta por la casa, pero está tranquila y no trata de salirse, puede que sea mejor aceptar que el pasearse por la casa está bien y no es un problema muy grande.
6. Trate de crear una rutina diaria que sea igual de día a día para la persona con demencia. La rutina es una comodidad importante para para personas con demencia. 
7. Trate de tener una actitud de aceptación. Los cambios de comportamiento de la persona con demencia se deben a problemas reales y no porque él o ella están tratando de ser difícil apropósito.
8. Trate de practicar paciencia. Es posible que tendrá que tomar un descanso de estar con su ser querido o ir a una habitación diferente. Cuente hasta 10 si es necesario.
9. Hable con otros cuidadores que estén en una situación similar. Considere un grupo de apoyo donde pueda aprender acerca de estrategias que otros cuidadores han utilizado. Un ejemplo es el grupo de Whatsapp de la IPN que se puede unir a través de este link https://chat.whatsapp.com/ET53a8e5eKo6PyAyXowWL5?fbclid=IwAR0EZedHnEVOdnWWfI77pfIxnuAbWt_JouMeIHoqE4VncadqdP2zuNg2Ekk (tienen lonches mensuales y charlas para cuidadores)","[-0.00220491667278111, 0.012679850682616234, 0.0508204847574234, -0.04753522202372551, -0.012724075466394424, 0.03545556589961052, 0.003692761529237032, 0.006772695574909449, -0.01731080748140812, 0.0015747149009257555, 0.002977269235998392, 0.043946705758571625, 0.0029283063486218452, 0.04341600835323334, -0.014771046116948128, 0.02137947827577591, 0.028253259137272835, 0.01187117025256157, 0.0391198955476284, -0.00304202688857913, -0.03163960576057434, 0.007328663021326065, 0.0032047105487436056, -0.004242411348968744, -0.028708141297101974, 0.0018542780308052897, 0.015920888632535934, -0.0290619395673275, 0.013697017915546894, -0.013899188488721848, 0.02666117064654827, -0.001345694181509316, 0.00852904748171568, -0.0182205718010664, 0.0069748652167618275, 0.000408288644393906, 0.00821947492659092, -0.02346435748040676, -0.00048726130626164377, -0.028632327914237976, 0.011258342303335667, -0.00040276057552546263, -0.003945474047213793, -0.017879409715533257, 0.013722289353609085, 0.03072984144091606, -0.035809364169836044, -0.007871994748711586, -0.0290619395673275, 0.015263835899531841, 0.020457077771425247, 0.021227851510047913, -0.0297695342451334, 0.006785330828279257, 0.021531106904149055, -0.01154264435172081, 0.008642767556011677, 0.0065452540293335915, 0.010001097805798054, -0.02076033316552639, 0.001202753628604114, -0.008339513093233109, -0.01533964928239584, 0.024146679788827896, -0.003866501385346055, 0.004896305035799742, 0.0024655265733599663, -0.014139264822006226, 0.01777832582592964, 0.023199008777737617, 0.02150583453476429, -0.0003018729912582785, 0.0077140494249761105, -0.0009342465782538056, 0.03060348518192768, 0.0040212878957390785, -0.0006278326618485153, -0.00631149485707283, 0.002808267716318369, 0.016590576618909836, 0.009122922085225582, -0.023439085111021996, -0.024475207552313805, 0.02196071669459343, 0.020861417055130005, 0.02802581712603569, -0.007916219532489777, 0.01168795395642519, -0.016085151582956314, -0.014038180001080036, -0.029718991369009018, 0.0038412301801145077, 0.01897870935499668, 0.0155923618003726, 0.021518470719456673, 0.02330009452998638, 0.015958795323967934, -0.0005626801867038012, -0.011075126007199287, -0.010607607662677765, -0.012281828559935093, 0.010399119928479195, -0.049430567771196365, 0.0020690837409347296, 0.00897129438817501, -0.007492925971746445, 0.0009429335477761924, -0.0016521080397069454, 0.0007684039883315563, -0.020078008994460106, -0.00844691600650549, 0.01681801863014698, -0.0030025404412299395, -0.04250624403357506, 0.008756488561630249, 0.010885591618716717, -5.246746150078252e-05, -0.006181980017572641, -0.007334980648010969, -0.017841503024101257, 0.002015382284298539, 0.017222357913851738, 0.005518609657883644, -0.02346435748040676, 0.010108500719070435, -0.019522041082382202, 0.0026866497937589884, 0.008712263777852058, -0.03072984144091606, -0.005366981960833073, -0.014290892519056797, 0.0015131161781027913, 0.002370759379118681, -0.0016086731338873506, -0.01513747964054346, 0.00417291559278965, -0.003256832482293248, -0.010544429533183575, -0.01905452273786068, -0.02143002115190029, 0.02333800122141838, 0.019294600933790207, -0.019231421872973442, -0.01823320798575878, -0.0027814169880002737, 0.024854276329278946, 0.008611178956925869, 0.01852382719516754, 0.012932563200592995, 0.016173601150512695, 0.023805519565939903, -0.01218706090003252, -0.005177447572350502, -0.04402251914143562, 0.004656228236854076, 0.022289244458079338, 0.01207965798676014, 0.01243345532566309, -0.024588927626609802, -0.009438812732696533, 0.0247405543923378, -0.006055623758584261, -0.00950830802321434, 0.009628347121179104, 0.010392801836133003, 0.028531242161989212, -0.011555279605090618, -0.000600192230194807, 0.006779013201594353, 0.0016947533003985882, -0.004431945737451315, 0.0435170941054821, -0.010626561008393764, 0.03459634259343147, 0.01694437488913536, -0.004144485108554363, -0.010689739137887955, 0.01170690730214119, -0.017411891371011734, -0.027343494817614555, -0.019294600933790207, 0.010291717015206814, 0.013292678631842136, 0.027040239423513412, -0.04412360489368439, -0.011599504388868809, 0.042910583317279816, 0.007328663021326065, 0.004501441493630409, 8.168734348146245e-05, -0.013848645612597466, 0.025258615612983704, -0.0027387719601392746, -0.03517758101224899, -0.6247053146362305, -0.013633839786052704, -0.006128278560936451, 0.015124844387173653, 0.0015044291503727436, 0.023186372593045235, 0.003907567355781794, -0.005013184621930122, -0.023856060579419136, -0.0650482028722763, 0.0036011533811688423, -0.0005247733206488192, 0.007871994748711586, -0.022579863667488098, -0.02880922704935074, -0.018157394602894783, -0.022365057840943336, -0.011864852160215378, 0.016489490866661072, 0.004994231276214123, 0.00191271782387048, 0.015832439064979553, -0.016464220359921455, 0.0070001366548240185, -0.003661172464489937, -0.002375497715547681, 0.004665704909712076, -0.02259249798953533, 0.014619419351220131, 0.03965059295296669, -0.011744813993573189, -0.010620242916047573, 0.0003085856733378023, 0.027419308200478554, 0.04816700518131256, -0.01868809014558792, 0.016628483310341835, 0.03714874014258385, -0.016805382445454597, 0.027798376977443695, 0.00851009413599968, -0.0009295082418248057, 0.00744238356128335, -0.024487841874361038, -0.003477955935522914, -0.0123702771961689, 0.002689808839932084, -0.008042575791478157, -0.017083365470170975, 0.032701000571250916, 0.016628483310341835, -0.0005539932171814144, -0.030704570934176445, -0.000851325283292681, 0.017424527555704117, 0.02341381460428238, 0.020874053239822388, -0.031033096835017204, 0.009565168991684914, -0.008149978704750538, -0.003195233875885606, 0.011637411080300808, -0.01752561330795288, -0.009274548850953579, -0.01523856446146965, 0.03113418258726597, -0.031285807490348816, -0.012882020324468613, 0.01581980288028717, -0.00437192665413022, -0.008307923562824726, 0.010140089318156242, -0.02183436043560505, 0.006466281600296497, 0.03866501525044441, -0.009666253812611103, 0.019294600933790207, -0.00417291559278965, -0.00855431891977787, 0.01178903877735138, 0.003793846582993865, -0.016135694459080696, -0.04301166906952858, 0.0036295833997428417, 0.027672020718455315, 0.009501990862190723, 5.3059757192386314e-05, 0.011473148129880428, -0.019812660291790962, 0.015390192158520222, 0.00610300712287426, 0.0073160273022949696, 0.0007719577406533062, -0.025928303599357605, -0.012212332338094711, 0.023552807047963142, -0.004153961781412363, 0.017879409715533257, 0.022971566766500473, 0.00971679575741291, 0.010159042663872242, -0.009767338633537292, 0.03042658604681492, 0.009792610071599483, 0.03153852000832558, 0.01255981158465147, -0.038841914385557175, 0.03009806014597416, 0.06049937754869461, -0.023060016334056854, -0.009735750034451485, 0.010329623706638813, 0.014278257265686989, -0.02072242647409439, 0.008769123815000057, -0.019547313451766968, 0.011504736728966236, 0.028126902878284454, 0.0173992570489645, -0.02499326691031456, 0.0035253395326435566, -0.010683421045541763, 0.01980002596974373, 0.0021828042808920145, 0.024108773097395897, -0.014808953739702702, 0.002768781501799822, 0.004621480125933886, -2.472831511113327e-05, -0.006576843094080687, 0.0010882432106882334, -0.017411891371011734, 0.00923664215952158, -0.013545391149818897, 0.027621477842330933, 0.020987773314118385, 0.02021700143814087, -0.011839581653475761, -0.02620628848671913, -0.016476856544613838, -0.009773656725883484, -0.004213981330394745, 0.021493198350071907, -0.008788078092038631, 0.020823510363698006, -0.023022109642624855, -0.026231558993458748, -0.0090913325548172, -0.04473011568188667, 0.0020011672750115395, 0.007751956582069397, -0.02450047805905342, -0.008503776043653488, 0.04430050402879715, 0.013216864317655563, 0.007903584279119968, -0.030072789639234543, 0.011782720685005188, -0.015377556905150414, -0.0174750704318285, 0.0029030349105596542, 0.021316301077604294, -0.017576156184077263, 0.0253723356872797, -0.030704570934176445, -0.013848645612597466, 0.02130366489291191, 0.02134157158434391, -0.033484406769275665, -0.030527671799063683, -0.01501112338155508, 0.0002548842749092728, -0.0054743848741054535, 0.00027818119269795716, 0.008977612480521202, 0.01734871417284012, -0.014391977339982986, -0.00044540580711327493, 0.017209721729159355, 0.008838620036840439, 0.005212195683270693, -0.00929982028901577, -0.0040212878957390785, -0.01847328431904316, 0.018940802663564682, 0.02084878273308277, 0.025726133957505226, 0.014859495684504509, 0.0005618904833681881, 0.04098996892571449, 0.03009806014597416, 0.025397608056664467, 0.020166458562016487, -0.00729707395657897, 0.003446366870775819, 0.002306001726537943, 0.016097787767648697, -0.020697154104709625, 0.0012248660204932094, -0.0007257587276399136, 0.025776676833629608, -0.016413677483797073, 0.009293503127992153, -0.008522729389369488, 0.005616535432636738, -0.03105836734175682, 0.017260264605283737, -0.011536326259374619, 0.03272626921534538, 0.011782720685005188, 7.917009497759864e-05, -0.01411399431526661, -0.0027135005220770836, -0.002492377068847418, -0.020078008994460106, 0.042455703020095825, 0.004823650233447552, 0.005174288526177406, 0.0007411584374494851, -0.010948769748210907, -0.013836010359227657, 0.01220601424574852, 0.0003834122617263347, -0.000886862981133163, 0.02183436043560505, 0.026054659858345985, 0.013103144243359566, 0.015491276979446411, 0.005063727032393217, -0.015630269423127174, -0.023679163306951523, -0.006055623758584261, 0.014151901006698608, 0.018031038343906403, -0.028783954679965973, 0.03497541323304176, 0.001205122796818614, -0.014872131869196892, 0.01170690730214119, -0.01627468504011631, 0.0017500341637060046, 0.013937095180153847, 0.003686443902552128, 0.0013298996491357684, -0.0016836971044540405, 0.012616672553122044, 0.02345172129571438, 0.0311847236007452, 0.005964015144854784, 0.026256829500198364, 0.003920203074812889, 0.009937919676303864, -0.034444715827703476, -0.02204916626214981, -0.02208707295358181, -0.018207937479019165, 0.011883805505931377, -0.007973079569637775, 0.033029526472091675, 0.01619887165725231, 0.03646641597151756, -0.020229637622833252, 0.010449662804603577, -0.007726685144007206, -0.020482350140810013, -0.021682733669877052, 0.02620628848671913, -0.016186237335205078, 0.0023897127248346806, 0.007764591835439205, -0.02698969654738903, 0.0166916623711586, -0.012679850682616234, -0.014632054604589939, 0.016325227916240692, 0.01719708740711212, -0.023906603455543518, -0.013886552304029465, 0.029592635110020638, 0.02179645374417305, -0.003086251672357321, 0.007581375539302826, 0.013419034890830517, 0.03035077266395092, 0.013558026403188705, -0.006722152698785067, -0.014164536260068417, 0.016792746260762215, 0.0012604036601260304, -0.003436890197917819, -0.03014860302209854, -0.0002157927956432104, -0.027495121583342552, 0.016224144026637077, 0.0006076946156099439, 0.004656228236854076, 0.025258615612983704, 0.017424527555704117, 0.0019048205576837063, -0.008838620036840439, 0.017550883814692497, -0.017702512443065643, -0.028885040432214737, -0.020583434030413628, -0.002309160539880395, 0.009805245324969292, -0.00429927185177803, -0.013671747408807278, -0.004864715971052647, -0.016540033742785454, -0.012806206941604614, -0.015327014029026031, -0.0068864161148667336, -0.005916631780564785, 0.009678889065980911, 0.009710478596389294, -0.0015802428824827075, 0.013798103667795658, 0.017967859283089638, 0.0027482486329972744, -0.0015502333408221602, -0.02964317798614502, -0.01475841086357832, -0.012882020324468613, 0.02212497964501381, 0.022453507408499718, -0.008352148346602917, 0.010373848490417004, 0.015604997985064983, -0.007638235576450825, -0.017955224961042404, -0.024020323529839516, 0.02379288338124752, -0.005843976978212595, -0.016249414533376694, 0.011075126007199287, 0.030376045033335686, 0.010670785792171955, -3.230475340387784e-05, 0.01694437488913536, -0.0029930637683719397, -0.025094352662563324, 0.0031968133989721537, 0.003935997374355793, 0.001846380764618516, -0.017626697197556496, 0.0335349515080452, 0.023236915469169617, 0.005341710522770882, 0.0030609802342951298, -0.005502814892679453, 0.01536492072045803, 0.030123332515358925, -0.005888201761990786, -0.016249414533376694, 0.009034472517669201, -0.002805108902975917, 0.038513388484716415, 0.009230324998497963, 0.005935585126280785, 0.009710478596389294, -0.001986952032893896, 0.006283064838498831, -0.0021796454675495625, 0.016679026186466217, -0.006270429119467735, 0.013002058491110802, -0.016868559643626213, 0.009988462552428246, -0.00923664215952158, 0.012951516546308994, 0.00894602295011282, -0.022718854248523712, -0.025258615612983704, 0.011043536476790905, -0.011972255073487759, -0.007821451872587204, -0.014834224246442318, 0.03209448978304863, -0.003853865899145603, 0.04475538432598114, -0.0025997799821197987, -0.03616316244006157, 0.007372887805104256, -0.008200520649552345, -0.021606920287013054, 0.0014088723110035062, -0.009577804245054722, -0.023110559210181236, 0.0027782581746578217, 0.004428786691278219, 0.038184862583875656, -0.00863645039498806, -0.016868559643626213, -0.0023928715381771326, -0.019193515181541443, -0.036390602588653564, 0.001381231821142137, -0.013861281797289848, 0.016224144026637077, 0.0077140494249761105, -0.036592770367860794, 0.012875702232122421, 0.01254085823893547, -0.0018511192174628377, 0.0027482486329972744, 0.003010437823832035, -0.012673532590270042, 0.026054659858345985, 0.010942451655864716, -0.00619461527094245, -0.032321929931640625, -0.020532891154289246, 0.0239192396402359, -0.013267407193779945, -0.020229637622833252, 0.017664603888988495, 0.022731490433216095, -0.01781623251736164, 0.002337590791285038, 0.010228538885712624, 0.024727920070290565, -0.00752451503649354, -0.01705809496343136, 0.01172586064785719, -0.042329344898462296, -0.006276747211813927, -0.030072789639234543, -0.011807992123067379, -0.02815217338502407, 0.014341435395181179, -0.0011932769557461143, -0.010165360756218433, 0.0048741926439106464, 0.022263972088694572, -0.026433728635311127, 0.013469576835632324, -0.005531244911253452, -0.0123134171590209, -0.00031055998988449574, 0.019534677267074585, 0.008036257699131966, 0.03623897582292557, -0.002730874577537179, 0.008257381618022919, -0.039878033101558685, 0.041621752083301544, 0.00871858187019825, -0.013115779496729374, -0.01536492072045803, 0.023388542234897614, -0.018839718773961067, -0.021101495251059532, -0.007353933993726969, 0.014290892519056797, 0.041293226182460785, 0.009792610071599483, -0.03429308906197548, -0.03641587495803833, 0.004574096295982599, 0.002482900395989418, 0.02573877014219761, -0.006526300683617592, -0.005417524371296167, -0.02893558330833912, -0.015289107337594032, -0.006696881726384163, -0.021733276546001434, 0.02362862043082714, -0.034798514097929, -0.015289107337594032, 0.02453838475048542, 0.029542092233896255, 0.025359701365232468, -0.016464220359921455, -0.006507347337901592, -0.029996976256370544, -0.01146051287651062, 0.0006929850787855685, 0.015743989497423172, 0.023148465901613235, -0.013734925538301468, 0.006987500935792923, 0.0007755115511827171, 0.024096138775348663, -0.008522729389369488, -0.00033859527320601046, -0.0027498279232531786, -0.0029156706295907497, 0.0009145034127868712, -0.011593186296522617, -0.007518197409808636, -0.03388874977827072, 0.021569013595581055, 0.004514077212661505, 0.03462161496281624, 0.013103144243359566, -0.02374234050512314, 0.008263698779046535, 0.012534541077911854, -0.005562833976000547, -0.03439417481422424, -0.016186237335205078, -0.043365467339754105, -0.009640982374548912, 0.010715010575950146, -0.004646751563996077, 0.00417291559278965, -0.023135829716920853, -0.0023960305843502283, 0.015604997985064983, -0.000851325283292681, 0.0030451857019215822, 0.010778188705444336, -0.00622936338186264, -0.006981183309108019, 0.022693583741784096, 0.021897539496421814, -0.02167009748518467, 0.0003478745638858527, -0.018068945035338402, -0.030300229787826538, -0.013128414750099182, -0.01777832582592964, -0.024386757984757423, -0.002029597293585539, 0.010771870613098145, 0.0006294121267274022, -0.01220601424574852, 0.018915532156825066, 0.0018163712229579687, -0.010298035107553005, 0.005133222788572311, -0.020570797845721245, -0.016590576618909836, -0.033610764890909195, -0.002980428282171488, -0.015099572949111462, -0.008901798166334629, 0.02719186618924141, 0.00015883376181591302, 0.02457629144191742, -0.012989423237740993, -0.04301166906952858, -0.012509269639849663, -0.013520119711756706, 0.01760142669081688, -0.03002224676311016, 0.025852490216493607, 0.02141738496720791, -0.022693583741784096, -0.01533964928239584, 0.024096138775348663, 0.029466278851032257, -0.004836285952478647, 0.020457077771425247, 0.00625779340043664, 0.002918829442933202, 0.0005654442356899381, 0.0021385797299444675, 0.007038043346256018, -0.01442988496273756, -0.040459275245666504, 0.03462161496281624, 0.012919927015900612, -0.005006866529583931, -0.017411891371011734, -0.011447876691818237, -0.01798049546778202, 0.0008067057351581752, -0.010803460143506527, 0.0001642631395952776, 0.003433731384575367, -0.01694437488913536, -0.025397608056664467, 0.004037082195281982, -0.01218706090003252, 0.006403103470802307, 0.0025776675902307034, -0.0041602798737585545, -0.019117701798677444, 0.002433937508612871, -0.008585907518863678, 0.02789946086704731, -0.005919790826737881, 0.007720367517322302, -0.022402964532375336, 0.003588517662137747, -0.0028951377607882023, 0.008086800575256348, -0.0021922809537500143, 0.012597719207406044, -0.013229500502347946, 0.0247784610837698, -0.007549786474555731, 0.0016694820951670408, 0.02561241388320923, -0.0298453476279974, -0.016666390001773834, -0.0006590268458239734, -0.011435241438448429, 0.003992857877165079, -0.0017832026351243258, -0.02678752690553665, -0.007480290252715349, 0.020115915685892105, -0.0001327727804891765, 0.0173992570489645, -0.004902622662484646, -0.02437412180006504, -0.034444715827703476, -0.002381815342232585, 0.007960444316267967, 0.06226836517453194, 0.011422605253756046, -0.02030545100569725, 0.0123323705047369, 0.023110559210181236, -0.0012935721315443516, -0.003084672149270773, -0.0021843838039785624, 0.016224144026637077, -0.03957477957010269, 0.03067929856479168, -0.041823919862508774, 0.003550610737875104, -0.0318165048956871, 0.002615574514493346, -0.014290892519056797, -0.010733963921666145, 0.039296794682741165, 0.0004394828574731946, -0.030072789639234543, 0.00957148615270853, 0.010064275935292244, 0.02860705740749836, 0.0032757860608398914, -0.0083837378770113, 0.018864989280700684, 0.021771183237433434, 0.0034526847302913666, -0.005998763255774975, -0.052918002009391785, 0.010348577052354813, -0.01980002596974373, 0.008712263777852058, -0.007537150755524635, -0.002328114118427038, -0.006283064838498831, 0.007770909927785397, -0.006538936402648687, 0.010797142051160336, -0.024879546836018562, -0.01631259359419346, -0.04702979698777199, -2.6011619411292486e-05, -0.0033389641903340816, 0.003828594693914056, -0.011308885179460049, -0.013494848273694515, -0.02154374122619629, 0.0149226738139987, 0.006646339315921068, 0.002481321105733514, 0.0013591194292530417, 0.029466278851032257, 0.0023565441370010376, 0.02097513899207115, -0.009002882987260818, 0.0010906124953180552, -0.00037531755515374243, -0.002583985449746251, -0.018334293738007545, 0.006734788417816162, -0.023224279284477234, 0.03853865712881088, 0.013671747408807278, 0.00467202253639698, -0.0013180536916479468, 0.008396373130381107, -0.040964700281620026, 0.012092294171452522, 0.013570661656558514, 0.008061529137194157, 0.004084466025233269, -0.0064062620513141155, 0.0018337451620027423, 0.0009445130126550794, 0.02653481438755989, 0.03550610691308975, -0.012130200862884521, -0.010342259891331196, -0.007240213453769684, -0.02330009452998638, -0.0013780728913843632, -0.005123746115714312, -0.010095864534378052, 0.007221260108053684, 0.01607251539826393, -0.006172503344714642, -0.014518333598971367, 0.01536492072045803, -0.001734239631332457, -0.02137947827577591, 0.0123323705047369, 0.006785330828279257, -0.013646475970745087, -0.01792995259165764, 0.033812932670116425, -0.001307787257246673, -0.01565553992986679, 6.850877980468795e-05, -0.0008307924144901335, -0.019383050501346588, 0.016666390001773834, 0.019370414316654205, -0.003193654352799058, 0.0141771724447608, -0.0033610763493925333, -0.019206151366233826, -0.0028856610879302025, -0.03853865712881088, 0.01424035057425499, 0.016514763236045837, 0.00022586180421058089, 0.0253723356872797, -0.0024544703774154186, 0.011928030289709568, -0.03252410143613815, 0.020128551870584488, 0.009723113849759102, 0.0077140494249761105, -0.0018874466186389327, -0.00617566192522645, -0.01501112338155508, 0.0002225054777227342, 0.014000273309648037, -0.048015378415584564, -0.01206070464104414, -9.809885341383051e-06, 0.0036548548378050327, -0.024070866405963898, 0.019863203167915344, 0.018132122233510017, -0.013431670144200325, 0.017096001654863358, -0.03146270662546158, -0.0040939426980912685, -0.01827111467719078, -0.04399724677205086, 0.02270621992647648, -0.03396456316113472, 0.005079521331936121, -0.012964151799678802, -0.007960444316267967, 0.0238813329488039, 0.015289107337594032, 0.008042575791478157, 0.007417112123221159, 0.009224006906151772, 0.20095698535442352, -0.034849055111408234, -0.0055944230407476425, 0.033155880868434906, 0.009287185035645962, 0.042127177119255066, 0.029163023456931114, 0.004649910144507885, -0.010923498310148716, 0.013368492014706135, -0.008958658203482628, -0.01760142669081688, -0.028051089495420456, 0.017917316406965256, 0.02175854705274105, -0.012913609854876995, -0.03707292675971985, -0.0148847671225667, -6.480693991761655e-05, -0.03027495928108692, 0.006747424136847258, -0.020128551870584488, -0.004122372716665268, -0.012427138164639473, 0.052665289491415024, -0.012319735251367092, -0.005998763255774975, -0.0021875426173210144, 0.03305479511618614, -0.00010641566041158512, -0.02366652712225914, -0.002084878273308277, -0.006709517445415258, 0.013558026403188705, -0.014581511728465557, 0.003433731384575367, -0.007126492913812399, -0.011201482266187668, -0.004122372716665268, 0.01631259359419346, 0.020115915685892105, -0.004394039046019316, -0.01199752651154995, -0.00766982464119792, -0.008358466438949108, 0.04455321654677391, 0.008143660612404346, -0.005322757177054882, 0.013280042447149754, -0.007347616367042065, -0.03719928115606308, -0.02076033316552639, -0.026383185759186745, 0.0005460959509946406, 0.010430708527565002, 0.009457766078412533, 0.003332646330818534, 0.01195961982011795, -0.00931877363473177, 0.017045458778738976, -0.017753053456544876, 0.007240213453769684, -0.01627468504011631, 0.031664878129959106, -0.01785413920879364, 0.018991345539689064, -0.008857573382556438, -0.026383185759186745, 0.008276334963738918, -0.021265758201479912, -0.01154264435172081, -0.010588654316961765, -0.012679850682616234, 0.0029583158902823925, 0.01268616784363985, -0.01914297230541706, 0.01765196956694126, 0.022150252014398575, 0.02237769216299057, 0.04157120734453201, 0.007094903849065304, 0.012787253595888615, -0.02495536021888256, -0.0019379891455173492, -0.0005689980462193489, -0.03555665165185928, 0.02146792784333229, -0.0097799738869071, -0.020520256832242012, -0.02711605280637741, 1.5831550626899116e-05, -0.01270512118935585, -0.01734871417284012, 0.03072984144091606, 0.028632327914237976, -0.002227029064670205, 0.03163960576057434, 0.022655677050352097, -0.0037338274996727705, -0.018498556688427925, -0.03292844071984291, 0.04637274518609047, 0.014442520216107368, 0.0028524925000965595, -0.00043750854092650115, 0.015200657770037651, 0.014252985827624798, 0.013659111224114895, -0.003648536978289485, -0.010658150538802147, -0.01552918367087841, -0.02330009452998638, -0.0065705254673957825, -0.0060493056662380695, 0.008055211044847965, 0.003866501385346055, 0.019711576402187347, -0.006292541511356831, 0.0023612824734300375, -0.017121272161602974, 0.01501112338155508, -0.041166868060827255, -0.0239571463316679, 0.007006454281508923, -0.010841366834938526, -0.010342259891331196, 0.0011814309982582927, 0.005348028615117073, -0.004612003453075886, -0.0035727231297641993, 0.009647300466895103, -0.035809364169836044, -0.0026503223925828934, 0.004766789730638266, -0.005591264460235834, 0.00191745616029948, 0.01193434838205576, 0.00030364986741915345, -0.005487020593136549, -0.0028209034353494644, -0.021657463163137436, -0.017285535112023354, 0.016514763236045837, -0.0057176207192242146, -0.005186924245208502, -0.01424035057425499, 0.01513747964054346, -0.010948769748210907, -0.017424527555704117, -0.013659111224114895, -0.02789946086704731, 0.024892183020710945, 0.014126629568636417, -0.005464908201247454, 0.005891360342502594, 0.008377419784665108, -0.020482350140810013, -0.014872131869196892, -0.011302567087113857, -0.005569152068346739, -0.021493198350071907, -0.017967859283089638, 0.007012772373855114, 0.022314514964818954, 0.004829967860132456, 0.012869385071098804, -0.15496331453323364, 0.01245240867137909, 0.0009737329091876745, -0.026130473241209984, -0.006791648920625448, 0.015440735034644604, 0.00765087129548192, -0.014669961296021938, 0.0061472319066524506, -0.01430352870374918, -0.0016394724370911717, -0.02054552733898163, -0.02782364748418331, -0.003932838328182697, -0.007985715754330158, -0.016299957409501076, 0.01707073114812374, 0.02034335769712925, 0.04235461726784706, 0.0188523530960083, 0.021569013595581055, -0.054333191365003586, 0.02383079007267952, -0.0015344388084486127, -0.024070866405963898, -0.0029267268255352974, 0.011308885179460049, 0.008263698779046535, -0.021316301077604294, -0.02515752986073494, -0.011113032698631287, -0.01707073114812374, 0.03217030316591263, 0.014012908563017845, -0.008996565826237202, 0.015996702015399933, -0.008914434351027012, -0.02017909474670887, -0.03899354115128517, 0.00963466428220272, -0.0048331269063055515, 0.05076994374394417, -0.010449662804603577, 0.015882981941103935, -0.001095350831747055, 0.01585770957171917, 0.010380166582763195, -0.016994915902614594, -0.014998488128185272, 0.005272214766591787, -0.015225929208099842, -0.019420957192778587, 0.015845075249671936, 0.011195164173841476, 0.007992032915353775, 0.00023395651078317314, -0.00368012604303658, 0.011555279605090618, 0.0001170769683085382, -0.008187885396182537, 0.008611178956925869, -0.013785467483103275, -0.004435104783624411, 0.02944100834429264, 0.012736710719764233, -0.008541682735085487, 0.007132810540497303, 0.007177035324275494, -0.020747696980834007, 0.0033610763493925333, -0.005373299587517977, -0.00016998864884953946, 0.015933524817228317, -0.008794395253062248, 0.025549234822392464, -0.001810053363442421, -0.014126629568636417, -0.01723499409854412, -0.03603680431842804, 0.008118389174342155, -0.021657463163137436, 0.011826945468783379, -0.04334019497036934, -0.029365194961428642, -0.028101632371544838, 0.005499655846506357, 0.018372200429439545, 0.007707731798291206, 0.01498585194349289, -0.018940802663564682, 0.004030764568597078, -0.03446998819708824, -0.0034179368522018194, -0.032650455832481384, 0.003730668453499675, 0.032321929931640625, -0.013103144243359566, -0.026054659858345985, -0.00212752353399992, -0.028581785038113594, -0.012547176331281662, 0.00024402551935054362, -0.02199862338602543, 0.012256557121872902, 0.016249414533376694, -0.012483998201787472, -0.027141323313117027, 0.0008647506474517286, 0.0239192396402359, -0.03333278000354767, 0.01264194305986166, 0.020899325609207153, 0.016186237335205078, 0.013646475970745087, -0.0033895066007971764, -0.01181431021541357, 0.00868067517876625, 0.004801537841558456, 0.010007415898144245, 0.017576156184077263, 0.05908418446779251, -0.006640021223574877, -0.0002722582430578768, 0.0002191491366829723, 0.012989423237740993, -0.03136162459850311, -0.10644251108169556, -0.02250404842197895, 0.0021464768797159195, 0.01183326356112957, 0.0052627380937337875, -0.0040212878957390785, -0.0023628619965165854, 0.021695369854569435, -0.004406674299389124, 0.006873780395835638, -0.03750253841280937, -0.00482680881395936, 0.008440597914159298, -0.0148468604311347, 0.02461419813334942, -0.020280178636312485, 0.022327151149511337, -0.005632330197840929, -0.019686304032802582, 0.03184177726507187, -0.0021433180663734674, -0.01540282741189003, 0.004514077212661505, -0.00886389147490263, -0.023906603455543518, 0.016704296693205833, 0.00460884440690279, 0.009798928163945675, 0.013558026403188705, 0.013823374174535275, -0.0239571463316679, -0.012300781905651093, 0.03300425410270691, -0.005916631780564785, 0.010070594027638435, -0.004694134928286076, 0.00625779340043664, -0.013532754965126514, 0.028910310938954353, -0.010108500719070435, 0.015920888632535934, -0.0015036395052447915, -0.023717069998383522, -0.005698667373508215, 0.010778188705444336, -0.019092431291937828, -0.01926932856440544, 0.014151901006698608, -0.013153686188161373, -0.010304353199899197, -0.017828868702054024, -0.005003707949072123, 0.0026440047658979893, -0.02586512640118599, 0.04002966359257698, -0.009167146869003773, 0.004766789730638266, 0.009394587948918343, -0.030982553958892822, -0.014606783166527748, -0.01834692806005478, -0.0025729292538017035, -0.02125312201678753, 0.013798103667795658, 0.02595357596874237, -0.012319735251367092, -0.036769669502973557, -0.00969784241169691, -0.0012904133182018995, 0.0014009750448167324, -0.012717757374048233, 0.006324130576103926, -0.006646339315921068, 0.015023758634924889, -0.021846996620297432, 0.02187226712703705, 0.011226753704249859, -0.012054386548697948, -0.01465732604265213, 0.0020769808907061815, -0.02067188359797001, -0.007189671043306589, 0.005265897139906883, -0.0026519019156694412, 0.032372474670410156, 0.02453838475048542, 0.03616316244006157, 0.011037219315767288, 0.0149226738139987, -0.01206070464104414, -0.004750995431095362, 0.025195438414812088, -0.011826945468783379, 0.00727812061086297, -0.0076256003230810165, 0.01950940676033497, -0.005663919262588024, -0.01264194305986166, 0.018422741442918777, 0.05327179655432701, -0.025713497772812843, -0.028505971655249596, -0.01652739755809307, 0.006968547590076923, -0.0045646196231245995, 0.012717757374048233, 0.019130337983369827, 0.001235132454894483, 0.008194203488528728, 0.016337864100933075, -0.004176074173301458, 0.014606783166527748, -0.016350500285625458, 0.016464220359921455, 0.014050816185772419, -0.013052601367235184, -0.03563246503472328, -0.004886828362941742, 0.024601563811302185, -0.0029630542267113924, 0.013456941582262516, 0.023060016334056854, 0.02370443381369114, 0.0017768848920240998, 0.002061186358332634, 0.018132122233510017, -0.013873917050659657, -0.003506386186927557, -0.007897266186773777, 0.015251200646162033, 0.0072844382375478745, -0.011075126007199287, 0.002836697967723012, -0.02698969654738903, 0.015150114893913269, 0.014682597480714321, -0.0008750170818530023, -0.008263698779046535, -0.007985715754330158, 0.012951516546308994, 0.01985056884586811, 0.07687515020370483, -0.013204229064285755, -0.033939290791749954, 0.019837932661175728, -0.0508963018655777, -0.002734033390879631, -0.00469097588211298, -0.02582721970975399, -0.00894602295011282, 0.007815134711563587, -0.01226919237524271, 0.03441944345831871, 0.018738633021712303, -0.0017784642986953259, -0.03153852000832558, -0.00938195176422596, -0.028379615396261215, -0.007107539568096399, -0.008307923562824726, 0.011428923346102238, -0.01459414791315794, 0.015428098849952221, 0.0009721534443087876, -0.009691525250673294, 0.0038791371043771505, -0.015680812299251556, -0.0017958383541554213, -0.023527534678578377, 0.0023154783993959427, 0.0035632464569061995, -0.007897266186773777, 0.004229775629937649, 0.02524597942829132, 0.013848645612597466, 0.00014856731286272407, -0.000886862981133163, 0.013469576835632324, -0.006760059855878353, -0.013873917050659657, 0.005348028615117073, -0.004769948776811361, 0.013406398706138134, -4.042412911076099e-05, -0.039625320583581924, 0.014518333598971367, 0.03474796935915947, 0.03970113769173622, -0.005057409405708313, -0.014151901006698608, 0.013772832229733467, -0.0068864161148667336, -0.014644689857959747, -0.0008015725179575384, -0.0033105339389294386, 0.022643040865659714, 0.016552669927477837, 0.0027182388585060835, -0.005246943328529596, -0.011346791870892048, 0.005651283543556929, 0.011113032698631287, 0.0010700795101001859, 0.01251558680087328, -0.00438140332698822, -0.03080565482378006, -0.019951652735471725, 0.0013259509578347206, -0.012787253595888615, -0.010165360756218433, 0.015162751078605652, 0.01589561626315117, -0.0004288215423002839, 0.0007261536084115505, -0.005540722049772739, 0.005199559964239597, -0.019244058057665825, 0.012534541077911854, -0.0016536875627934933, -0.01133415661752224, -0.024399392306804657, 0.013747560791671276, 0.03398983180522919, -0.010411755181849003, 0.01482158899307251, 0.025599777698516846, 0.018094215542078018, 0.00304676522500813, 0.019951652735471725, -0.028101632371544838, 0.004630956798791885, -0.004918417427688837, -0.006993819028139114, -0.0029251473024487495, -0.04558933898806572, -0.007865676656365395, -0.012471362948417664, -0.04965800791978836, 0.006602114532142878, -0.013937095180153847, -0.010601289570331573, 0.10371321439743042, 0.009546215645968914, -0.010449662804603577, 0.005167970899492502, 0.008914434351027012, -0.007322344928979874, -0.004441422410309315, 0.016337864100933075, -0.01868809014558792, 0.02055816352367401, 0.03952423855662346, -0.01581980288028717, 0.014164536260068417, -0.030957283452153206, -0.0195599477738142, 0.04306221380829811, 0.0012548755621537566, 0.026307372376322746, 0.011517372913658619, 0.008200520649552345, 0.03990330547094345, -0.015541819855570793, 0.030451858416199684, -0.005477543920278549, -0.01660321280360222, -0.0020422330126166344, 0.025978846475481987, -0.000742343021556735, -0.03229665756225586, -0.013115779496729374, -0.0009887376800179482, 0.0010842946358025074, -0.02648427151143551, -0.009735750034451485, -0.011239388957619667, -0.01536492072045803, -0.007543468382209539, -0.01411399431526661, -0.014973216690123081, -0.0016836971044540405, -0.011763767339289188, 0.030401315540075302, -0.027975276112556458, -0.02432357892394066, 0.008086800575256348, -0.003155747428536415, 0.012471362948417664, -0.016540033742785454, -0.010354895144701004]"
"Las alucinaciones es cuando una persona oye, ve, huele o saborea algo que no existe. Esta persona puede tener conversaciones que para él o ella son reales. El Alzheimer o demencia causa alucinaciones en algunas personas. ¿Qué puede hacer? Vea un doctor: Hable con el doctor para encontrar la causa (lleve TODAS las medicinas con usted a la cita), dígale al doctor cuantas veces ha sucedido esto (mantenga un registro: fecha y hora de lo que le sucedió a la persona con Alzheimer o demencia). Piense en lo que pueda estar causando las alucinaciones: cambie el ambiente, si la persona no se reconoce en el espejo, cubra el espejo con una sábana; si la persona ve cosas en la oscuridad, prenda la luz o use una luz de noche; si la televisión o la radio lo está confundiendo o asustando, apáguelos. Tranquilice a la persona con Alzheimer: Dígale, “No se preocupe. Yo estoy aquí. Yo le ayudo.”; No discuta sobre lo que la persona con Alzheimer ve o escucha porque es real para él;  trate de distraer a la persona con alguna actividad. ¿Por qué pasa este problema? Personas con Alzheimer o demencia pueden tener una reacción a algún medicamento, estar tomando su medicina incorrectamente, o estar pasando por cambios en el cerebro causados por el Alzheimer.","[0.006010877434164286, 0.011363198049366474, 0.0548216849565506, -0.025745814666152, -0.017669184133410454, 0.03426976501941681, -0.014637340791523457, -0.0028252676129341125, -0.01104013342410326, 0.010791621170938015, 0.0020890517625957727, 0.030219025909900665, -0.002898267935961485, 0.021173197776079178, -0.01102149486541748, 0.008865655399858952, 0.025136960670351982, 0.014401254244148731, 0.020812856033444405, -0.008654420264065266, -0.024093210697174072, 0.00976651068776846, 0.011996903456747532, -0.0037556334864348173, -0.023782571777701378, 0.019222382456064224, 0.022813376039266586, -0.018663229420781136, 0.0010220044059678912, -0.002638883888721466, 0.030318429693579674, -0.0038705701008439064, -0.0013567187124863267, -0.01575564220547676, -0.0003521876933518797, 0.005408236291259527, 0.0013000268954783678, -0.024018658325076103, -0.01468704268336296, -0.018290461972355843, 0.0005525503074750304, 0.012096308171749115, 0.006228324957191944, -0.0152461938560009, 0.014736744575202465, 0.05253537744283676, -0.0517401397228241, 0.011636561714112759, -0.022378480061888695, 0.03277869522571564, 0.025348195806145668, 0.015606535598635674, -0.018029525876045227, -0.01781829074025154, 0.016600582748651505, -0.015618961304426193, 0.00012017871631542221, 0.013941507786512375, 0.009052039124071598, -0.01781829074025154, 0.0038767829537391663, -0.008517739363014698, -0.010884813033044338, 0.009250848554074764, -0.014575212262570858, 0.009331614710390568, 0.0097602978348732, -0.014016061089932919, 0.011394262313842773, 0.0015252407174557447, 0.026913819834589958, 0.002738288603723049, 0.003615845460444689, -0.02467721328139305, 0.025410324335098267, 0.000364030827768147, 0.0007719395216554403, -0.024105636402964592, 0.007219265680760145, 0.011798094026744366, 0.014749170280992985, -0.016078708693385124, -0.042271845042705536, 0.02099923975765705, 0.019197531044483185, 0.03528866544365883, -0.020663749426603317, 0.006803008262068033, -0.025012705475091934, -0.021148348227143288, -0.02726173587143421, -0.0077846297062933445, 0.012251627631485462, 0.002767799189314246, 0.012419372797012329, 0.03581053763628006, 0.029100721701979637, 0.017470374703407288, -0.024055935442447662, -0.024552958086133003, -0.013282951898872852, 0.017035478726029396, -0.05616365000605583, 0.006939689628779888, 0.006622837390750647, -0.015482280403375626, 0.005280874203890562, 0.023335250094532967, 0.0014157402329146862, -0.030243877321481705, -0.031237922608852386, 0.007449138909578323, 0.014264572411775589, -0.0326295904815197, 0.005753046367317438, -0.008834592066705227, -0.011077409610152245, 0.022453034296631813, 0.006765731610357761, -0.029075872153043747, -0.00276469299569726, 0.011133325286209583, -0.00976651068776846, -0.006125813815742731, 0.004050740972161293, -0.00698939198628068, 0.005137979984283447, -0.004150145687162876, -0.0237328689545393, -0.004960915073752403, 0.0028299272526055574, 0.012419372797012329, 0.018514122813940048, -0.0027056713588535786, -0.01942119188606739, 0.015954451635479927, -0.019172679632902145, -0.0041315071284770966, 9.66380539466627e-05, -0.014649765565991402, 0.01681181788444519, 0.00972302071750164, -0.023384952917695045, -0.0020269236993044615, 0.0029246723279356956, 0.05000055953860283, -0.009139018133282661, 0.007436713203787804, 0.0029883533716201782, 0.02001761831343174, 0.025149386376142502, -0.0215335413813591, -0.024987854063510895, -0.017532501369714737, 0.010903451591730118, 0.02937408536672592, 0.014016061089932919, 0.0023562016431242228, -0.04013464227318764, -0.00734352134168148, 0.014065762981772423, -0.01312141865491867, -0.011071196757256985, -0.00021472966182045639, 0.009263274259865284, 0.0274108424782753, -0.010394002310931683, -0.006871349178254604, -0.007492628414183855, -0.002199328737333417, -0.0134072070941329, 0.04040800407528877, -0.03643181920051575, 0.019259657710790634, 0.009809999726712704, -0.016699988394975662, 0.0037556334864348173, 0.0242671687155962, -0.031337328255176544, 0.0019244126742705703, -0.03668032959103584, -0.009872128255665302, 0.02050221711397171, 0.0033673339057713747, -0.037028245627880096, -0.0017426884733140469, 0.015159214846789837, 0.006411602254956961, -0.0039016338996589184, -0.0205891951918602, -0.006542071234434843, 0.01681181788444519, 0.0053647467866539955, -0.03461768105626106, -0.6306233406066895, -0.01397878397256136, -0.007983438670635223, 0.0038519317749887705, 0.0066290502436459064, 0.03536321967840195, 0.016115985810756683, 0.0008899826207198203, -0.010853749699890614, -0.0662035197019577, 0.017110031098127365, 0.005964281503111124, 0.009878341108560562, -0.0028640974778681993, -0.01628994382917881, -0.02108621969819069, -0.010915877297520638, -0.003991719335317612, 0.016190538182854652, 0.017197011038661003, 0.0067905825562775135, 0.004827340133488178, -0.02047736570239067, -0.01371784694492817, 0.006343261804431677, -0.010344300419092178, -0.00230183987878263, -0.0326295904815197, 0.0022738822735846043, 0.024478403851389885, -0.01157443318516016, 0.002303393092006445, -0.003227545879781246, 0.03046753630042076, 0.05720739811658859, 0.0013357504503801465, 0.021173197776079178, 0.018799912184476852, -0.02209269255399704, 0.020328259095549583, 0.02733629010617733, -0.01341963279992342, 0.04040800407528877, -0.02097438834607601, -0.0007346627535298467, -0.012748651206493378, 0.0035443983506411314, -0.008151184767484665, -0.012394522316753864, 0.021993286907672882, 0.009368891827762127, -0.006237644236534834, -0.03613360598683357, 0.006215899251401424, 0.02158324234187603, 0.014314275234937668, 0.02533577010035515, -0.027709057554602623, 0.0010856855660676956, 0.007418074645102024, -0.013295376673340797, 0.01443853136152029, -0.01897387020289898, 0.009691957384347916, -0.009629828855395317, 0.041277796030044556, -0.030169323086738586, 0.0012099414598196745, 0.01368056982755661, 0.00971680786460638, -0.004091124050319195, 0.017681609839200974, -0.026615604758262634, -0.005119341425597668, 0.021931160241365433, -0.014575212262570858, 0.013655719347298145, 0.00020152748038526624, -0.007200627122074366, -0.008772463537752628, 0.01636449620127678, 0.0045508709736168385, -0.057008590549230576, -0.01289775874465704, 0.03046753630042076, -0.00920114666223526, 0.008822166360914707, 0.0010088022099807858, -0.021272603422403336, -0.00047411376726813614, 0.003358014626428485, 0.010394002310931683, 0.006660114042460918, -0.02108621969819069, -0.010207618586719036, 0.014127891510725021, -0.022341202944517136, 0.024068359285593033, 0.011897498741745949, 0.007797055412083864, 0.010077150538563728, -0.022800950333476067, -0.0008915357757359743, 0.027062926441431046, 0.031834352761507034, 0.005119341425597668, -0.041824523359537125, 0.018315313383936882, 0.05954340845346451, -0.022937631234526634, -0.0054703643545508385, 0.0030862048733979464, 0.02044008858501911, -0.016140835359692574, 0.000755630957428366, -0.011735966429114342, 0.01583019644021988, 0.027684206143021584, 0.011922350153326988, -0.028007270768284798, 0.020738303661346436, -0.008405908942222595, 0.006784370169043541, -0.0026280113961547613, 0.020253704860806465, -0.01553198229521513, -0.0015337832737714052, 0.010512045584619045, -0.0022474778816103935, -0.005110022146254778, -0.013854528777301311, -0.018812337890267372, -0.010350513271987438, -0.004007251467555761, -0.0006919497973285615, -0.008492887951433659, 0.0252115149050951, -0.005917685572057962, -0.0037898037116974592, 0.004392444621771574, -0.020328259095549583, -0.007654161192476749, 0.0029200126882642508, 0.010070937685668468, 0.01569351553916931, -0.021372007206082344, -0.021869031712412834, -0.013866953551769257, -0.0461486279964447, -0.009517998434603214, 0.004973340779542923, -0.03670518100261688, -0.007815693505108356, 0.05104430764913559, 0.00946208368986845, 0.011431539431214333, 0.007262755185365677, 0.011151963844895363, -0.02308673970401287, -0.011251368559896946, 0.02728658728301525, 0.027982419356703758, -0.002856331644579768, 0.005252916365861893, -0.016066282987594604, -0.029224978759884834, 0.025348195806145668, 0.01993064023554325, -0.03859386965632439, -0.017731310799717903, -0.0003426743787713349, -0.007865396328270435, 0.008126333355903625, 0.01689879782497883, -0.001215377589687705, 0.023235846310853958, 0.01186022162437439, -0.011133325286209583, 0.006933476775884628, 0.014811298809945583, 0.008343781344592571, 0.0035412919241935015, -0.0010336533887311816, 0.004696871619671583, 0.017482800409197807, -0.0015687302220612764, 0.013606016524136066, 0.016526028513908386, 0.019595149904489517, 0.03374789282679558, 0.016488753259181976, 0.02365831658244133, 0.024552958086133003, 0.002547245239838958, -0.015308322384953499, 0.005575981922447681, -0.0027041181456297636, -0.017172159627079964, -0.004165677819401026, 0.022962482646107674, 0.02785816416144371, 0.0006076887948438525, 0.02587006986141205, 0.002413670066744089, 0.02208026684820652, -0.02312401495873928, 0.012959886342287064, -0.006827859673649073, 0.02733629010617733, 0.0009707488934509456, -0.0006663220701739192, -0.038146547973155975, 0.006215899251401424, -0.008952634409070015, 0.0028128421399742365, 0.03407095745205879, 0.007772204000502825, 0.016414199024438858, 0.004824233707040548, -0.021769626066088676, 0.0006593326688744128, 0.014326700940728188, 0.012748651206493378, -0.003376652952283621, 0.0178555678576231, 0.014301849529147148, 0.021831754595041275, -0.0006496251444332302, -0.011195452883839607, -0.01496040541678667, -0.005106915719807148, -0.006197261158376932, 0.001736475620418787, 0.046471692621707916, -0.03471708670258522, 0.01995549164712429, -0.005628790240734816, -0.01344448421150446, 0.022341202944517136, 1.134562808147166e-05, -0.021819328889250755, 0.026217985898256302, 0.006840284913778305, 0.016016580164432526, 0.014774021692574024, 0.03849446401000023, 0.016513604670763016, 0.021732350811362267, -0.003330057021230459, 0.013817251659929752, 0.011033920571208, -0.0009505573543719947, -0.03248048201203346, -0.02053949423134327, -0.039737023413181305, -0.021185623481869698, 0.018104078248143196, -0.0020424555987119675, 0.023235846310853958, 0.008325142785906792, 0.031163370236754417, -0.012984737753868103, 0.009629828855395317, -0.0016696881502866745, -0.024329297244548798, -0.011493667028844357, 0.005203214008361101, -0.01791769452393055, -0.012245414778590202, 0.016960924491286278, -0.016699988394975662, -0.005548024084419012, -0.008306504227221012, -0.008325142785906792, 0.029051020741462708, 0.014488233253359795, -0.03779863193631172, -0.011785668320953846, 0.035586878657341, 0.015420151874423027, -0.01937148906290531, -0.019793959334492683, 0.02840488962829113, 0.029224978759884834, 0.019781533628702164, -0.00846182368695736, -0.009822425432503223, -0.004929851274937391, -0.0019166466081514955, 0.009076890535652637, -0.042818568646907806, -0.001227803179062903, -0.012748651206493378, -0.00029005977557972074, 0.008778676390647888, 0.006958328187465668, 0.039239998906850815, 0.017445523291826248, 0.005613258574157953, -0.013034439645707607, -0.021123496815562248, -0.018228335306048393, -0.01258711889386177, -0.01468704268336296, 0.0015951346140354872, 0.005106915719807148, -0.005010617431253195, -0.016115985810756683, 0.005144192837178707, -0.023993806913495064, -0.007498841267079115, 0.002774012042209506, 0.005566662643104792, -0.003600313561037183, 0.017495224252343178, 0.010381577536463737, -0.027684206143021584, 0.0004147039435338229, 0.00918872095644474, 0.005725088994950056, 0.0043085720390081406, -0.022279076278209686, 0.014040912501513958, -0.0033673339057713747, 0.019868511706590652, 0.01793012022972107, -0.018588677048683167, 0.006647688336670399, 0.020340684801340103, -0.0024866703897714615, -0.023546485230326653, -0.03424491360783577, 0.015208917669951916, -0.006796795409172773, -0.03777378052473068, 0.010915877297520638, 0.043439850211143494, 0.00669739069417119, 0.010108213871717453, 0.014873426407575607, -9.44660041568568e-06, -0.021931160241365433, -0.022999759763479233, -0.0018684974638745189, -0.016066282987594604, -0.011990690603852272, 0.009281912818551064, 0.02159566804766655, -0.011953413486480713, -0.01130107045173645, -0.004687552340328693, 0.022813376039266586, 0.029274681583046913, -0.016190538182854652, -0.005933217238634825, -0.012065243907272816, 0.005402023438364267, 0.032878100872039795, 0.009393743239343166, 0.01158685889095068, 0.010095789097249508, 0.014711894094944, 0.010717067867517471, 0.006172409746795893, -0.01128864474594593, 0.012052818201482296, 0.015606535598635674, -0.02728658728301525, 0.007722501643002033, -0.010878600180149078, 0.007803267799317837, 0.016103560104966164, -0.0009994830470532179, -0.0010064725065603852, 0.012512565590441227, -0.01002123486250639, -2.7302312446408905e-05, -0.019793959334492683, 0.012208138592541218, -0.011214091442525387, 0.034443724900484085, -0.0048801489174366, -0.052336569875478745, 0.00396686838939786, -0.003002332290634513, -0.014637340791523457, -0.002278541913256049, -0.0033890786580741405, -0.017482800409197807, -0.012531203217804432, 0.006815433967858553, 0.022751247510313988, -0.026690158993005753, -0.0009723021066747606, 0.002548798220232129, -0.0015858154511079192, -0.037724077701568604, -0.01796739734709263, 0.0014996129320934415, 0.018278036266565323, -0.0066290502436459064, -0.031362179666757584, 0.0026249049697071314, 0.02516181208193302, -0.009151443839073181, 0.002320478204637766, -0.01631479524075985, -0.012798354029655457, 0.010362938977777958, -0.008983698673546314, 0.01740824617445469, -0.0304923877120018, -0.011909924447536469, 0.01626509241759777, -0.013220823369920254, -0.010524471290409565, 0.033921848982572556, 0.016501178964972496, -0.008256802335381508, 0.005607045721262693, 0.006222112104296684, 0.005075851920992136, 0.003820867743343115, -0.022303927689790726, -0.0004193635249976069, -0.041277796030044556, -0.021384432911872864, -0.028678253293037415, -9.566730295773596e-05, -0.026093730702996254, -0.004165677819401026, 0.010244895704090595, -0.0018731571035459638, -0.013481760397553444, 0.01735854335129261, -0.0008604718605056405, 0.003693505423143506, 0.0046533821150660515, -0.0052311718463897705, 0.0076479483395814896, 0.0013411866966634989, 0.01954544708132744, 0.01896144449710846, 0.0036406966391950846, 0.00792752392590046, -0.03151128441095352, 0.033921848982572556, 0.011431539431214333, -0.006191048305481672, 0.012556054629385471, 0.03745071589946747, -0.02152111567556858, -0.008368631824851036, 0.0013691443018615246, 0.01692364737391472, 0.03044268488883972, -0.008710335940122604, -0.02683926559984684, -0.04165056347846985, 0.0010755897965282202, 0.007399436552077532, 0.02261456660926342, -0.012543628923594952, -0.009250848554074764, 0.001845199498347938, -0.0036531223449856043, -0.0231364406645298, -0.0070701586082577705, 0.032902952283620834, -0.03213256597518921, -0.0071322862058877945, 0.02415533922612667, 0.008231950923800468, 0.028330335393548012, 0.012922609224915504, -0.0034978024195879698, -0.03257988765835762, -0.008847016841173172, 0.018787486478686333, 0.00818846095353365, 0.009288125671446323, -0.017110031098127365, 0.018551399931311607, -0.01740824617445469, 0.027634503319859505, -0.01003987342119217, -0.004299252759665251, -0.004932957701385021, -0.009344040416181087, 0.015196491964161396, -0.016662711277604103, 0.009157656691968441, -0.02885221131145954, 0.024577809497714043, 0.006097856443375349, 0.025385472923517227, 0.025596708059310913, -0.013804825954139233, 0.014637340791523457, 0.01729641482234001, -0.005544917657971382, -0.030169323086738586, -0.01553198229521513, -0.03528866544365883, -0.002039349405094981, -0.011102261021733284, -0.008089056238532066, 0.008840804919600487, 0.0002081285638269037, -0.006666326895356178, 0.03277869522571564, 0.0005292522837407887, 0.005895940586924553, -0.012674097903072834, 0.007728714495897293, -0.02217967063188553, 0.03223197162151337, 0.01130107045173645, -0.0022505843080580235, -0.001560187665745616, -0.019843660295009613, -0.036556072533130646, -0.01998034305870533, -0.010841323994100094, 0.01624024100601673, -0.006511006969958544, 0.009946681559085846, -0.0027305225376039743, -0.016041431576013565, 0.03265444189310074, 0.010841323994100094, 0.007840544916689396, -0.007728714495897293, -0.021844180300831795, -0.038146547973155975, -0.02321099489927292, -0.002435414819046855, -0.020850133150815964, -0.022328777238726616, 0.018302887678146362, -0.008760037831962109, 0.02527364157140255, -0.0006678752251900733, -0.04035830497741699, -0.02056434564292431, -0.013108992949128151, 0.02053949423134327, -0.013742698356509209, 0.010232469998300076, 0.03730160742998123, -0.030716048553586006, -0.015482280403375626, 0.027510248124599457, 0.030144471675157547, 0.005728194955736399, 0.012475288473069668, 0.009847276844084263, -0.0018203483195975423, 0.006542071234434843, 0.007188201416283846, 0.016749689355492592, -0.021707499399781227, -0.04691901430487633, 0.0018933486426249146, 0.01586747355759144, 0.012264053337275982, 0.0036034199874848127, -0.023881975561380386, 0.010915877297520638, 0.011779455468058586, -0.0074118622578680515, -0.015072235837578773, 0.011077409610152245, -0.028603699058294296, -0.020887410268187523, -0.0029479702934622765, -0.021980861201882362, 0.0183277390897274, -0.013332653790712357, -0.0011268453672528267, -0.030740899965167046, -0.001310122781433165, -0.033375125378370285, 0.028106676414608955, -0.006038834806531668, 0.013531463220715523, -0.03834535926580429, -6.610799755435437e-05, -0.0029557363595813513, 0.014140317216515541, 0.010387789458036423, 0.00918872095644474, 0.005318150855600834, 0.020713452249765396, -0.00243386160582304, -0.0010546216508373618, 0.024851171299815178, -0.010151703841984272, 0.006542071234434843, -0.006914838682860136, -0.008263014256954193, 0.0005296405870467424, -0.0035195471718907356, -0.016041431576013565, 0.005063426215201616, 0.021309880539774895, -0.0002052163181360811, -0.013568740338087082, 0.0017597735859453678, -0.023012185469269753, -0.026690158993005753, 0.010244895704090595, 0.010499619878828526, 0.06317167729139328, 0.008144971914589405, -0.01551955658942461, -0.003317631548270583, 0.01625266671180725, -0.014749170280992985, 0.009698170237243176, 0.005308831576257944, 0.005638109520077705, -0.05959311127662659, 0.008623356930911541, -0.041277796030044556, -0.015581685118377209, -0.02480147033929825, -0.012009329162538052, 0.005995345301926136, -0.004929851274937391, 0.020837707445025444, -0.01159307174384594, -0.040209196507930756, 0.007045307196676731, 0.005268448498100042, 0.008573654107749462, 0.004361380822956562, -0.007144711911678314, 0.02256486378610134, -0.005628790240734816, 0.0009847276378422976, -0.014040912501513958, -0.03993583470582962, 0.001503495965152979, -0.02051464281976223, 0.018315313383936882, 0.005193894729018211, -0.007119860965758562, -0.014003635384142399, 0.018588677048683167, 0.003249290632084012, 0.013568740338087082, -0.028603699058294296, -0.00943723227828741, -0.026466498151421547, -0.014662191271781921, 0.0012347926385700703, -0.008393483236432076, -0.004010357894003391, 0.004904999863356352, -0.012332393787801266, 0.01784314215183258, -0.007654161192476749, -0.005066532641649246, -0.007107435259968042, 0.03101426362991333, -0.00762309692800045, 0.02317371778190136, 0.0028299272526055574, -0.006939689628779888, -0.01954544708132744, -0.023546485230326653, -0.006641475949436426, -0.011698689311742783, -0.007486415561288595, 0.04063166677951813, 0.008871868252754211, 0.014537936076521873, 0.028056973591446877, 0.01622781530022621, -0.006548283621668816, 0.023012185469269753, 0.009089316241443157, 0.005954962223768234, 0.0194584671407938, -0.010804046876728535, -0.0038643572479486465, 0.017569778487086296, 0.027709057554602623, 0.02743569388985634, -0.0043738060630857944, 0.0033673339057713747, -0.0038798891473561525, -0.03148643672466278, -0.007281393278390169, -0.007728714495897293, -0.023807423189282417, 0.016066282987594604, 0.007691437844187021, -0.0068340725265443325, -0.010878600180149078, 0.014500658959150314, -0.015407727099955082, -0.03352423012256622, 0.013270526193082333, -0.007275180425494909, -0.02780846133828163, -0.030666345730423927, 0.013668145053088665, -0.004367593675851822, -0.009406168945133686, -0.02636709436774254, 0.006604198832064867, -0.02952319197356701, 0.02728658728301525, 0.01131970901042223, 0.007803267799317837, 0.0310888160020113, -0.007293818984180689, -0.01554440800100565, -0.007977225817739964, -0.031908903270959854, 0.0011190793011337519, 0.01442610565572977, 0.007244116626679897, 0.015084661543369293, -0.0027895441744476557, 0.003345589153468609, -0.01315869577229023, 0.012431798502802849, 0.007592033129185438, 0.01887446455657482, 0.01834016479551792, -0.010244895704090595, -0.01940876618027687, 0.002637330675497651, 0.006958328187465668, -0.03153613582253456, 0.0005152735393494368, 0.014214870519936085, 0.016985775902867317, -0.060239240527153015, 0.03352423012256622, 0.009679531678557396, -0.0005560449790209532, 0.017445523291826248, -0.026565903797745705, -0.0075796074233949184, -0.007219265680760145, -0.03429461643099785, 0.01443853136152029, -0.012568480335175991, 0.005989132449030876, -0.01632722094655037, -0.005833812523633242, 0.02217967063188553, -0.013357505202293396, -0.00017929731984622777, -0.005970493890345097, 0.024888448417186737, 0.1941373497247696, -0.03737616166472435, -0.013742698356509209, 0.03543777018785477, -0.01129485759884119, 0.034891046583652496, 0.029796555638313293, 0.0231985691934824, -0.015121938660740852, 0.008710335940122604, -0.001385452807880938, -0.016016580164432526, -0.03377274423837662, 0.011711115017533302, 0.004901893902570009, -0.03610875457525253, -0.03255503624677658, -0.014711894094944, -0.011897498741745949, -0.03794774040579796, 0.017122456803917885, -0.01496040541678667, -0.021185623481869698, -0.0019523701630532742, 0.051789842545986176, -0.00949314795434475, 0.0033921850845217705, -0.0074118622578680515, 0.03374789282679558, 0.005644322372972965, -0.026118582114577293, -0.01940876618027687, 0.0005055660149082541, 0.0010173448827117682, -0.012997162528336048, -0.010269747115671635, -0.00262024556286633, -0.00488636177033186, 0.0037401013541966677, 0.028106676414608955, 0.009952894411981106, -0.006765731610357761, -0.01628994382917881, -0.007001817692071199, -0.006871349178254604, 0.03668032959103584, -0.0017908376175910234, -0.021906308829784393, 0.030666345730423927, 0.0004057730548083782, -0.02840488962829113, -0.04102928563952446, -0.021135922521352768, 0.021769626066088676, 0.02688896842300892, 0.0023453293833881617, 0.02214239351451397, 0.025522153824567795, -0.021334731951355934, 0.009691957384347916, 0.0035661431029438972, 0.01948331855237484, -0.012959886342287064, 0.025671260431408882, -0.007275180425494909, 0.02587006986141205, -0.001310122781433165, -0.018675655126571655, 0.019893363118171692, -0.010853749699890614, 0.014711894094944, -0.0053927041590213776, -0.014562786556780338, 0.002306499518454075, 0.01636449620127678, -0.010505832731723785, 0.025012705475091934, 0.03220712020993233, 0.02419261634349823, 0.031809501349925995, 0.009561488404870033, 0.019122976809740067, -0.0163769219070673, -0.007461564615368843, -0.013059291057288647, -0.027783609926700592, 0.02312401495873928, -0.0019135402981191874, 0.00615998450666666, -0.01692364737391472, -0.010909664444625378, -0.022540012374520302, -0.0014631127705797553, 0.003914059605449438, 0.033921848982572556, 0.02626768872141838, 0.037127651274204254, 0.006504794117063284, 0.0006092420080676675, -0.009288125671446323, -0.01943361572921276, 0.007536117918789387, 0.013046865351498127, 0.006821646820753813, -0.006132026668637991, 0.019234806299209595, 0.008679271675646305, -0.005728194955736399, 0.0071012224070727825, -0.016202963888645172, -0.0031902692280709743, -0.017221862450242043, -0.002064200583845377, 0.0011035474017262459, -0.0028004164341837168, 0.009020975790917873, 0.0022894141729921103, -0.020278556272387505, 0.011624136008322239, -0.01739582046866417, 0.010574174113571644, -0.017197011038661003, -0.00976651068776846, -0.0013606016291305423, -0.006461304612457752, -0.004159464966505766, -0.005082064773887396, 0.010114426724612713, 0.000922599749173969, -0.019769107922911644, 0.0061817290261387825, -0.012823204509913921, 0.007747353054583073, 0.01371784694492817, 0.008691697381436825, -0.009107954800128937, 0.010853749699890614, 0.01887446455657482, -0.01160549744963646, -0.006852710619568825, -0.018178632482886314, -0.0157804936170578, 0.018029525876045227, 0.003441887442022562, -0.01733369193971157, -0.013233249075710773, 0.0019290721975266933, -0.025062406435608864, -0.016016580164432526, -0.0002525888558011502, -0.026988372206687927, 0.016501178964972496, 0.013556314632296562, 0.0006045824266038835, 0.005852451082319021, -0.010859962552785873, -0.03966246917843819, -0.026193134486675262, -0.02055191993713379, 0.01371784694492817, -0.017097607254981995, 0.004364487249404192, 0.02204298973083496, 0.003777378238737583, 0.003677973523736, 0.007467777002602816, -0.1513933390378952, 0.013481760397553444, -0.013282951898872852, -0.03257988765835762, -0.0011167495977133512, 0.015606535598635674, 0.0010266640456393361, 0.01158685889095068, -0.030094768851995468, -0.010524471290409565, -0.02208026684820652, -0.018228335306048393, -0.014525510370731354, -0.022440608590841293, 0.004734148271381855, -0.009281912818551064, 0.00790888536721468, 0.014115465804934502, 0.05462287738919258, 0.010822685435414314, 0.019682127982378006, -0.05144192650914192, 0.042321547865867615, -0.015146789140999317, 0.005768578499555588, -0.0300202164798975, -0.00018250079301651567, 0.0078902468085289, -0.0023530954495072365, -0.0157804936170578, 0.0021185623481869698, -0.013556314632296562, 0.014388828538358212, -0.021819328889250755, 0.009014762938022614, 0.0021465199533849955, -0.008989911526441574, -0.0021201155614107847, -0.025894921272993088, 0.023521633818745613, -0.026441646739840508, 0.033996403217315674, -0.006604198832064867, 0.03372304141521454, 0.000695832830388099, 0.029572894796729088, 0.013531463220715523, -0.007014243397861719, -0.014227296225726604, -0.0032089075539261103, 0.004553977400064468, -0.031188221648335457, -0.0025891815312206745, 0.015445003286004066, -0.0031514393631368876, 0.003463632194325328, 0.018688080832362175, 0.011816732585430145, 0.0016526029212400317, -0.017246713861823082, -0.002871863543987274, -0.02838003821671009, 0.013779974542558193, 0.0025689899921417236, 0.019868511706590652, -0.00174734799657017, 0.003125034971162677, 0.001560187665745616, -0.019334211945533752, -0.00394822983071208, -0.018017100170254707, -0.032381076365709305, 0.0023453293833881617, -0.005818280857056379, 0.00788403395563364, 0.003348695347085595, -0.028553996235132217, -0.02527364157140255, -0.02468963898718357, 0.0015431024366989732, -0.03566143289208412, 0.0200548954308033, -0.029100721701979637, -0.01953302137553692, -0.027162330225110054, -2.3079555830918252e-05, 0.0031902692280709743, 0.006784370169043541, -0.005429981276392937, -0.009157656691968441, 0.021434135735034943, -0.02517423778772354, -0.005122447852045298, -0.011816732585430145, 0.012251627631485462, 0.012611969374120235, -0.00048809254076331854, -0.009834851138293743, 0.013929082080721855, -0.05002541095018387, -0.003095524152740836, 0.006178622599691153, -0.0003483047185000032, 0.02265184372663498, 0.018091652542352676, -0.020365536212921143, -0.02738599106669426, -0.0016650285106152296, 0.013469335623085499, -0.03412066027522087, 0.025994325056672096, 0.016960924491286278, 0.01003366056829691, 0.0032026947010308504, -0.017457948997616768, -0.0030660133343189955, 0.0014002082170918584, 0.010884813033044338, 0.024441128596663475, 0.025969475507736206, 0.04045770689845085, -0.005759259220212698, -0.004855297971516848, -0.00368107995018363, -0.0268144141882658, -0.025472451001405716, -0.09249605983495712, -0.02885221131145954, -0.005249809939414263, 0.00892157107591629, 0.00949936080724001, -0.005644322372972965, -0.006399177014827728, 0.004699978046119213, -0.007157137617468834, 0.011667625047266483, -0.023819848895072937, -0.01497283112257719, 0.01472431980073452, -0.022204522043466568, 0.018178632482886314, 0.000684960454236716, 0.03041783533990383, -0.00393891055136919, -0.030368132516741753, 0.023770146071910858, -0.017594629898667336, 0.006178622599691153, 0.008648207411170006, -0.021869031712412834, -0.029821407049894333, -0.0075485436245799065, 0.005855557508766651, 0.019682127982378006, 0.011456389911472797, 0.006358793471008539, -0.019893363118171692, -0.006051260512322187, 0.010406428016722202, -0.0026311178226023912, 0.00921357236802578, -0.004625424277037382, -0.003796016564592719, 0.004836659412831068, 0.01686152070760727, -0.01525861956179142, 0.013581165112555027, 0.001837433548644185, 0.0013769102515652776, -0.012183287180960178, 0.021285029128193855, -0.012344819493591785, -0.02527364157140255, 0.014823724515736103, -0.02478904463350773, 0.002183796837925911, -0.01678696647286415, 0.014053338207304478, 0.004616104997694492, -0.010729493573307991, 0.026590753346681595, -0.0016681349370628595, 0.0019306254107505083, 0.010841323994100094, -0.04003523662686348, -0.002741395030170679, -0.0005517737008631229, -0.004923638422042131, -0.016128411516547203, 0.0008767804247327149, 0.008089056238532066, -0.01158064603805542, -0.04055711254477501, -0.0157804936170578, 0.008691697381436825, 0.0005432310863398015, -0.026665307581424713, -0.0010289938654750586, -0.01369299553334713, 0.03851931542158127, -0.019868511706590652, 0.033325422555208206, 0.005759259220212698, -0.018576251342892647, -0.0027103309985250235, -0.01288533303886652, -0.01260575745254755, -0.004951596260070801, 0.0018125823698937893, 0.010530684143304825, 0.02362103946506977, 0.01995549164712429, 0.01625266671180725, 0.003914059605449438, 0.012705162167549133, -0.016749689355492592, -0.006622837390750647, 0.004566402640193701, -0.013220823369920254, 0.013742698356509209, -0.017122456803917885, 0.012500139884650707, 0.002090604742988944, -0.016165686771273613, 0.037102799862623215, 0.028727954253554344, -0.006163090467453003, -0.040805622935295105, -0.03359878435730934, 0.01580534502863884, -0.017172159627079964, 0.009946681559085846, 0.016165686771273613, 0.0030737794004380703, 0.015159214846789837, 0.012438011355698109, 0.0023810528218746185, 0.00846182368695736, -0.0226021409034729, -0.005749939940869808, 0.011617923155426979, -0.004718616139143705, -0.033921848982572556, 0.008679271675646305, 0.028578847646713257, 0.022254224866628647, 0.003920272458344698, 0.008244376629590988, 0.012164648622274399, 0.021210474893450737, -0.028081825003027916, 0.0366554781794548, -0.0032058011274784803, -0.004790063481777906, -0.007492628414183855, 0.007871609181165695, -0.0029433106537908316, -0.0097292335703969, 0.014811298809945583, -0.01344448421150446, -0.007983438670635223, 0.01129485759884119, -0.032381076365709305, -0.020353110507130623, -0.0003725734422914684, 0.007598245982080698, 0.023956529796123505, 0.06655143946409225, -0.003976187668740749, -0.02900131791830063, 0.013866953551769257, -0.03851931542158127, -0.008082843385636806, -0.010077150538563728, -0.03966246917843819, 0.017544927075505257, 0.017718885093927383, -0.012493927031755447, 0.03414551168680191, 0.033896997570991516, -0.009344040416181087, -0.016476327553391457, -0.028032122179865837, -0.023509208112955093, 0.01286048162728548, -0.020204002037644386, 0.031312476843595505, -0.02429202012717724, 0.035512324422597885, 0.009704383090138435, -0.008325142785906792, 0.011655199341475964, -0.007063945755362511, 0.014252147637307644, -0.021744774654507637, 0.004202954471111298, 0.02743569388985634, 0.00137613364495337, -0.002276988700032234, 0.006243857089430094, 0.011822945438325405, -0.01130728330463171, 0.020129449665546417, 0.006660114042460918, -0.014674616977572441, -0.0011252921540290117, 0.01497283112257719, 0.014003635384142399, -0.0037463142070919275, 0.012027967721223831, -0.03466738387942314, 0.014351551420986652, 0.017544927075505257, 0.02842974103987217, -0.0030737794004380703, 0.0014134104130789638, 0.014885852113366127, -0.011940987780690193, -0.015631387010216713, -0.014227296225726604, -0.013904230669140816, 0.017619481310248375, 0.0032617163378745317, 0.0011625689221546054, 2.6452908059582114e-05, -0.008766250684857368, 0.008604718372225761, 0.02262699231505394, 0.012798354029655457, 0.000862801622133702, -0.006240750662982464, -0.021434135735034943, -0.03151128441095352, 0.009654680266976357, -0.03220712020993233, -0.028330335393548012, 0.018104078248143196, 0.005485896021127701, 0.011369410902261734, 0.005824493244290352, 0.010394002310931683, 0.0028128421399742365, -0.019234806299209595, 0.002332903677597642, 0.002671500900760293, 0.007231690920889378, -0.016115985810756683, 0.008256802335381508, 0.024379000067710876, 0.0326295904815197, 0.013904230669140816, 0.025074832141399384, 0.001561740878969431, 0.01102149486541748, 0.04013464227318764, -0.023857126012444496, 0.010822685435414314, -0.015395301394164562, -0.01161171030253172, -0.00791509822010994, -0.03725190833210945, -0.008505313657224178, -0.021272603422403336, -0.03727675974369049, 0.02944863960146904, -0.00948693510144949, -0.004839765839278698, 0.090657077729702, 0.015134363435208797, -0.0026171391364187002, 0.01187886018306017, -0.006026409100741148, -0.003109502838924527, -0.0001820154138840735, 0.006889987271279097, -0.009263274259865284, 0.022366054356098175, 0.025385472923517227, -0.023422230035066605, 0.030939709395170212, -0.03531351685523987, -0.01339478138834238, 0.017607055604457855, 0.003895421279594302, 0.01836501620709896, -0.00394822983071208, 0.005762365646660328, 0.03722705692052841, 0.002770905615761876, 0.024950576946139336, 0.0023266910575330257, -0.025472451001405716, -0.017159733921289444, 0.03267928957939148, 0.006486156024038792, -0.025596708059310913, -0.01889931596815586, -0.010468556545674801, 0.02304946258664131, -0.0052342782728374004, -0.013481760397553444, -0.011096048168838024, -0.01638934761285782, -0.004967127926647663, -0.002185350051149726, -0.009654680266976357, 0.004100443329662085, -0.014774021692574024, 0.02892676368355751, -0.00892157107591629, -0.014376402832567692, -0.00032927803113125265, -0.007821906358003616, 0.004731041844934225, -0.007728714495897293, 0.017656758427619934]"
"Las personas con demencia que padecen de depresión corren un mayor riesgo de suicidio y deben ser evaluadas por un médico u otro profesional de salud mental. Los medicamentos son una parte importante del tratamiento de la depresión. Además, las personas necesitarán mucho apoyo para mantenerse activas y conectadas. Las comunidades religiosas y espirituales pueden ofrecer apoyo. Yo ofrezco algunas ideas prácticas para apoyar a las personas con depresión y demencia. Estos consejos no pretenden reemplazar a los tratamientos médicos o de salud mental adecuados. Aunque este folleto se enfoca en la persona con demencia, es importante reconocer que la depresión también es muy común entre los cuidadores familiares. Solicitar tratamiento y apoyo para mantener su propia salud física y mental también debe ser una prioridad.
Si la persona está abandonando sus actividades y aislándose de los demás, entonces puedes hacer lo siguiente: Recuerde que la persona padece de una enfermedad que afecta el cerebro y está haciendo lo mejor que puede; Piense en maneras creativas de convertir a las actividades cotidianas en rituales especiales, por ejemplo: bañar es un""día de spa"", ver televisión es una ""noche de película"", caminar es un ""entrenamiento de resistencia"", una comida es una ""cita""; Considere maneras de incorporar a las funciones previas y ayudar a la persona a mantener su sentido del propósito, por ejemplo, si la persona siempre ha estado al pendiente de los demás, es posible que le enriquece cuidar a una mascota o a un jardín o si está acostumbrado a ser el encargado, puede ""dirigir"" a los demás en preparar comida o arreglar cosas; Haga un esfuerzo por probar cosas nuevas juntos, piense en ideas y anótalas, por ejemplo: pueden pintar, cantar karaoke, cocinar una receta nueva, bailar, tomar una excursión de un día, grabarse contando historias, armar un rompecabezas, comunicarse con amigos o familiares por Zoom, etc.; Pide a otras personas que vayan regularmente a almorzar o tomar un café con la persona, puede contactar a los familiares y/o amigos de la persona; Encuentre maneras de demostrar su cariño y agradecimiento hacia la persona; Considere actividades pasivas tal como dar una vuelta en el auto, escuchar música, ver películas o programas viejos, observar el entorno desde un banco o una ventana, etc.; Si la persona es apática debido a la demencia, tal vez lo mejor sería tener menores expectativas acerca de su capacidad de participación (a veces los cuidadores deben permitirse descansar después de esforzarse de alentar a la persona a ser participativa y evitar exigirles mucho).
Si la persona se ve triste y llora con facilidad, entonces puedes hacer lo siguiente: Recuerde que la persona no lo hace a propósito y no pretende hacerle sentir mal, sino padece de una enfermedad que afecta su cerebro y está haciendo lo mejor que puede; Si la persona es receptiva al cariño, puede ofrecer una brazo, agarrarla de la mano o darle un masaje en la espalda; Empatice con los sentimientos de la persona incluso cuando no le queda claro por qué se entristece o llora (A veces la misma persona no comprende o no puede expresar por qué siente lo que siente) puede decir “Parece que estás triste hoy. Te molesta algo? Podemos hablar sobre ello?” o “Lo siento que esto sea tan difícil y quiero ayudar. Lo superaremos juntos.”; Evite decirle a la persona que no debe sentirse triste; Consuele a la persona tal como lo haría con cualquiera persona adulta normal (es decir, con un tono respetuoso); Evite usar expresiones de cariño infantiles, ya que estas pueden considerarse condescendientes por los adultos; Si la persona parece aferrarse a los pensamientos negativos, dale validez a sus sentimientos y luego intente ligeramente ir hacia otro tema, por ejemplo, puede decir “Lo siento que las cosas sean tan difíciles. Quisiera que pudiéramos hacer más sobre ello. Por ahora podemos salir a tomar un helado juntos.”; Considere organizar una reunión familiar si existe un conflicto o malentendido entre miembros de la familia que está afectando a la persona; Limite el acceso al alcohol y vigile el consumo excesivo; Elimine o asegure objetos que podrían ser armas, los medicamentos u otras cosas que la persona podría utilizar para hacerse daño.
Si la persona se vuelve gravemente angustiada e inconsolable, entonces puede hacer lo siguiente: Respire profundamente e intente mantener la calma; Reduce el ruido ambiental (apague el televisor) y reduzca las luces brillantes si es posible; A veces es útil que una persona conocida (tal como un vecino o pariente) llame o visite para distraer y aliviar a la persona; Es probable que discutir con la persona o detenerla físicamente empeore la situación; Contacte al médico de la persona para pedir una cita urgente, con la cual se puede determinar si existe una causa médica detrás del comportamiento depresivo y si debe considerar tratamiento farmacológico. Cuando la situación se calme, considere desarrollar un plan de respuesta, con la ayuda de un medico, ante una crisis para manejar situaciones similares en el futuro.","[-0.0021403045393526554, 0.001773575902916491, 0.06095283851027489, -0.033511415123939514, -0.011804870329797268, 0.03325849771499634, -0.004119374789297581, 0.007056366186589003, -0.0046536605805158615, -0.005010905209928751, -0.006167997140437365, 0.04820585623383522, 0.010173560120165348, 0.04205998778343201, -0.024027053266763687, 0.0063260700553655624, 0.0402136966586113, -0.0019917162135243416, 0.03136162832379341, -0.025607779622077942, -0.02172551304101944, 0.01963895373046398, 0.01760297827422619, -0.007694979663938284, -0.04059307277202606, 0.015035877004265785, 0.012652140110731125, -0.01836172677576542, 0.020612681284546852, -0.027820797637104988, 0.018551412969827652, -0.016566021367907524, 0.005390279460698366, -0.019487204030156136, 0.004976129159331322, -0.006639054045081139, -0.00483070220798254, -0.0078087919391691685, -0.007543229963630438, -0.024596113711595535, 0.008099646307528019, -0.012405546382069588, -0.00017378118354827166, -0.0280231311917305, 0.008864717558026314, 0.033081457018852234, -0.037735119462013245, -0.0328032486140728, -0.034598954021930695, 0.014745023101568222, 0.020789723843336105, 0.004922384396195412, -0.023925885558128357, -0.00035467566340230405, 0.03538299724459648, -0.02096676453948021, -0.00797318760305643, 0.005617904476821423, 0.006307101342827082, -0.007903635501861572, -0.008554895408451557, -0.01258891075849533, -0.014213898219168186, 0.026530925184488297, -0.011374912224709988, 0.0123233487829566, 0.01124213170260191, -0.008883686736226082, 0.013708066195249557, 0.026252716779708862, 0.022332513704895973, 0.017210956662893295, 0.015086459927260876, 0.0023236689157783985, 0.019740121439099312, 0.006117414217442274, 0.01693274825811386, -0.007701302412897348, 0.01866522617638111, 0.003872781526297331, 0.005396602675318718, -0.03485187143087387, -0.03467483073472977, -0.008118614554405212, 0.018854914233088493, 0.023053323850035667, -0.01330340001732111, 0.008453728631138802, 0.0010851691477000713, -0.018412310630083084, -0.03320791572332382, 0.011286391876637936, 0.004334353841841221, 0.023205073550343513, 0.022762469947338104, 0.02214282564818859, 0.0336378738284111, 0.016641896218061447, -0.007176501210778952, -0.023318886756896973, -0.02086559869349003, 0.016136063262820244, -0.05199959874153137, 0.00793525017797947, 0.00044102288666181266, -0.014669148251414299, 0.00015421969874296337, -0.0025291633792221546, 0.004011885263025761, -0.023584449663758278, -0.017881184816360474, 0.0263791736215353, -0.03060287795960903, -0.017944414168596268, 0.008662384934723377, 0.0007551924209110439, -0.005004581995308399, 0.0005975148524157703, 0.004005562514066696, -0.02118174359202385, 0.003433339297771454, 0.004833863582462072, 0.015276147052645683, -0.014922063797712326, 0.003082417882978916, -0.008320948109030724, -0.0029211838264018297, 0.011684735305607319, -0.025873342528939247, 0.010673069395124912, -0.026303298771381378, 0.01856406033039093, -0.0017245733179152012, 0.003159873653203249, -0.009086019359529018, 0.026581507176160812, -0.017109790816903114, -0.021801387891173363, -0.010932308621704578, -0.019145766273140907, 0.02335682511329651, 0.01363219041377306, -0.024697281420230865, -0.025000780820846558, -0.0006465173792093992, 0.023407407104969025, 0.007480000611394644, -0.0019853932317346334, 0.004574624355882406, 0.025999799370765686, 0.019057245925068855, -0.025873342528939247, -0.000549697841051966, -0.03874678537249565, -0.005703263450413942, -0.0046315304934978485, -0.005870820488780737, -0.005823398940265179, -0.03356199711561203, -0.0053807953372597694, 0.023420052602887154, -0.0174765195697546, -0.0060162474401295185, 0.00858018733561039, 0.0011784321395680308, 0.023647677153348923, -0.00971198733896017, 0.004735858645290136, 0.010616163723170757, 0.00246909586712718, 0.005567321088165045, 0.051949016749858856, -0.02529163472354412, 0.027441423386335373, -0.0017135082744061947, -0.010148268193006516, -0.007012105546891689, 0.022636013105511665, -0.0212702639400959, -0.006493627093732357, -0.009895351715385914, 0.013885106891393661, 0.00938951876014471, 0.036318786442279816, -0.050102729350328445, -0.00825771875679493, 0.026328591629862785, 0.019082538783550262, -0.0005738039617426693, -0.010312664322555065, -0.0005287532112561166, 0.019044600427150726, 0.01583256386220455, -0.030122336000204086, -0.6252092123031616, -0.02128290943801403, -0.007701302412897348, -0.00241535110399127, -0.007043720223009586, 0.023420052602887154, 0.02271188795566559, 0.0205241609364748, -0.0248869676142931, -0.05387118086218834, 0.016528083011507988, 0.011956620030105114, -0.011811193078756332, -0.016679832711815834, -0.000705399492289871, -0.024027053266763687, -0.028301339596509933, -0.02756788209080696, 0.010780558921396732, 0.005083618685603142, 0.012557296082377434, 0.02845308929681778, -0.028857754543423653, 0.012253796681761742, 0.008542249910533428, -0.0038158753886818886, 0.007562198676168919, -0.01584520936012268, 0.00496980594471097, 0.048686396330595016, -0.003964463714510202, 0.022610720247030258, -0.002899053506553173, 0.03452308103442192, 0.05483226478099823, -0.02943946234881878, 0.01738799922168255, 0.029388878494501114, -0.01450475212186575, 0.03722928464412689, 0.0024469655472785234, 0.008403145708143711, 0.025999799370765686, -0.01651543751358986, 0.01102715265005827, -0.009086019359529018, 0.03409312292933464, -0.017628269270062447, -0.015769334509968758, 0.02997058629989624, 0.0218393262475729, 0.007258698809891939, -0.027340257540345192, -0.00988902896642685, 0.012386578135192394, 0.01693274825811386, 0.01313900388777256, -0.03953082486987114, -0.0019648438319563866, 0.0002349355781916529, 0.0025750044733285904, 0.00703107425943017, -0.0078087919391691685, -0.0020628490019589663, -0.021902555599808693, 0.03867090865969658, -0.01877903752028942, -0.013240170665085316, 0.027618464082479477, 0.0078087919391691685, 0.0007346429629251361, 0.004887608345597982, -0.02486167661845684, -0.0017324769869446754, 0.037279870361089706, -0.0038380054756999016, 0.014264482073485851, 0.01070468407124281, -0.017299477010965347, -0.0027868219185620546, 0.015364667400717735, -0.017539748921990395, -0.03325849771499634, -0.006708606146275997, 0.03320791572332382, 0.015111751854419708, 0.005703263450413942, 0.001177641679532826, 0.008491666056215763, 0.00847269780933857, -0.005924565251916647, 0.006117414217442274, 0.0041256980039179325, -0.002203533658757806, -0.0010827981168404222, 0.0077645317651331425, 0.0029812513384968042, -0.004365968517959118, 0.0256330706179142, 0.005140524823218584, 0.00933893583714962, -0.034270163625478745, 0.01205778680741787, 0.024482302367687225, 0.006009924691170454, -0.0007326670456677675, -0.05270776525139809, 0.025569843128323555, 0.05513576418161392, -0.010350601747632027, -0.019803348928689957, -0.002382155740633607, 0.013202233240008354, -0.01757768541574478, 0.016376333311200142, -0.017324769869446754, 0.020119495689868927, 0.01406214851886034, 0.01097024604678154, -0.018387017771601677, -0.016553374007344246, 0.0015238209161907434, -0.0037558076437562704, 0.007239730097353458, 0.00830830167979002, -0.008820457383990288, -0.008611801080405712, 0.010382215492427349, -0.0017862216336652637, -0.023293595761060715, 0.003487084060907364, -0.0077329170890152454, 0.020878244191408157, 0.006057346239686012, 0.03368845582008362, 0.00477695744484663, 0.027643756940960884, -0.007992156781256199, -0.01726154051721096, -0.0002402705285931006, -0.017565039917826653, 0.005301758646965027, 0.027669047936797142, 0.01716037467122078, 0.02584804967045784, -0.03409312292933464, -0.0040624686516821384, -0.01867787167429924, -0.05172139033675194, -0.0069172619841992855, 0.0068413871340453625, -0.028630129992961884, -0.004824379459023476, 0.04866110533475876, 0.00018929206999018788, 0.0007164645940065384, -0.0205241609364748, -0.004935030359774828, -0.025329571217298508, -0.016869520768523216, 0.008871040306985378, 0.01823526807129383, -0.01943662017583847, 0.009345258586108685, -0.03930319845676422, -0.03042583540081978, 0.020283890888094902, 0.03563591092824936, -0.009136603213846684, -0.03657170385122299, -0.012190567329525948, -0.016983332112431526, -0.006028893403708935, 0.005624227225780487, 0.004293255042284727, 0.027062049135565758, -0.012791244313120842, -0.010122976265847683, 0.0164016243070364, 0.01748916506767273, 8.377854101127014e-05, -0.0008701902697794139, -0.00483070220798254, -0.001593373017385602, 0.014416231773793697, -0.0031946494709700346, 0.014074794016778469, 0.004052984528243542, 0.0156555213034153, 0.027239089831709862, 0.024507593363523483, 0.024128219112753868, 0.019069891422986984, 0.022876283153891563, -0.00036791423917748034, 0.019272224977612495, -0.007265022024512291, -0.007265022024512291, 0.004211056977510452, -0.00333849573507905, 0.018083518370985985, -0.03500362113118172, 0.025923924520611763, 0.0003445985203143209, 0.014808251522481441, -0.019942453131079674, 0.01975276693701744, -0.022104889154434204, 0.025759529322385788, 0.01824791356921196, -0.009440102614462376, -0.034270163625478745, -0.024064989760518074, 0.005383956711739302, -0.015921084210276604, 0.032626207917928696, 0.022319866344332695, 0.009863737039268017, -0.0010835884604603052, -0.0042015728540718555, -0.008984853513538837, -0.0007164645940065384, 0.009825799614191055, 0.0027631111443042755, 0.015288792550563812, 0.02387530356645584, 0.02084030583500862, -0.0002993502130266279, 0.000628734240308404, -0.01428977306932211, -0.01134962122887373, -0.0037305159494280815, 0.014833543449640274, 0.014757668599486351, -0.007480000611394644, 0.018753746524453163, -0.003597734961658716, -0.02420409396290779, 0.030046461150050163, 0.0014131700154393911, -0.015794625505805016, 0.006240710616111755, 0.0010567160788923502, 0.011254777200520039, 0.0021181744523346424, 0.022648658603429794, 0.022395743057131767, 0.0478011891245842, 0.013606899417936802, 0.02278776280581951, -0.004764311481267214, 0.03290441632270813, -0.023546511307358742, -0.017640914767980576, -0.011020829901099205, 5.078085814602673e-05, 0.008554895408451557, -0.015301438979804516, 0.03950553387403488, 0.007277667988091707, 0.02433055266737938, -0.002208275720477104, 0.0064240749925374985, -0.0017482842085883021, -0.006537887267768383, -0.02398911491036415, 0.00456197839230299, -0.024279968813061714, 9.336169750895351e-05, 0.001512755872681737, -0.016679832711815834, 0.005794945638626814, -0.008535926230251789, -0.025607779622077942, 0.0046852752566337585, 0.010470736771821976, -0.026632091030478477, 0.007012105546891689, 0.02062532864511013, 0.014264482073485851, -0.007435740437358618, -0.009857414290308952, 0.02215547114610672, 0.026126258075237274, 0.008814134635031223, 0.006341877393424511, -0.027416132390499115, 0.014201252721250057, 0.011577245779335499, 0.012399223633110523, -0.0276943389326334, -0.0117859011515975, -0.02550661377608776, 0.015895791351795197, 0.004748504143208265, -0.0032136181835085154, 0.02832663059234619, 0.018627287819981575, 0.0032009724527597427, -0.011608860455453396, -0.004255317617207766, -0.02507665567100048, -0.039682574570178986, -0.024596113711595535, -0.014036856591701508, 0.00847269780933857, -0.020777078345417976, -0.013050483539700508, -0.0028042099438607693, -0.003920203540474176, -0.02072649449110031, -0.002801048569381237, 0.006310262717306614, -0.0068856473080813885, -0.00027287303237244487, 0.0015325149288401008, -0.011362266726791859, 0.02009420283138752, 0.006714928895235062, 0.0021387238521128893, 0.003389078890904784, -0.014087440446019173, -0.00043232887401245534, -0.01617399975657463, 0.02214282564818859, 0.015579646453261375, -0.006582147907465696, 0.016338394954800606, 0.023976469412446022, 0.004710566718131304, -0.004233187064528465, -0.01781795546412468, 0.029186546802520752, 0.012772275134921074, -0.002674590330570936, 0.0050709727220237255, 0.025038717314600945, 0.005289113149046898, 0.015301438979804516, 0.027542589232325554, -0.012803889811038971, -0.017615623772144318, 0.011969265528023243, -0.007239730097353458, 0.0156555213034153, -0.01952514238655567, 0.013202233240008354, 0.015503771603107452, -0.00035013107117265463, -0.0014819316565990448, 0.009882706217467785, 0.0328032486140728, 0.03550945594906807, 0.00689197052270174, -0.0026319106109440327, 0.002753626788035035, -0.006439882330596447, 0.04777589812874794, -0.008245072327554226, 0.009787862189114094, 0.02020801603794098, 0.019044600427150726, 0.03062816895544529, -0.007075334899127483, 0.023609740659594536, -0.007201792672276497, 0.005396602675318718, -0.02520311437547207, 0.008219781331717968, -0.010306340642273426, -0.0035787662491202354, 0.014947355724871159, -0.004482942167669535, -0.014972647652029991, 0.021586410701274872, -0.001028263010084629, -0.00966140441596508, -0.011684735305607319, 0.0263791736215353, 0.009383196011185646, 0.037203993648290634, 7.915985406725667e-06, -0.03768453374505043, 0.008782519958913326, -0.006854033097624779, -0.023546511307358742, 0.005722232162952423, 0.0017308961832895875, -0.005715909413993359, 0.0008275106665678322, -0.006123736966401339, 0.03798803314566612, -0.010995537973940372, -0.015453188680112362, 0.010717329569160938, -0.016490144655108452, -0.02888304553925991, 0.008068031631410122, -0.009307321161031723, 0.02086559869349003, -0.0010946535039693117, -0.0308305025100708, 0.006218580529093742, 0.007018428295850754, -0.00916821788996458, 0.007062688935548067, 0.005921403877437115, -0.014315064996480942, 0.018285851925611496, 0.00643039820715785, 0.002660363679751754, -0.025215759873390198, -0.029667086899280548, 0.025696299970149994, -0.014239190146327019, -0.011545631103217602, 0.010009163990616798, 0.006044700741767883, -0.0067655122838914394, 0.022319866344332695, 0.0010496028698980808, 0.03530712053179741, -0.002053364645689726, -0.00884574931114912, 0.015174980275332928, -0.04767473042011261, -0.016161354258656502, -0.04524673521518707, 0.005611581262201071, -0.02271188795566559, 0.00640826765447855, 0.013429857790470123, 0.011994557455182076, -0.007359865587204695, 0.021118514239788055, -0.008618124760687351, -0.005725393537431955, -0.00246909586712718, -0.013101066462695599, -0.021017348393797874, 0.009572883136570454, 0.01932280883193016, 0.02421673946082592, -0.002416931791231036, -0.00864341575652361, -0.025266341865062714, 0.03669816255569458, 0.01471973117440939, -0.024583468213677406, -0.01090701762586832, 0.033182624727487564, -0.027997838333249092, -0.013493087142705917, 0.002132400870323181, 0.01606018841266632, 0.038721490651369095, -0.006746543571352959, -0.02257278375327587, -0.05806959047913551, 0.004293255042284727, 0.0025275826919823885, 0.028276046738028526, 0.012791244313120842, -0.0019126798724755645, -0.003664125455543399, -0.006626408081501722, -0.0229142215102911, -0.024583468213677406, 0.029363587498664856, -0.03292970731854439, -0.019689537584781647, 0.02095411904156208, 0.014074794016778469, 0.02420409396290779, -0.02325565740466118, -0.01899401657283306, -0.025923924520611763, 0.008491666056215763, 0.0014993196818977594, 0.02257278375327587, 0.03217095881700516, -0.007043720223009586, 0.012076755054295063, -0.00502355070784688, 0.035231247544288635, 0.013075774535536766, -0.007157532498240471, -0.01724889501929283, 0.012386578135192394, -0.009749924764037132, 0.0005030664033256471, 0.0016218260861933231, -0.018311142921447754, 0.03745691105723381, 0.004236348904669285, 0.007151209749281406, 0.01287344191223383, -0.028377214446663857, 0.00933893583714962, 0.010287372395396233, -0.015352021902799606, -0.032626207917928696, -0.011804870329797268, -0.053365349769592285, -0.009218800812959671, -0.006493627093732357, -0.010628809221088886, 0.01912047527730465, -0.019386038184165955, -0.004694759380072355, 0.032398585230112076, 0.007486323826014996, 0.015465834178030491, 0.006288132630288601, -0.006145867053419352, -0.027188505977392197, 0.01987922377884388, 0.032954998314380646, -0.02964179590344429, -0.002897472819313407, -0.003030254039913416, -0.03525653854012489, -0.022977448999881744, 0.008099646307528019, -0.010856433771550655, -0.0008049852913245559, 0.007277667988091707, -0.005614742636680603, -0.02161170169711113, 0.023103907704353333, -0.00916821788996458, -0.01009136252105236, -0.0045999158173799515, -0.033157333731651306, -0.016705123707652092, -0.02205430530011654, 0.0024754186160862446, -0.022395743057131767, -0.005371310748159885, 0.003913880325853825, -0.0009689857251942158, 0.01703391596674919, 0.005254337098449469, -0.03510478883981705, -0.019740121439099312, -0.01869051717221737, 0.0192089956253767, -0.011463433504104614, 0.016211938112974167, 0.015099105425179005, -0.02086559869349003, -0.012076755054295063, 0.028604838997125626, 0.02756788209080696, 0.007606458850204945, 0.014593273401260376, 0.01943662017583847, -0.0017625107429921627, 0.008826780132949352, -0.009376873262226582, 0.01058454904705286, -0.010540288873016834, -0.03586353734135628, 0.024128219112753868, -0.0023299918975681067, 0.006967845372855663, -0.009598175063729286, -0.000448926497483626, -0.00713856378570199, 0.016022250056266785, -0.005750685464590788, -0.007587490137666464, 0.007859375327825546, -0.01724889501929283, -0.027239089831709862, -0.0019190027378499508, -0.025759529322385788, 0.02314184606075287, -0.001055135391652584, -0.011570923030376434, -0.03204450011253357, 0.007321928162127733, -0.010439122095704079, 0.02226928435266018, 0.011476079002022743, 0.029920002445578575, -0.029237128794193268, 0.005924565251916647, -0.013809232041239738, 0.01781795546412468, -0.0034428236540406942, 0.008978529833257198, 0.004448166117072105, 0.025569843128323555, 0.005001420620828867, -0.0059846327640116215, 0.018412310630083084, -0.049672771245241165, -0.006360846105962992, -0.004833863582462072, -0.0036736098118126392, 0.016136063262820244, -0.01422654464840889, -0.031184585765004158, -0.004852832295000553, 0.03376433253288269, -0.016136063262820244, 0.0059087579138576984, -0.006266002543270588, -0.042287614196538925, 0.005143686197698116, 0.010249434970319271, 0.005741200875490904, 0.075520820915699, -0.0023157652467489243, -0.030805209651589394, 0.005975148640573025, 0.027289673686027527, -0.002034395933151245, -0.004346999805420637, -0.0017783180810511112, 0.004558817017823458, -0.012038817629218102, 0.02792196348309517, -0.026202132925391197, -0.006142705678939819, -0.015364667400717735, 0.0077961464412510395, -0.007176501210778952, -0.024570822715759277, 0.0055325450375676155, -0.0077961464412510395, -0.033612582832574844, -0.010243112221360207, 0.0007129079313017428, 0.016679832711815834, -0.007979510352015495, -0.004495588131248951, 0.026353882625699043, -0.002078656107187271, 0.0005682713817805052, -0.005033035296946764, -0.047851771116256714, 0.023065971210598946, -0.02465934306383133, 0.016894811764359474, 0.0006895922124385834, 0.007872020825743675, -0.01900666393339634, -0.002339476253837347, 0.016970686614513397, 0.0069172619841992855, -0.01890549622476101, -0.024684635922312737, -0.0375833697617054, 3.974046921939589e-05, -0.010439122095704079, -0.0014534785877913237, -0.007258698809891939, 0.00017565830785315484, -0.02325565740466118, 0.03700166195631027, 0.0072713447734713554, 0.010698361322283745, -0.001873161643743515, 0.022661304101347923, 0.009206155315041542, 0.0016866358928382397, -0.000474218133604154, -0.009914320893585682, -0.010186205618083477, -0.0021608539391309023, -0.003366948803886771, 0.0022999579086899757, -0.0006204353994689882, 0.030122336000204086, 0.01955043338239193, -0.0019063568906858563, -0.003989755176007748, 0.002312603872269392, -0.030223503708839417, 0.03255033493041992, 0.011811193078756332, 0.018058227375149727, 0.003610380692407489, -0.008105969056487083, -0.006670668721199036, 0.016995977610349655, 0.025139885023236275, 0.03996078297495842, 0.007543229963630438, -0.017337415367364883, -0.010755267925560474, -0.016667187213897705, -0.008004802279174328, -0.03343554213643074, -0.018918141722679138, 0.014441522769629955, 0.0029164415318518877, -0.01428977306932211, -0.014239190146327019, 0.022737178951501846, 0.0013001480838283896, -0.017653560265898705, 0.011103027500212193, 0.0012954059056937695, -0.01583256386220455, -0.01888020522892475, 0.025683654472231865, -0.0059498571790754795, -0.02943946234881878, 0.00029875742620788515, 0.009920643642544746, -0.004188926890492439, -0.003366948803886771, 0.015288792550563812, -0.015288792550563812, 0.00978153944015503, -0.021700222045183182, -0.002159273251891136, -0.017957059666514397, -0.036419954150915146, 0.004536686930805445, 0.00786569807678461, -0.004811733495444059, 0.016856873407959938, -0.009598175063729286, 0.01477031409740448, -0.021953139454126358, 0.012114692479372025, -0.004694759380072355, 0.013227525167167187, 0.019082538783550262, -0.0021703382954001427, -0.0077329170890152454, -0.0028136943001300097, 0.001543580088764429, -0.021333493292331696, -0.015010585077106953, -0.0040498231537640095, 0.0016803129110485315, -0.030881086364388466, 0.0006208305712789297, 0.027997838333249092, 0.0024801609106361866, 0.014024211093783379, -0.02562042511999607, -0.008984853513538837, -0.010767913423478603, -0.047598857432603836, -0.0005085989832878113, -0.01791912317276001, 0.0009263061219826341, -0.025759529322385788, -0.00978153944015503, 0.005127878859639168, 0.009863737039268017, 0.009977549314498901, 0.018741101026535034, 0.04271756857633591, 0.21042639017105103, -0.026682674884796143, -0.007125917822122574, 0.01671777106821537, -0.00047342778998427093, 0.036318786442279816, 0.028149588033556938, 0.0031677770894020796, -0.0004568301374092698, 0.009572883136570454, -0.003487084060907364, -0.03310674801468849, -0.03768453374505043, 0.017881184816360474, 0.01877903752028942, -0.01703391596674919, -0.02106793224811554, -0.03573707863688469, 0.002026492264121771, -0.0233315322548151, 0.0030223503708839417, -0.008535926230251789, 0.013986273668706417, -0.0036514797247946262, 0.033283792436122894, 0.007979510352015495, 0.0010219401447102427, -0.010932308621704578, 0.035661205649375916, -0.009421133436262608, -0.020334474742412567, -0.007018428295850754, -0.0033732717856764793, 0.002957540564239025, -0.01238025538623333, -0.008668707683682442, -0.013455149717628956, -0.017071852460503578, 0.007189147174358368, 0.026429757475852966, 0.004710566718131304, 0.005728555377572775, -0.040542490780353546, 0.002483322285115719, -0.010287372395396233, 0.0402136966586113, -0.0013143746182322502, -0.02726438082754612, 0.025557195767760277, -0.0068097724579274654, -0.030653459951281548, -0.022749824449419975, -0.008744582533836365, 0.01318958681076765, 0.00436912989243865, 0.019373392686247826, -0.0017056046053767204, 0.01155827660113573, -0.02084030583500862, 0.026151549071073532, -0.011153610423207283, 0.01694539561867714, -0.02344534546136856, 0.03781099244952202, -0.010135622695088387, 0.002388478722423315, -0.005197430960834026, -0.023761490359902382, 0.008656062185764313, -0.02431790716946125, 0.0008820457733236253, -0.022496908903121948, -0.007144886534661055, 0.0077329170890152454, 0.006006763316690922, -0.024570822715759277, 0.004950837232172489, 0.03174100071191788, 0.026126258075237274, 0.045980192720890045, -0.012418192811310291, 0.013391920365393162, -0.009440102614462376, 0.007391480263322592, -0.006986814085394144, -0.029717670753598213, 0.014239190146327019, -0.007916281931102276, -0.04216115549206734, -0.017438581213355064, -0.0007136983331292868, -0.01996774598956108, -0.0051689776591956615, 0.017097145318984985, 0.02400176040828228, 0.027669047936797142, 0.02974296174943447, 0.0208529531955719, 0.0025212597101926804, -0.01401156559586525, -0.01308842096477747, 0.043805111199617386, 0.007928927429020405, 0.017843248322606087, -0.0031440663151443005, 0.016426917165517807, 0.0011649959487840533, -0.008428436703979969, 0.0041920882649719715, -0.006721251644194126, -0.013998919166624546, -0.018273206427693367, -0.00983212236315012, -0.022876283153891563, -0.0013752325903624296, -0.0029069571755826473, 0.020132141187787056, -0.01681893691420555, -0.01378394104540348, -0.025708945468068123, 0.023091262206435204, -0.042515236884355545, -0.019487204030156136, 0.008776197209954262, -0.01746387407183647, -0.01227276585996151, -0.004634691867977381, -0.004618884529918432, 0.0022636011708527803, 0.0020612680818885565, 0.010666746646165848, -0.029262421652674675, 0.008877363987267017, -0.013594252988696098, 0.00026417901972308755, 0.021017348393797874, 0.007043720223009586, 0.012247473932802677, -0.01737535186111927, -0.0056305499747395515, -0.010287372395396233, -0.01780530996620655, -0.023736199364066124, -0.00836520828306675, 0.011121995747089386, -0.0073472196236252785, 0.018412310630083084, -0.014947355724871159, -0.009471717290580273, -0.005750685464590788, -0.0438556931912899, 0.028149588033556938, 0.013442503288388252, -0.023508574813604355, 5.4979664128040895e-05, -0.009952258318662643, -0.01493471022695303, -0.02096676453948021, -0.02149788849055767, -0.01048970501869917, -0.025607779622077942, -0.0006733897607773542, -0.009364227764308453, 0.006474658381193876, -0.0074104489758610725, 0.004659983795136213, -0.15508830547332764, 0.014087440446019173, 0.003136162646114826, -0.03247445821762085, 0.0065758246928453445, 0.008333593606948853, -0.0012630010023713112, 0.004568301606923342, -0.007201792672276497, -0.0107995280995965, -0.009775216691195965, -0.014441522769629955, -0.03356199711561203, 0.009079696610569954, 0.0015269824070855975, -0.009838446043431759, 0.014960001222789288, 0.015440543182194233, 0.040238991379737854, 0.022218700498342514, 0.01255097333341837, -0.03639466315507889, 0.006594793405383825, -0.01900666393339634, -0.013151649385690689, -0.028630129992961884, -0.014479460194706917, 0.006936230696737766, -0.017350060865283012, -0.005595773924142122, -0.024128219112753868, -0.008915301412343979, 0.03290441632270813, 0.015086459927260876, -0.006465173792093992, 0.020018327981233597, 0.005444024223834276, -0.013214878737926483, -0.025241050869226456, 0.009130279533565044, -0.006152190268039703, 0.03282853960990906, -0.022332513704895973, 0.021978430449962616, 0.00878884270787239, 0.03808920085430145, 0.009282030165195465, -0.018424956128001213, -0.019689537584781647, -0.002181403571739793, -0.014416231773793697, -0.010925985872745514, 0.00034202984534204006, 0.006389298941940069, -0.005671648774296045, -0.01449210662394762, 0.0006536306464113295, 0.014302419498562813, -0.00868135318160057, 0.0036008963361382484, 0.0017214118270203471, -0.03009704500436783, -0.0054788002744317055, 0.016338394954800606, 0.013265462592244148, -0.013695419766008854, -0.006243871990591288, -0.0017135082744061947, -0.028933629393577576, -0.0016550213331356645, -0.0030666105449199677, 0.005200592335313559, -0.0023173459339886904, -0.012494067661464214, 0.015895791351795197, 0.007954219356179237, -0.019499849528074265, -0.012500390410423279, -0.015908438712358475, -0.000339263555360958, -0.0177167896181345, 0.0017293154960498214, -0.03836740925908089, -0.02454553171992302, -0.013809232041239738, 0.01152033917605877, 0.014378294348716736, -0.0035028913989663124, -0.003281589597463608, -0.0013776037376374006, 0.006847709883004427, -0.0248869676142931, 0.0010859594913199544, -0.02584804967045784, 0.009130279533565044, 0.017628269270062447, -0.005529383663088083, -0.009547592140734196, -0.0009310483001172543, -0.014175960794091225, 0.0006433559465222061, -0.008921624161303043, -0.007277667988091707, -0.0029196031391620636, 0.02498813532292843, -0.017236249521374702, -0.020271245390176773, 0.018538767471909523, 0.012746984139084816, -0.022496908903121948, 0.024823738262057304, 0.018854914233088493, 0.005855013150721788, 0.014163315296173096, -2.6477178835193627e-05, 0.016325749456882477, 0.010565579868853092, -0.002360025653615594, -0.010641454719007015, 0.008510635234415531, 0.050557978451251984, -0.016034895554184914, -0.00158863072283566, 0.007435740437358618, -0.012721692211925983, -0.00983212236315012, -0.10410036891698837, 0.00678448099642992, 0.025038717314600945, 0.008371531032025814, 0.009648758918046951, -0.0011887068394571543, -0.0011918682139366865, 0.019411329180002213, -0.008795165456831455, -0.01102715265005827, -0.028832463547587395, -0.023268302902579308, 0.015579646453261375, -0.008959561586380005, 0.029262421652674675, -0.010148268193006516, 0.003920203540474176, -0.012652140110731125, -0.0002479765680618584, 0.028503671288490295, 0.0011199451982975006, -0.01042015291750431, -0.009509654715657234, -0.008219781331717968, -0.025430738925933838, 0.008529603481292725, -0.0007409658282995224, 0.01738799922168255, 0.008327270857989788, 0.010078716091811657, -0.017413290217518806, 0.0003934034612029791, 0.025152530521154404, 0.0035819276235997677, -0.006329231429845095, -0.002856374019756913, -0.013126358389854431, -0.02431790716946125, 0.027517298236489296, -0.009800508618354797, 0.007555875927209854, -0.004805410280823708, -0.017640914767980576, -0.024343198165297508, 0.00781511515378952, -0.023065971210598946, -0.027062049135565758, 0.006620085332542658, -0.018513476476073265, -0.016376333311200142, -0.019575724378228188, -0.011096704751253128, -0.010514996945858002, -0.008403145708143711, 0.040112532675266266, -0.0257215928286314, 0.010097685270011425, 0.008251396007835865, -0.02726438082754612, -0.01244348380714655, 0.01221585925668478, 0.01638897880911827, -0.0017814794555306435, -0.001797286793589592, 0.020549451932311058, 0.004081437364220619, -0.017552394419908524, -0.007947895675897598, 0.008143906481564045, 0.0012219020863994956, -0.014264482073485851, 0.008864717558026314, -0.02400176040828228, 0.017969707027077675, -0.03227212652564049, 0.015339376404881477, 0.005194269586354494, -0.02541809156537056, -0.0022462133783847094, -0.0041478280909359455, -0.020460931584239006, -0.003926526289433241, 0.0034238549415022135, -0.005266983062028885, 0.028933629393577576, 0.007834083400666714, 0.007075334899127483, 0.019828641787171364, 0.01986657828092575, -0.006803449708968401, 0.017742080613970757, 0.03657170385122299, 0.0009847930632531643, 0.012329671531915665, 0.009579206816852093, 0.0017119274707511067, -0.011299037374556065, -0.010173560120165348, 0.029186546802520752, 0.03401724994182587, -0.017994998022913933, -0.009990195743739605, -0.027441423386335373, 0.006111091002821922, 0.004618884529918432, 0.020460931584239006, 0.011128319427371025, -0.01248142123222351, -0.00640826765447855, 0.010654101148247719, 0.015807271003723145, 0.0029164415318518877, -0.003028673119843006, 0.006088960915803909, 0.030805209651589394, -0.004634691867977381, -0.0443362332880497, 0.003641995368525386, 0.03277795761823654, -0.00230786157771945, 0.013202233240008354, 0.006910939235240221, -0.002693559043109417, 0.003161454340443015, -0.009901674464344978, 0.014782960526645184, -0.035028912127017975, -0.0060383775271475315, 0.002976509276777506, 0.007012105546891689, -0.005374472122639418, 0.001074894447810948, -0.005308081861585379, -0.027492007240653038, -0.004065630026161671, 0.026783840730786324, -0.029995879158377647, -0.01726154051721096, -0.004843348171561956, 0.022433679550886154, 0.01901930943131447, 0.0718788281083107, -0.018842266872525215, -0.014036856591701508, 0.020283890888094902, -0.044690318405628204, -0.005301758646965027, -0.007947895675897598, -0.023483281955122948, -0.0029101187828928232, 0.00390755757689476, -0.020271245390176773, 0.03540828824043274, 0.015554355457425117, -0.005747524090111256, -0.028402505442500114, -0.015984313562512398, -0.021889910101890564, -0.012076755054295063, 0.0029686056077480316, -0.010729975998401642, -0.022964803501963615, 0.021232327446341515, -0.005393440835177898, -0.009775216691195965, 0.00782776065170765, 0.003208876121789217, 0.010647778399288654, 0.007157532498240471, -0.01823526807129383, 0.020271245390176773, -0.005225883796811104, -0.013834523968398571, 0.026227423921227455, 0.015516418032348156, -0.01210836973041296, 0.009844768792390823, -0.00125588767696172, -0.005665326025336981, -0.01406214851886034, 0.00912395678460598, 0.0064873043447732925, 0.007701302412897348, 0.017084499821066856, -0.033941373229026794, 0.00978153944015503, 0.03690049424767494, 0.03821565955877304, -0.016528083011507988, 0.0069172619841992855, 0.004498749505728483, -0.018968725576996803, -0.019246933981776237, -0.012437161058187485, -0.012291734106838703, 0.02974296174943447, 0.006212257780134678, 0.004362807143479586, -0.012399223633110523, -0.0022999579086899757, 0.018387017771601677, 0.004024531226605177, 0.006986814085394144, 0.007587490137666464, -0.005813914351165295, -0.023837365210056305, -0.013379274867475033, -0.004764311481267214, 0.0026809133123606443, -0.02097941003739834, -0.005352342035621405, 0.00857386365532875, -0.002230406040325761, 0.001980651170015335, -0.0025339056737720966, 0.0026840746868401766, -0.013670128770172596, 0.010217820294201374, 0.011741640977561474, -0.009844768792390823, -0.0195377878844738, 0.02235780470073223, 0.02378678135573864, 0.013885106891393661, 0.012203213758766651, 0.02496284246444702, 0.01923428848385811, 0.019259579479694366, 0.010078716091811657, -0.023976469412446022, 0.005270144436508417, -0.01999303698539734, 0.0009207735420204699, 0.0029891550075262785, -0.03856974095106125, 0.004217380192130804, -0.016540728509426117, -0.03869619965553284, 0.01363219041377306, -0.006417752243578434, 0.006035216152667999, 0.08841955661773682, 0.0305017102509737, -0.024343198165297508, 0.006259679328650236, 0.016743062064051628, -0.012348640710115433, -0.02617684192955494, 0.013202233240008354, -0.022775117307901382, 0.01965159922838211, 0.03996078297495842, -0.008757228031754494, 0.015529063530266285, -0.01912047527730465, -0.01583256386220455, 0.035989996045827866, -0.007954219356179237, 0.03244916722178459, -0.014036856591701508, 0.022610720247030258, 0.01705920696258545, -0.011393881402909756, 0.011318006552755833, -0.01813410222530365, -0.031336333602666855, -0.008409468457102776, 0.03652111813426018, 0.00626916391775012, -0.006057346239686012, -0.0013175361091271043, -0.0050488426350057125, -0.006313424091786146, -0.010951277799904346, -0.016034895554184914, 0.014555335976183414, -0.022193409502506256, 0.0020691717509180307, -0.014036856591701508, -0.009623466990888119, 0.003695740131661296, -0.013935690745711327, 0.010508674196898937, -0.025569843128323555, -0.01542789675295353, 0.012329671531915665, 0.0058961124159395695, 0.004720051307231188, -0.02878187969326973, 0.005235368385910988]"
"La perturbación del sueño puede ser estresante y exhausto para los cuidadores, por lo cual se les alienta que soliciten ayuda con este problema. Existen condiciones médicas que pueden afectar el sueño. La depresión y la ansiedad pueden causar el despertar precoz, las dificultades en volver a dormir y la mala calidad del sueño. El síndrome de piernas inquietas es un trastorno que causa sensaciones molestas en las piernas, las cuales provocan el impulso de moverlas. La apnea del sueño es un patrón respiratorio que produce la mala calidad del sueño. La inquietud durante la noche (por ejemplo, mover, golpear o tener sueños vívidos) puede perturbar a los patrones normales del sueño. Las enfermedades, tal como la angina y la insuficiencia cardíaca congestiva pueden afectar a los patrones del sueño. Quien experimente estos síntomas debe consultar a su médico.
Determinando la(s) causa(s): Es importante intentar resolver lo que está causando el problema de sueño. Es posible que existan múltiples factores: el ambiente, la rutina diaria, tener una mascota, el efecto de la demencia y/o los medicamentos. Determinar la causa es un paso importante hacia decidir cómo manejar o tratar la alteración del sueño. A veces es útil mantener un registro o un diario para averiguar si existe un patrón relacionado con el problema. Por ejemplo, una cuidadora durmió en la habitación de su madre y descubrió que entraba una luz brillante desde una farola y que un vecino arrancaba su coche por la mañana. Al trasladar a su madre a una habitación más tranquila y oscura, ambas lograron dormir mejor. Si usted padece de insomnia, es posible que experimente algunos de los siguientes síntomas: Tardar mucho tiempo (más de 30 a 45 minutos) para dormirse; Despertar varias veces cada noche; Despertar temprano y no poder dormirse de nuevo; Despertar con cansancio y estar sin ánimo a través del día.
Manejando y tratando los problemas del sueño: Existen opciones farmacéuticas y no farmacéuticas para el tratamiento del sueño interrumpido. La mayoría de los expertos promueven el uso de las estrategias no farmacéuticas. Los medicamentos para dormir están relacionados con una mayor probabilidad de caídas y otros factores de riesgo. Las siguientes estrategias pueden ser utilizadas por la persona con demencia y/o por el cuidador.
Si usted quiere establecer el ambiente apropiado para dormir, entonces: Mantenga una rutina regular (acuéstese y levántese a la misma hora todos los días); Intente hacer ejercicio diariamente, lo cual no se debe realizar menos de tres horas antes de la hora de acostarse; Asegúrese que la temperatura ambiental sea cómoda; Reduzca el consumo de líquidos antes de acostarse; Trate de no dormir siestas durante el día, o tome una siesta breve (menos de 20 minutos) antes de las 15:00; Mantenga la habitación tan oscura y callada como sea posible o utilice una iluminación nocturna si es necesaria pero es posible que la luz interrumpa el ciclo de sueño; Es posible que las actividades tranquilas al final del día y antes de acostarse ayuden a mejorar la calidad del sueño; Evite las películas y los programas de TV violentos (el contenido y las imágenes fuertes pueden ser inquietantes); Tome en cuenta que los cambios ambientales, tal como las mudanzas o la visita inesperada pueden ser perturbadores y confusos para la persona con demencia; Evite el alcohol y los productos que contienen cafeína (el té, el chocolate y la soda) y nicotina ya que éstos pueden causar estimulación excesiva e interferir con el sueño; Expóngase a la luz natural por varias horas cada día, con lo cual se pueden mejorar los patrones día-noche; En cuanto a la persona con demencia, evite que mantengan puesta la misma ropa durante día y noche; la ropa puede ser una señal que es hora de estar despierto.
Si usted está considerando tomar medicamentos para dormir, entonces considere lo siguiente: Siempre consulte a su médico antes de empezar a tomar medicamentos de venta libre para dormir ya que muchos pueden empeorar la confusión y algunos (tal como Tylenol) contienen Benadryl, lo cual puede empeorar el sueño y provocar el desconcierto en la gente mayor; Pregunte a su médico si alguno de sus medicamentos actuales le podría estar causando el sueño interrumpido; Si la persona con demencia está tomando un inhibidor de la colinesterasa (Donepezil, Rivastigmine, o Galantamine), evite dar este medicamento por la noche y mejor déselo por la mañana; Tome en cuenta que los medicamentos para dormir tienen riesgos para las personas con demencia, incluso el desequilibrio, las caídas, las fracturas y la confusión; Considere la pertinencia de un medicamento para dormir, los inhibidores selectivos de la recaptación de serotonina (SSRI) se utilizan comúnmente (e.g. Trazodone); Cada vez que se le recete un medicamento nuevo, asegúrese de hacer preguntas a su médico acerca de los posibles riesgos y beneficios, y también pregunte sobre otras opciones disponibles de tratamiento.
Hay otras cosas que debes considerar: Asegúrese que está tratando las condiciones médicas que podrían causar dolor o incomodidad, considere tomar un analgésico a la hora de dormir si se lo consiente su médico; No recurra al encierro para mantener a una persona con demencia en la cama ya que esto puede provocar la agitación y el deseo de escapar, lo cual puede resultar en una caída o lesión; Considere la instalación de alarmas en puertas y ventanas si existe la posibilidad de que la persona con demencia deambule fuera de la casa por la noche (es posible que usted pueda dormir mejor sabiendo que será alertado por el sistema si ocurre este suceso); Considere un inodoro junto a la cama si el levantarse para usar el baño por la noche perturba el sueño; Si piensa que la hambre por la noche es un problema entonces consuma una merienda ligera antes de acostarse; Use el baño justo antes de acostarse para evitar despertarse por la noche; Considere la contratación de cuidado a domicilio durante la noche para que usted como cuidador pueda descansar; Existe evidencia de que la meditación y la práctica de cultivar la atención mejoran la calidad del sueño.","[0.00765095092356205, 0.014174526557326317, 0.06414638459682465, -0.028349053114652634, -0.01312315370887518, 0.02657565288245678, -0.0033124564215540886, -0.010887403972446918, -0.02332019992172718, 0.005830049980431795, -0.015238565392792225, 0.04993385449051857, 0.013034484349191189, 0.028501057997345924, -0.0036639694590121508, 0.006016890052706003, 0.025726955384016037, 0.010691063478589058, 0.032326534390449524, -0.010108374990522861, -0.010615061037242413, -0.0035309644881635904, -0.0035341312177479267, 0.014934554696083069, -0.0050256866961717606, 0.0265249852091074, 0.000642461352981627, -0.020736103877425194, 0.0036291347350925207, -0.0004104943946003914, 0.024042226374149323, -0.008778326213359833, -0.007631950080394745, -0.005963054485619068, -0.012141450308263302, -0.011577763594686985, -0.0031161156948655844, -0.017809994518756866, 0.01983673684298992, -0.02288951724767685, 0.017632653936743736, 0.021065449342131615, -0.0029530262108892202, -0.002137579256668687, 0.0055640400387346745, 0.02305418998003006, -0.015567910857498646, -0.006289233453571796, -0.022420832887291908, 0.029514428228139877, 0.0021154119167476892, 0.010906404815614223, -0.032959889620542526, -0.0018446517642587423, 0.016327939927577972, -0.018126672133803368, -0.005377199500799179, 0.02316819317638874, 0.017328644171357155, -0.025714287534356117, -0.0016847292426973581, -0.002839022083207965, -0.012166785076260567, 0.027665026485919952, 0.0005359782371670008, 0.019824068993330002, -0.003410626668483019, -0.020394090563058853, 0.012705137953162193, -0.0034992964938282967, 0.03947079926729202, 0.013566503301262856, 1.6514284652657807e-05, -0.014858551323413849, 0.010222379118204117, 0.01126108504831791, -0.006567910313606262, -0.007023927289992571, 0.007720619905740023, 0.007410275284200907, 0.014503872022032738, -0.017075300216674805, -0.06166362389922142, 0.014022520743310452, 0.015238565392792225, 0.025942295789718628, 0.009209008887410164, 0.008828994818031788, -0.0263983141630888, -0.005722379311919212, -0.007441943045705557, 0.010304715484380722, 0.01155242882668972, 0.005364532582461834, 0.011843772605061531, 0.017176637426018715, 0.0066629140637815, 0.0034644620027393103, -0.025486279278993607, -0.032782550901174545, -0.01916537806391716, 0.011033075861632824, -0.04324560612440109, 0.0010442470666021109, 0.00021316416678018868, -0.011204082518815994, 0.011983111500740051, -0.001983990427106619, 0.005003518890589476, -0.02261083945631981, -0.028095709159970284, 0.012793808244168758, -0.002981527242809534, -0.01609993167221546, 0.009728360921144485, -0.004531668033450842, 0.010627727955579758, 0.0194440558552742, 0.0021011612843722105, -0.047375090420246124, 0.010710064321756363, 0.016771288588643074, 0.005212526768445969, -0.018177341669797897, -0.0007366731879301369, -0.008429979905486107, -0.0030765309929847717, 0.004686840809881687, -0.016479944810271263, -0.018329346552491188, -0.04258691519498825, -0.0013213406782597303, 0.01149542722851038, -0.01516256295144558, -0.01152709499001503, 0.005282196216285229, -0.024194231256842613, -0.020951444283127785, -0.009975370019674301, -0.03422660380601883, 0.01577058620750904, 0.00659324461594224, -0.040636174380779266, -0.020710768178105354, 0.017759326845407486, 0.039014782756567, 0.006374736782163382, -0.009975370019674301, 0.005237861070781946, 0.0269049983471632, 0.013313161209225655, -0.03012245148420334, -0.011704434640705585, -0.0263983141630888, -0.006371569819748402, 0.020761437714099884, 0.002364004496484995, 0.014757214114069939, -0.036582689732313156, -0.02314285933971405, 0.03784940391778946, -0.020280085504055023, 0.017379311844706535, 0.003108198754489422, 0.0028928574174642563, 0.020216749981045723, -0.006390570662915707, 0.002254750346764922, 0.002158163348212838, 0.00962069071829319, -0.0044366647489368916, 0.012166785076260567, -0.03027445636689663, 0.018000001087784767, 0.016302606090903282, -0.00777762196958065, 0.007023927289992571, 0.013275159522891045, -0.029311755672097206, -0.021192120388150215, -0.019824068993330002, -0.00801829807460308, 0.01316115539520979, 0.03349190950393677, -0.04481633007526398, -0.009342013858258724, 0.03156650438904762, 0.0029466927517205477, 0.002017241669818759, -0.0034676287323236465, -0.012312456965446472, -0.005044687073677778, 0.0021169951651245356, -0.03014778532087803, -0.6205883622169495, -0.019786067306995392, 0.012173119001090527, 0.002154996618628502, 0.020128080621361732, 0.020875440910458565, 0.02258550561964512, 0.013313161209225655, -4.312269447837025e-05, -0.04461365565657616, 0.009969037026166916, 0.012160451151430607, -0.0045950040221214294, -0.028399720788002014, -0.0007402357878163457, -0.016961297020316124, -0.02649965137243271, -0.01585925556719303, 0.018215343356132507, 0.036304015666246414, 0.016720620915293694, 0.014491205103695393, -0.002045742701739073, 0.01983673684298992, 0.012629135511815548, -0.008778326213359833, -0.009608023799955845, -0.02351020649075508, 0.011729768477380276, 0.025397609919309616, 0.001144792535342276, 0.013781844638288021, 0.005332864820957184, 0.03050246648490429, 0.05867417901754379, -0.03374525159597397, 0.008106967434287071, 0.036684028804302216, 0.0029435260221362114, 0.04180155321955681, -0.003391625825315714, -0.01167909987270832, 0.03227586671710014, -0.011007742024958134, 0.010615061037242413, -0.013376496732234955, 0.003651302307844162, -0.012154118157923222, 1.3124836186761968e-05, 0.027969038113951683, 0.028323717415332794, 0.013135820627212524, -0.019849402830004692, -0.002351337345317006, 0.025878960266709328, 0.020381422713398933, 0.021635469049215317, -0.03726671636104584, -0.01175510324537754, -0.001998240826651454, -0.0007382565527223051, 0.021065449342131615, 0.006200563628226519, -0.00673258351162076, -0.028602395206689835, 0.056242089718580246, -0.016289938241243362, -0.020381422713398933, 0.01952005736529827, -0.011894441209733486, -0.00941168237477541, 0.026018299162387848, -0.025802958756685257, 0.028729066252708435, 0.031819846481084824, 0.007302604615688324, 0.006776918191462755, 0.015403238125145435, -0.00767628476023674, -0.009088670834898949, -0.002637931378558278, 0.005833216477185488, -0.04479099437594414, -0.0010616644285619259, 0.04544968903064728, -0.01328782644122839, -0.006966925226151943, 0.006080225575715303, -0.021622803062200546, 0.0012485047336667776, -0.0005019353120587766, 0.007631950080394745, 0.009601689875125885, -0.005782547872513533, -0.028627729043364525, 0.005617875140160322, -0.007435609586536884, 0.010051373392343521, 0.02223082445561886, -0.005595707800239325, 0.014453203417360783, -0.004731175489723682, -0.025929629802703857, 0.0026395146269351244, 0.03810274973511696, 0.0027076005935668945, -0.027842367067933083, -0.003952146507799625, 0.032503873109817505, -0.03065447136759758, -0.0033504576422274113, 0.014250528998672962, 0.02234482951462269, -0.03404926508665085, 0.018063336610794067, -0.012711471877992153, 0.012261788360774517, 0.007695285603404045, 0.009012668393552303, -0.00479451147839427, -0.01910204254090786, -0.006381070241332054, 0.013376496732234955, -0.0030591136310249567, 0.016644617542624474, -0.0026885997503995895, 0.0046108379028737545, 0.01566924899816513, -0.017987335100769997, -0.02655031904578209, -0.017911331728100777, -0.012230120599269867, -0.0006155436858534813, -0.009057003073394299, 0.006282899994403124, -0.006643913220614195, 0.013477833941578865, 0.0046266717836260796, 0.008157636038959026, -0.014921886846423149, -0.014478537254035473, -0.020774103701114655, 0.012812809087336063, 0.005193525925278664, 0.01308515202254057, -0.03219986334443092, -0.005260028410702944, -0.016961297020316124, -0.024194231256842613, 0.0013609254965558648, -0.021977482363581657, -0.04147220775485039, -0.01931738294661045, 0.03526530787348747, -0.004949683789163828, 0.007163265720009804, -0.026119636371731758, 0.005279029253870249, -0.039496131241321564, -0.0009809114271774888, 0.017024632543325424, 0.01971006579697132, -0.036152008920907974, 0.018620692193508148, -0.03331457078456879, -0.033035892993211746, 0.025726955384016037, 0.00787895917892456, -0.04496833682060242, -0.027690362185239792, -0.0008059465908445418, 0.004984518513083458, -0.0014068438904359937, 0.007207600865513086, 0.014605209231376648, 0.0018921535229310393, -0.01570725068449974, -0.028298383578658104, -0.006688248366117477, 0.012781141325831413, 0.0033061227295547724, 0.012812809087336063, -0.0037209715228527784, -0.01859535649418831, 0.02248416841030121, 0.01158409658819437, 0.011565095745027065, 0.0024051726795732975, 0.0027186842635273933, 0.03374525159597397, 0.02278818003833294, 0.0016625616699457169, 0.010076707229018211, -0.0009294511983171105, -0.007986629381775856, -0.008980999700725079, 0.007733287289738655, 0.003600633703172207, -0.003990148194134235, 0.007042928133159876, 0.027614358812570572, -0.009171007201075554, 0.0017179804854094982, -0.014187193475663662, 0.0197607334703207, -0.021648136898875237, 0.032833218574523926, -0.0055640400387346745, 0.02733568102121353, 0.002161330310627818, -0.010570725426077843, -0.012920479290187359, 0.004712175112217665, -0.008575651794672012, -0.00383814238011837, 0.032047856599092484, -0.004138987045735121, 0.01910204254090786, 0.010298382490873337, -0.020786771550774574, -0.025460945442318916, 0.008892330341041088, 0.0069099231623113155, 0.004930682945996523, 0.006244898308068514, 0.013110486790537834, 0.015517243184149265, -0.032807882875204086, 0.013743843883275986, -0.0008510732441209257, -0.03364391624927521, -0.006814919877797365, 0.004335327539592981, 0.0385080948472023, -0.006688248366117477, 0.036506690084934235, 0.002663265448063612, -0.02720900997519493, 0.02339620143175125, -0.008885996416211128, -0.01582125388085842, -0.0049908519722521305, 0.02337086759507656, -0.00336629175581038, -0.001284922705963254, 0.01870936155319214, 0.004256158135831356, 0.02698100171983242, 0.0112864188849926, -0.0015754752093926072, 0.02352287247776985, 0.004449331667274237, -0.03465728834271431, 0.0026727658696472645, -0.015618579462170601, -0.01929204910993576, 0.021559467539191246, -0.010488389059901237, 0.04474032670259476, 0.0067199161276221275, 0.024295568466186523, 0.0014377200277522206, -0.004740675911307335, 0.0026284309569746256, 0.00278835347853601, -0.008372977375984192, 0.020330755040049553, -0.025384942069649696, 0.00472167506814003, 0.0050256866961717606, -0.023953555151820183, 0.007435609586536884, 0.005051020998507738, -0.017797326669096947, 0.028855737298727036, -0.0027076005935668945, -0.028703732416033745, -0.008201970718801022, 0.02680366113781929, 0.017442647367715836, -0.00011004575208062306, -0.00384130934253335, 0.028881072998046875, 0.016277270391583443, 0.007593948394060135, -0.005478536710143089, -0.010437720455229282, 0.02367487922310829, -0.006083392538130283, 0.004252991173416376, -0.020090078935027122, -0.030983816832304, -0.025764957070350647, -0.01520056463778019, 0.010336384177207947, -0.014921886846423149, 0.03037579357624054, 0.00567804416641593, -0.006688248366117477, -0.012926813215017319, 0.0017227305797860026, -0.0131991570815444, -0.03868543729186058, -0.01552991010248661, -0.008493315428495407, 0.012439128011465073, -0.02680366113781929, -0.016669951379299164, 0.0036576357670128345, -0.0018161507323384285, -0.004648839123547077, -0.006542576011270285, -2.5383755200891756e-05, 0.009734694845974445, -0.006054891273379326, 0.003667136188596487, -0.0001764492626534775, -0.001792399911209941, 0.014440536499023438, -0.003375791944563389, -0.01312315370887518, -0.025397609919309616, -0.0037241382524371147, 0.013667840510606766, 0.01138775609433651, 0.03425193950533867, -0.0001611101470189169, 0.021230122074484825, 0.010792400687932968, -0.018519354984164238, -0.0050256866961717606, -0.03427727147936821, 0.03045179694890976, 0.013921183533966541, -0.017936665564775467, -0.01322449091821909, 0.03009711764752865, 0.016948629170656204, 0.002441590651869774, 0.028526391834020615, 0.0092470096424222, -0.03103448636829853, 0.0018921535229310393, 0.00974102783948183, 0.005928220227360725, -0.007163265720009804, 0.014719213359057903, 0.047805774956941605, 0.005041520576924086, -0.005427868105471134, 0.0057160453870892525, 0.017024632543325424, 0.025017594918608665, -0.008138635195791721, -0.005041520576924086, -0.018304012715816498, 0.006232231389731169, 0.03767206519842148, 0.0015129311941564083, 0.012971147894859314, 0.0002958964032586664, 0.0024542578030377626, 0.01125475112348795, -0.0015905173495411873, 0.016479944810271263, 0.008778326213359833, 0.0030480297282338142, -0.012793808244168758, 0.018164673820137978, -0.020533429458737373, 0.016011260449886322, 0.008746658451855183, -0.0157452505081892, -0.010602393187582493, 0.0028453555423766375, -0.0019792402163147926, -0.024282900616526604, -0.01926671527326107, 0.029641101136803627, -0.0015612245770171285, 0.02332019992172718, -0.006020057015120983, -0.04365095496177673, 0.0015335152857005596, 0.0010862069902941585, -0.0155552439391613, -0.0048040118999779224, 0.0016942295478656888, -0.02332019992172718, -0.013807179406285286, -0.008689655922353268, 0.023801550269126892, -0.024814920499920845, 0.005728712771087885, 0.017189305275678635, -0.01888670027256012, -0.04182688519358635, -0.009291345253586769, -0.002104328013956547, 0.020533429458737373, 0.009804364293813705, -0.02720900997519493, 0.016403941437602043, 0.017771992832422256, -0.005500704050064087, -0.009734694845974445, -0.008189303800463676, -0.009931035339832306, 0.023700213059782982, -0.0134524991735816, 0.02295285277068615, -0.03121182508766651, 0.00988036673516035, 0.0019760732538998127, 0.0022088319528847933, -0.005051020998507738, 0.017442647367715836, 0.0049718511290848255, 0.008113301359117031, 0.021065449342131615, 0.025663619861006737, 0.024194231256842613, -0.008778326213359833, -0.012268122285604477, 0.02266150712966919, -0.03605067357420921, 0.001698979758657515, -0.012420128099620342, 0.010431387461721897, -0.024802254512906075, 0.010615061037242413, -0.012572132982313633, -0.004943350329995155, -0.0031842016614973545, 0.040433499962091446, -0.010494722984731197, 0.006086559500545263, -0.01336382981389761, 0.006381070241332054, 0.012135117314755917, -0.024966927245259285, 0.029869109392166138, 0.0051998598501086235, -0.007790289353579283, -0.00955735519528389, -0.009297678247094154, 0.05071921646595001, 0.03308656066656113, 0.0011210415977984667, 0.010836735367774963, 0.03415060043334961, -0.004503167234361172, -0.021040113642811775, -0.0031208659056574106, -0.016935961320996284, 0.04904715344309807, 0.01111541222780943, -0.033035892993211746, -0.04689374193549156, -0.0009555771248415112, -0.014364533126354218, 0.016479944810271263, 0.0008803660166449845, -0.018000001087784767, -0.025612950325012207, -0.005966221448034048, -0.02662632241845131, -0.03166784346103668, 0.04309359937906265, -0.028830403462052345, -0.014009853824973106, 0.00765095092356205, -0.006656580604612827, 0.021762141957879066, -0.003812808310613036, 0.008961999788880348, -0.02363687753677368, -0.012299790047109127, -0.0002515614323783666, -0.007207600865513086, 0.011178748682141304, -0.029615765437483788, 0.01155242882668972, 0.003543631639331579, 0.028171712532639503, 0.011052076704800129, -0.007251936011016369, 0.009696693159639835, -0.0016150599112734199, -0.003127199364826083, -0.01952005736529827, 4.406283551361412e-05, -0.02655031904578209, 0.01930471695959568, 0.018253345042467117, 0.01914004422724247, 0.009665025398135185, -0.0184306837618351, 0.0063050673343241215, -0.006802252493798733, -0.0307304747402668, -0.029387757182121277, -0.01972273178398609, -0.04210556298494339, -0.0015327235450968146, -0.0015240148641169071, 0.003914145287126303, 0.0068402537144720554, -0.02700633555650711, -0.0005818966310471296, 0.020140748471021652, 0.0021169951651245356, -0.00785362534224987, -0.020406758412718773, -0.0014393033925443888, -0.01528923399746418, 0.028146378695964813, 0.0032934555783867836, -0.007378607057034969, 0.004807178396731615, -0.012730472721159458, -0.03582266345620155, -0.011736102402210236, -0.008961999788880348, -0.03447994589805603, -0.013072485104203224, 0.016074595972895622, 0.013857848010957241, -0.006466573569923639, 0.018202675506472588, 0.0023893387988209724, -0.007961295545101166, -0.008778326213359833, 0.0023054189514368773, -0.0318705178797245, -0.020989445969462395, -0.017607320100069046, -0.03511330485343933, -0.0005807090783491731, 0.01839268207550049, -0.017556652426719666, 0.017746658995747566, -0.020546095445752144, -0.007562280632555485, -0.024650247767567635, -0.019849402830004692, 0.01584658771753311, -0.009297678247094154, 0.017379311844706535, 0.016061929985880852, -0.0226361732929945, 0.0011875440832227468, 0.03506263345479965, 0.017809994518756866, 0.0054057007655501366, 0.012584800831973553, 0.012109782546758652, 0.010558058507740498, -0.0021169951651245356, 0.010254047811031342, 0.02367487922310829, -0.032225195318460464, -0.04210556298494339, 0.03146516904234886, -0.0033092894591391087, -0.006317734718322754, -0.0005387491546571255, -0.008303307928144932, 0.018354682251811028, 0.011109079234302044, -0.03316256403923035, 0.0037019706796854734, 0.002250000135973096, -0.00801829807460308, -0.023801550269126892, 0.01126108504831791, -0.036760032176971436, 0.01322449091821909, -0.0031525336671620607, -0.012971147894859314, -0.03480929136276245, -0.002075826982036233, -0.011596763506531715, 0.024244900792837143, 0.0005941679119132459, 0.025144265964627266, -0.048489801585674286, -0.0006753167253918946, 0.011083744466304779, 0.018418017774820328, 0.00237825489602983, 0.0008328642579726875, 0.0026569319888949394, 0.0269049983471632, -0.01142575778067112, -0.007163265720009804, 0.012888811528682709, -0.02288951724767685, 0.0018652358558028936, -0.014263195917010307, -0.0037304717116057873, 0.03422660380601883, 0.0031366997864097357, -0.013414498418569565, -0.01959606073796749, 0.029565097764134407, -0.01145109161734581, -0.012002112343907356, -0.021863479167222977, -0.032301198691129684, -0.024827588349580765, -0.0022420831955969334, 0.01853202097117901, 0.06277833133935928, 0.002066326793283224, -0.025131599977612495, 0.007587614934891462, 0.03521464020013809, -0.004753343295305967, -0.009981703944504261, -0.013211823999881744, -0.005038353614509106, -0.011058410629630089, 0.016631951555609703, -0.0604475773870945, 0.0049940189346671104, -0.005139690823853016, 0.015377904288470745, 0.0018019002163782716, -0.009025335311889648, 0.04106685891747475, -0.006447572726756334, -0.024434907361865044, 0.020140748471021652, 0.006064391694962978, 0.012027446180582047, -0.01926671527326107, -0.004363828804343939, 0.022192824631929398, 0.023801550269126892, -0.011210416443645954, -0.0112864188849926, -0.03860943391919136, 0.011229417286813259, -0.02314285933971405, 0.013857848010957241, 0.01881069876253605, -0.024751584976911545, 0.0006155436858534813, 0.012103449553251266, 0.013946517370641232, 0.02285151556134224, -0.03088247962296009, -0.009076003916561604, -0.025422943755984306, 0.005598874296993017, -0.03141450136899948, -0.025435611605644226, -0.013414498418569565, -0.020736103877425194, -0.03437861055135727, 0.032605212181806564, -0.012211119756102562, 0.009158340282738209, 0.0017638987628743052, 0.0073089380748569965, -0.03055313415825367, 0.017569318413734436, -0.00291977496817708, 0.00577621441334486, 0.002061576582491398, -0.007606615778058767, -0.010786066763103008, 0.008702322840690613, -0.02271217666566372, 0.02292751707136631, 0.01939338631927967, -0.01927938312292099, 0.00932301301509142, 0.01902603916823864, -0.0053898668847978115, 0.016619283705949783, 0.00765095092356205, 0.00944968406111002, 0.011957777664065361, -0.00476284371688962, 0.01891203597187996, 0.032427869737148285, 0.012781141325831413, 0.023915555328130722, -0.020356088876724243, 0.0027535189874470234, -0.0030369460582733154, -0.008645321242511272, -0.010057706385850906, -0.009177341125905514, -0.036557357758283615, 0.012983815744519234, 0.005887052044272423, 0.0038159750401973724, -0.004186488687992096, 0.024700917303562164, 0.007194933947175741, -0.011096412315964699, 0.01539057120680809, 0.008284308016300201, -0.008771992288529873, -0.02642364799976349, 0.025600284337997437, -0.01131808664649725, -0.020242085680365562, 0.0049940189346671104, 0.006263899151235819, -0.017303308472037315, -0.003762139705941081, 0.021508798003196716, 0.00767628476023674, -0.0026870165020227432, -0.018418017774820328, -0.01318648923188448, -0.0002189039660152048, -0.02723434381186962, 0.013604504987597466, 0.016695287078619003, 0.0001001990312943235, 0.016783956438302994, -0.005994722712785006, 0.008556650951504707, -0.03032512590289116, 0.009994370862841606, -0.0014788882108405232, -0.00011479592649266124, 0.011026742868125439, -0.004452498629689217, -0.021268123760819435, 0.007657284382730722, 0.01609993167221546, -0.014579874463379383, -0.01121674943715334, -0.011083744466304779, 0.0019111542496830225, -0.043422944843769073, 0.025688953697681427, 0.020508095622062683, 0.011147080920636654, 0.029894443228840828, -0.015479241497814655, 0.007992963306605816, 0.0011368755949661136, -0.03455594927072525, -0.008005630224943161, -0.013705842196941376, 0.008961999788880348, -0.023788882419466972, -0.00492751644924283, 0.023801550269126892, -0.01585925556719303, -0.006517242174595594, 0.009931035339832306, 0.01582125388085842, 0.2017621546983719, -0.018177341669797897, -0.017569318413734436, 0.03164250776171684, 0.00988670065999031, 0.008474314585328102, 0.0308571457862854, 0.003822308499366045, -0.02637297846376896, 0.01545390672981739, 0.005073188338428736, -0.006871921941637993, -0.021648136898875237, 0.007992963306605816, 0.016935961320996284, -0.010729065164923668, -0.036101341247558594, -0.010488389059901237, -0.004987685009837151, -0.02307952381670475, 0.0025935962330549955, -0.0226361732929945, -0.009475018829107285, -0.0035499650985002518, 0.04235890507698059, 0.01949472352862358, 0.0036133008543401957, -0.00804996583610773, 0.0378747396171093, 0.011071077547967434, -0.024244900792837143, 0.013781844638288021, 0.013845181092619896, 0.008474314585328102, -0.017721325159072876, -0.0006634413148276508, -0.0040408167988061905, 0.0029561931733042, 0.001855735550634563, 0.01596059277653694, 0.0067199161276221275, -0.015035891905426979, 0.0031762844882905483, -0.024295568466186523, -0.008455313742160797, 0.025511613115668297, 0.00485468003898859, -0.00574454665184021, 0.016175933182239532, 0.010615061037242413, -0.025068264454603195, -0.021610135212540627, 0.004081984981894493, 0.010678396560251713, 0.008512316271662712, -0.0018921535229310393, 0.0035943000111728907, 0.03022378869354725, -0.010703730396926403, 0.029539763927459717, 0.017189305275678635, 0.016251936554908752, -0.03830542042851448, 0.012591133825480938, -0.01965939626097679, 0.016669951379299164, -0.02629697695374489, 0.008987333625555038, 0.005095355678349733, -0.01907670870423317, -0.013173822313547134, -0.012432795017957687, -0.014136524870991707, 0.0308571457862854, -0.014453203417360783, -0.03040112927556038, 0.03022378869354725, 0.03151583671569824, 0.0007077762857079506, 0.028906406834721565, 0.0076192826963961124, 0.01868402771651745, -0.02758902497589588, -0.02375088259577751, 0.0008455314091406763, -0.03435327485203743, -0.011907109059393406, 0.005532372277230024, -0.011121746152639389, -0.01355383638292551, -0.006542576011270285, -0.012483463622629642, -0.0024051726795732975, 0.012508797459304333, 0.01575791835784912, -0.010190711356699467, 0.025055596604943275, 0.01355383638292551, 0.009177341125905514, -0.032149191945791245, -0.033035892993211746, 0.02642364799976349, 0.012242787517607212, 0.0008605736074969172, -0.029286419972777367, 0.011761436238884926, 0.017759326845407486, 0.0071189310401678085, 0.008372977375984192, -0.0024685082025825977, -0.005852217320352793, -0.017176637426018715, 0.0015818086685612798, -0.016935961320996284, 0.008512316271662712, 0.014972555451095104, 0.01983673684298992, -0.014883886091411114, -0.01911471039056778, -0.021901478990912437, 0.03377058729529381, -0.03417593613266945, -0.002900774357840419, 0.013021816499531269, 0.016543280333280563, -0.024004224687814713, 0.003980647772550583, 0.00482617923989892, -0.0068909223191440105, -0.01930471695959568, 0.007353273220360279, -0.03440394252538681, 0.0034961297642439604, -0.018038002774119377, 0.0019475723383948207, 0.01922871358692646, 0.012002112343907356, 0.004639338701963425, 0.025587616488337517, 0.010317383334040642, -0.008866995573043823, -0.02268684282898903, 0.011932442896068096, 0.029767772182822227, -0.005101689603179693, -0.006491907872259617, -0.005415201187133789, -0.010203379206359386, -0.01900070533156395, 0.008486981503665447, -0.032123859971761703, 0.03040112927556038, 0.03065447136759758, -0.010089374147355556, 0.00787895917892456, -0.011375089175999165, -0.0270316693931818, -0.024890923872590065, -0.017303308472037315, 0.020280085504055023, -0.020470093935728073, -0.020951444283127785, -0.006206897087395191, 0.008550317026674747, 0.0016166433924809098, 0.00791062694042921, -0.1550457626581192, 0.008170302957296371, 0.016150599345564842, -0.037241384387016296, 0.0014044687850400805, 0.014073189347982407, 0.017873330041766167, 0.004322660621255636, -0.02332019992172718, -0.028171712532639503, -0.0005779381026513875, -0.014440536499023438, -0.021584801375865936, 0.014402534812688828, -0.0005846675485372543, -0.006498241331428289, -0.01971006579697132, 0.014009853824973106, 0.028450390323996544, 0.01564391329884529, 0.012711471877992153, -0.04479099437594414, 0.016986630856990814, -0.020229417830705643, 0.0023560875561088324, -0.025853626430034637, 0.0009658691706135869, 0.021306123584508896, 0.017277974635362625, -0.02660098671913147, -0.03032512590289116, -0.00024641540949232876, 0.010444054380059242, 0.00784729141741991, 0.009025335311889648, 0.008607319556176662, 0.006637579761445522, -0.012711471877992153, -0.01889936812222004, 0.022116821259260178, 0.0018684027018025517, 0.032326534390449524, 0.007353273220360279, 0.04271358624100685, 0.009253343567252159, 0.03929346054792404, 0.0048008449375629425, 0.00975369568914175, -0.010374384932219982, -0.020850107073783875, -0.01346516702324152, -0.008486981503665447, 0.005028853192925453, 0.0036069671623408794, -0.0237128809094429, -0.011020408943295479, 0.011869107373058796, 0.004883181303739548, -0.00400914903730154, -0.00968402624130249, 0.008423645980656147, -0.03057846799492836, 0.028881072998046875, 0.03108515404164791, 0.007245602551847696, 0.015010557137429714, 0.018481353297829628, 0.02278818003833294, -0.017163971439003944, 0.010121042840182781, -0.01897537149488926, 0.001634060638025403, -0.003477129153907299, -0.012736806645989418, 0.0067389169707894325, 0.017543984577059746, -0.014161858707666397, -0.017695989459753036, -0.02698100171983242, -0.0041959891095757484, -0.03906545042991638, 0.01152076106518507, -0.03138916566967964, -0.02280084602534771, -0.021812809631228447, 0.0068402537144720554, 0.01136242225766182, -0.00400914903730154, 0.0015469740610569715, -0.010621394030749798, 0.025397609919309616, -0.032681211829185486, 0.020039411261677742, -0.013325828127563, 0.0013371746754273772, -0.0014844301622360945, 0.002109078224748373, -0.007112597580999136, 0.0032554541248828173, -0.01578325219452381, -0.001047413912601769, -0.009861365891993046, -0.01121674943715334, 0.01915271021425724, 0.003391625825315714, -0.007365940138697624, -0.010203379206359386, -0.007441943045705557, 0.020609430968761444, -0.03878677263855934, 0.03093314915895462, 0.012895145453512669, -0.012698804959654808, 0.006808585952967405, -0.006276566535234451, 0.0005716045270673931, 0.018443351611495018, 0.015086560510098934, 0.016872625797986984, -0.01609993167221546, 0.06100493296980858, -0.012521465308964252, -0.005937720648944378, 0.009304012171924114, -0.005427868105471134, -0.023953555151820183, -0.10701197385787964, -0.005285362713038921, 0.020432092249393463, -0.0033409574534744024, -0.01546657457947731, -0.0196973979473114, -0.0033092894591391087, 0.032022520899772644, 0.017505982890725136, -0.0032285365741699934, -0.032934557646512985, -0.02622097358107567, 0.01588458940386772, -0.014022520743310452, 0.02741168439388275, -0.010171710513532162, 0.011603097431361675, -0.027969038113951683, -0.024536244571208954, 0.031819846481084824, 0.0015382654964923859, 0.013237157836556435, 0.004142154008150101, -0.0037146378308534622, -0.02637297846376896, -0.005193525925278664, -0.018025336787104607, -0.00675791734829545, 0.020736103877425194, -0.005766713991761208, -0.028501057997345924, 0.011900775134563446, 0.011178748682141304, -0.010950739495456219, 0.005294863134622574, 0.014465870335698128, -0.020419424399733543, -0.00965235847979784, 0.03453061357140541, -0.006713582668453455, 0.017822662368416786, 0.0036703029181808233, 0.01335116196423769, -0.006517242174595594, 0.007378607057034969, -0.0153652373701334, -0.015973258763551712, 0.022116821259260178, -0.011672766879200935, 8.258379239123315e-05, -0.005193525925278664, -0.005446868948638439, -0.011774104088544846, -0.04289092496037483, 0.04137086868286133, -0.008461647666990757, 0.008328642696142197, 0.029767772182822227, -0.020609430968761444, 0.0011020408710464835, 0.017429979518055916, 0.01148275937885046, -0.0004896640311926603, 0.010064040310680866, 0.023852217942476273, 0.0004952058661729097, -0.025207603350281715, -0.004477832932025194, 0.01552991010248661, 0.0061150602996349335, -0.028678398579359055, -0.008024631068110466, -0.003112948965281248, 0.02672765962779522, -0.03488529473543167, 0.020406758412718773, -0.008011964149773121, -0.02738635055720806, -0.010203379206359386, -0.009095004759728909, -0.008955665864050388, 0.006789585575461388, 0.0001226139283971861, -0.0065299090929329395, 0.012046447023749352, 0.02330753207206726, 0.01888670027256012, -0.0014020936796441674, 0.0005268737440928817, 0.005092189181596041, -0.01126108504831791, 0.00958268903195858, -0.0072709363885223866, 0.01941872015595436, 0.0034961297642439604, -0.0033504576422274113, 0.0042656585574150085, 0.0024194230791181326, 0.027918370440602303, 0.039800144731998444, -0.00581104913726449, -0.03219986334443092, -0.03075580857694149, -0.00046749651664867997, 0.0028912739362567663, 0.01571991667151451, 0.020457426086068153, -0.00784095749258995, 0.017024632543325424, 0.025726955384016037, -0.0016308939084410667, -0.016669951379299164, -0.009158340282738209, 0.001142417429946363, -0.0016609783051535487, -0.005662210285663605, -0.03516397252678871, 0.008537650108337402, 0.029235752299427986, 0.00981703121215105, 0.0013197573134675622, -0.007473610807210207, -0.009760028682649136, 0.009494018740952015, -0.010298382490873337, 0.05006052553653717, -0.004078818019479513, -0.008841661736369133, 0.010988741181790829, 0.012812809087336063, 0.008284308016300201, 0.0005280612967908382, 0.009981703944504261, -0.040357496589422226, -0.005142857786267996, 0.013173822313547134, -0.025093598291277885, -0.021154118701815605, -0.01872202754020691, 0.016239268705248833, 0.012838142924010754, 0.04646305739879608, -0.016150599345564842, -0.023725546896457672, -0.0008843244868330657, -0.062474317848682404, -0.0007342980825342238, 0.006251232232898474, -0.021280789747834206, 0.009639691561460495, -0.005263195373117924, -0.027817033231258392, 0.020039411261677742, 0.02361154370009899, 0.004652006085962057, -0.00971569400280714, -0.018228009343147278, -0.01152709499001503, -0.0025603449903428555, -0.021458130329847336, 0.003013195237144828, -0.02325686253607273, 0.010374384932219982, 0.011242084205150604, 0.0005403325776569545, 0.0027044336311519146, 0.006349402479827404, 0.018139339983463287, -0.010836735367774963, -0.03146516904234886, 0.022091487422585487, -0.003391625825315714, -0.00964602455496788, 0.024878256022930145, 0.013705842196941376, 0.00560837471857667, 0.009931035339832306, -0.00958902295678854, 0.003964813891798258, -0.015441239811480045, -0.00939268246293068, 0.009190008044242859, 0.03166784346103668, 0.021977482363581657, -0.03103448636829853, 0.0012010029749944806, 0.04289092496037483, 0.03032512590289116, -0.02708233892917633, 0.0156819149851799, -0.0001273641100851819, -0.017201971262693405, -0.01921604759991169, -0.00336629175581038, -0.0009492435492575169, 0.020989445969462395, 0.007232935167849064, 0.005177692044526339, -0.01916537806391716, 0.0023228363133966923, 0.00026937457732856274, 0.012584800831973553, 0.0037526392843574286, -0.00041207778849639, -0.00488951476290822, -0.03369458392262459, -0.009703027084469795, -0.007125264499336481, -0.00761294923722744, -0.01502322405576706, 0.004259324632585049, -0.0067389169707894325, 0.013921183533966541, 0.007410275284200907, -0.003600633703172207, 0.013921183533966541, -0.012996482662856579, 0.01135608833283186, -0.012768474407494068, -0.01865869201719761, -0.007954961620271206, 0.006985926069319248, 0.021610135212540627, 0.010089374147355556, -0.01845601759850979, 0.012103449553251266, 0.0007101513911038637, 0.00034062721533700824, 0.014073189347982407, -0.040129490196704865, 0.024738918989896774, -0.008822660893201828, 0.006428571883589029, -0.004614004399627447, -0.026119636371731758, 0.006200563628226519, -0.0007525071268901229, -0.0472990907728672, 0.01900070533156395, 0.0020916610956192017, 0.012755806557834148, 0.09388881921768188, 0.028146378695964813, -0.016619283705949783, 0.01346516702324152, 0.011774104088544846, -0.010634061880409718, 0.0031161156948655844, -4.8936712119029835e-05, -0.03402392938733101, 0.016771288588643074, 0.010849403217434883, -0.01577058620750904, 0.03508796915411949, -0.03729205206036568, -0.010577059350907803, 0.036202676594257355, 0.007568614091724157, 0.01148275937885046, 0.017835328355431557, 0.018519354984164238, 0.04519634321331978, -0.010824068449437618, 0.018367348238825798, -0.013579171150922775, -0.040053486824035645, -0.02758902497589588, 0.03518930822610855, 0.011565095745027065, -0.03440394252538681, -0.016669951379299164, -0.0009397432440891862, 0.010545391589403152, 0.0044049969874322414, -0.006485573947429657, 0.00027828116435557604, -0.004705841187387705, -0.013034484349191189, -0.0017211472149938345, -0.005668543744832277, 0.006783251650631428, 0.0006408779881894588, 0.018139339983463287, -0.021559467539191246, -0.007061928976327181, -0.017100634053349495, 0.008398312143981457, 0.025068264454603195, 0.0032000355422496796, 0.0011345004895702004]"
"Algunas personas con Alzheimer o demencia se pueden perder al salir de casa. A veces se pueden perder, en un lugar público, o también puede que salgan a caminar o ir a la tienda y olvidar el camino de regreso a casa. Puede que tampoco recuerden su dirección o su número de teléfono. El perderse es aterrador y puede ser muy peligroso. ¿QUÉ PUEDE HACER? Esté preparado: Cosa o escriba el nombre de la persona con Alzheimer y un número de emergencia en la ropa; No deje a la persona con Alzheimer sola o cerca de una puerta que no tenga seguro; Pídale a sus vecinos que le avisen si la persona con Alzheimer sale a la calle; Si es posible, saque a la persona con Alzheimer a caminar o hagan algún tipo de ejercicio en casa; Guarde monederos, llaves y abrigos que puedan causar que la persona con Alzheimer quiera salir de casa. Mantenga el hogar seguro: Instale seguros en puertas y ventanas; coloque los seguros en puertas y ventanas fuera del alcance de la persona con Alzheimer; Instale una campanita en la puerta para que suene cuándo se abra. Si la persona con Alzheimer se encuentra nerviosa: Ofrézcale algo de comer o hagan alguna actividad que le guste para distraerlo; Pídale que le ayude a doblar la ropa o a preparar la cena; Intente tranquilizar a la persona con Alzheimer al escuchar música suave o a ver la televisión. ¿POR QUÉ PASA ESTE PROBLEMA? Personas con Alzheimer o demencia pueden: Confundirse, especialmente por la tarde y por la noche; Tener una reacción a un medicamento nuevo; Tener miedo o sentirse inseguros al no reconocer donde están; Tratar de ir a trabajar o hacer algo que hacían antes; Estar tratando de escapar del ruido o de donde están; Estar aburridos; Tener hambre, frío o necesidad de usar el baño.","[0.0018679850036278367, -0.0073197102174162865, 0.03747387230396271, -0.041660185903310776, -0.017607899382710457, 0.033744245767593384, 0.00601624371483922, 0.008829320780932903, -0.019954772666096687, 0.003108022501692176, 0.0009902857709676027, 0.03638289123773575, -0.02165467105805874, 0.026589449495077133, -0.0135611267760396, 0.005404153373092413, 0.01745566911995411, 0.016275890171527863, 0.03133394196629524, -0.003935771528631449, -0.027071509510278702, 0.013523069210350513, 0.021197982132434845, -0.004424174781888723, -0.013929015025496483, -0.013205924071371555, 0.019929401576519012, -0.0070279366336762905, 0.03001461736857891, -0.027807287871837616, 0.04097515344619751, 0.0005605540354736149, -0.0011512369383126497, -0.01963762752711773, -0.003996029030531645, 0.011613855138421059, -0.004503461066633463, -0.02302473783493042, -0.004722291138023138, -0.02684316597878933, 0.00013131790910847485, 0.006958164740353823, -0.004728634376078844, -0.025384297594428062, 0.0075163403525948524, 0.037778329104185104, -0.03760072961449623, -0.0023246740456670523, -0.03678883612155914, 0.02214941754937172, -0.00189652806147933, 0.016681835055351257, -0.022441191598773003, -0.007053308188915253, 0.005927443038672209, -0.0006295331404544413, -0.008994236588478088, 0.015527427196502686, 0.0067678773775696754, -0.011924657970666885, 8.678131962369662e-06, -0.003498111153021455, -0.009647555649280548, 0.02563801407814026, 0.002129629720002413, -0.005299495533108711, 0.0004265602328814566, -0.030801137909293175, 0.00477303471416235, 0.02869529277086258, 0.02100769430398941, 0.010351617820560932, 0.009565098211169243, -0.003916742745786905, 0.023164281621575356, 0.00793497171252966, 0.0199674591422081, -0.013421582989394665, 0.0006616440950892866, 0.013738728128373623, 0.012432090006768703, -0.0418885312974453, -0.03120708279311657, 0.023722456768155098, 0.03039519116282463, 0.023151597008109093, -0.009184523485600948, -0.0014374604215845466, -0.014728221110999584, -0.006162130273878574, -0.00865171942859888, -0.0034093104768544436, 0.0009998000459745526, 0.0068376497365534306, 0.011138137429952621, 0.004363917279988527, 0.022225532680749893, 0.011068365536630154, -0.02203524485230446, -0.012457462027668953, -0.012381346896290779, 0.005702269729226828, -0.05003282055258751, 0.01063704863190651, 0.0056451838463544846, -0.018584705889225006, 0.007858856581151485, -0.008042801171541214, 0.004906235728412867, -0.02859380654990673, -0.01756984181702137, 0.036535121500492096, 0.01184220053255558, -0.011480654589831829, -0.013421582989394665, -0.0010703648440539837, -0.008753206580877304, 0.012330603785812855, -0.0018219988560304046, -0.02504178136587143, 0.00886737834662199, 0.012216431088745594, 0.01527371071279049, 0.007503654342144728, -0.014512562192976475, -0.01064339093863964, 0.013687985017895699, -0.002559361280873418, -0.029126610606908798, -0.004348060116171837, -0.02046220563352108, 0.01768401451408863, 0.024153774604201317, -0.018508590757846832, -0.013421582989394665, 0.001156786922365427, -0.0030636221636086702, -0.007440225221216679, -0.015616226941347122, -0.024965666234493256, 0.015705028548836708, 0.01571771316230297, -0.03115634061396122, -0.008245773613452911, -0.007490968331694603, 0.03526654094457626, -0.007135766092687845, 0.007706627249717712, -0.007687598466873169, 0.020271917805075645, 0.028340091928839684, -0.022276274859905243, -0.022352389991283417, -0.022441191598773003, 0.003643997712060809, 0.014664791524410248, 0.010059844702482224, 0.007040622644126415, -0.05353410169482231, -0.01674526371061802, 0.02312622405588627, -0.009730013087391853, -0.0031952373683452606, 0.009749041870236397, 0.007268967106938362, 0.0289743822067976, -0.031511541455984116, -0.005857671145349741, 0.00635876040905714, -0.006466589868068695, -0.011981744319200516, 0.04143184423446655, -0.024318691343069077, 0.018153388053178787, 0.014588677324354649, 0.0022438019514083862, -0.00718650920316577, 0.029913131147623062, -0.014918508008122444, -0.015603541396558285, -0.030598163604736328, -0.00957778375595808, 0.006583933252841234, 0.03432779014110565, -0.0487896092236042, 0.002862235065549612, 0.037778329104185104, 0.023595599457621574, 0.009907614439725876, -0.0005244787898845971, -0.00576887046918273, 0.005502468440681696, 0.0047476631589233875, -0.013269353657960892, -0.626374363899231, 0.0012955379206687212, 0.0022564877290278673, 0.003020807635039091, 0.013205924071371555, 0.019244367256760597, 0.011962715536355972, 0.010789277963340282, -0.0163646899163723, -0.045161470770835876, 0.00576887046918273, -0.006355588790029287, -0.01654229126870632, 0.0004658069519791752, -0.02221284620463848, -0.015019994229078293, -0.0023500456009060144, -0.015920687466859818, 0.03907228261232376, 0.01557817030698061, 0.0025736328680068254, 0.02586635947227478, 0.0009157566237263381, 0.0051282369531691074, 0.0010013858554884791, -0.00804914440959692, 0.009095722809433937, -0.04833292216062546, -0.005848156753927469, 0.02831471897661686, -0.0064792754128575325, 0.006977193523198366, -0.0063809603452682495, 0.04150795936584473, 0.061297815293073654, -0.01828024722635746, 0.001179779996164143, 0.04551667347550392, -0.01692286506295204, 0.03595157340168953, 0.019612256437540054, -0.0039421143010258675, 0.01664377748966217, -0.018407104536890984, 0.015743086114525795, -0.011683627031743526, 0.006647362373769283, -0.017481040209531784, -0.004056286532431841, 0.027629686519503593, 0.017747443169355392, 0.001750641269609332, -0.04437495023012161, -0.012825350277125835, 0.009438239969313145, 0.025676071643829346, 0.023443369194865227, -0.0243948046118021, 0.0013248738832771778, -0.009660241194069386, 0.008930807933211327, 0.005911585874855518, -0.01789967343211174, -0.006450732238590717, -0.031993601471185684, 0.03851410746574402, -0.03349052742123604, 0.0005042608245275915, 0.015159538015723228, -0.006361932028084993, -0.004738148767501116, 0.01061167661100626, -0.014575990848243237, 0.0072182235307991505, 0.03694106638431549, -0.016872122883796692, 0.02613276056945324, 0.00427194545045495, -0.006066986825317144, -0.008524862118065357, 0.01691018044948578, 0.014626734890043736, -0.03671272471547127, 0.00540098175406456, 0.016516920179128647, -0.0028558920603245497, 0.010104244574904442, -0.015045366249978542, -0.0046430048532783985, 0.010567276738584042, 0.0061875018291175365, 0.0014469748130068183, 0.0006220009527169168, -0.014905822463333607, 0.001802970189601183, 0.005952814593911171, 0.0028733350336551666, 0.019827915355563164, 0.03661123663187027, -0.010129616595804691, 0.004107029642909765, -0.022288961336016655, 0.02487686648964882, 0.028796780854463577, 0.021806901320815086, 0.018533963710069656, -0.023925431072711945, 0.013332782313227654, 0.05348335951566696, -0.026970023289322853, -0.019028708338737488, 0.0031936517916619778, 0.022783707827329636, -0.019612256437540054, -0.009565098211169243, -0.011658255942165852, 0.008061829954385757, 0.027401341125369072, 0.021565871313214302, -0.023773200809955597, 0.013358154334127903, -0.005962328985333443, 0.00021863194706384093, 0.009349439293146133, 0.02854306437075138, -0.01637737639248371, 0.0066790771670639515, 0.01184220053255558, 0.009127437137067318, -0.007643198128789663, -0.00469374842941761, -0.04140647128224373, -0.0014017815701663494, 0.005569068714976311, 0.015045366249978542, 0.0057783848606050014, 0.013104437850415707, -0.00659027649089694, 0.001317738089710474, -0.0008237845613621175, -0.019688371568918228, -0.010085215792059898, 0.013002951629459858, -0.005787899252027273, 0.01712583750486374, -0.02183227241039276, 0.00216292985714972, -0.016605719923973083, -0.05348335951566696, -0.011398197151720524, -0.002600590232759714, -0.04244670644402504, -0.008201373741030693, 0.04404512047767639, 0.00099583575502038, 0.00018711564189288765, -0.03310995548963547, 0.01975180022418499, -0.028289347887039185, -0.009723670780658722, 0.02788340114057064, 0.03960508853197098, -0.021692728623747826, 0.01806458830833435, -0.009381153620779514, -0.01805190183222294, 0.02646259218454361, 0.016415433958172798, -0.02340531162917614, -0.026487963274121284, -0.012768263928592205, -0.006964507512748241, -0.020665178075432777, 0.0026291334070265293, 0.01120790932327509, 0.028137117624282837, -0.0008769063279032707, -0.012793635949492455, 0.004947464447468519, 0.020855465903878212, 0.006082843989133835, -0.003009707434102893, 0.005106037016957998, 0.004687405191361904, 0.013396210968494415, 0.0011536155361682177, -0.00063230813248083, 0.026716308668255806, -0.01061167661100626, 0.024623150005936623, 0.025244753807783127, 0.011607512831687927, 0.011360139586031437, -0.007465596776455641, 0.005531011614948511, -0.006403160747140646, 0.006009900476783514, -0.00902595091611147, 0.0006406332249753177, 0.03054742142558098, 0.03673809394240379, -0.008581947535276413, 0.029481813311576843, 0.002729034051299095, 0.017531784251332283, -0.01663109101355076, 0.019891344010829926, -0.013675299473106861, 0.036636609584093094, 0.000270366232143715, -0.015299081802368164, -0.030623536556959152, -0.005797413643449545, -0.009431896731257439, 0.001647569122724235, 0.05023579299449921, 0.004316345322877169, 0.017582528293132782, 0.012083230540156364, -0.0015603541396558285, -0.001156786922365427, 0.009032294154167175, 0.006793249398469925, 0.0023579741828143597, 0.013548441231250763, 0.02160392701625824, 0.041558701545000076, -0.011899285949766636, -0.008689776994287968, -0.01839441806077957, -0.010865393094718456, -0.009501668624579906, 0.00709136575460434, 0.03605306148529053, 0.0032396377064287663, 0.029329583048820496, 0.00752902589738369, -0.009444582276046276, 0.01107470877468586, 0.00023686778149567544, -0.011214252561330795, 0.0090830372646451, 0.015375196933746338, 0.004411489237099886, 0.0033807673025876284, 0.030953366309404373, 0.01948539912700653, 0.04259893670678139, 0.005990872159600258, 0.01745566911995411, 0.001923485309816897, 0.008588290773332119, -0.04348694533109665, -0.00873417779803276, -0.01227986067533493, -0.03356664255261421, 0.021756157279014587, -0.007237252313643694, 0.012730206362903118, 0.013383525423705578, 0.0309279952198267, -0.0012329018209129572, 0.002541918307542801, 0.008670748211443424, 0.0005228930967859924, -0.034023333340883255, 0.017379553988575935, -0.016187088564038277, -0.0011345867533236742, 0.023773200809955597, -0.0004491568251978606, 0.0076685696840286255, -0.03333829715847969, 0.00248958938755095, 0.01998014561831951, 0.01609828881919384, -0.028238603845238686, -0.01795041561126709, 0.037905190140008926, 0.004915750119835138, -0.00609552999958396, -0.018140703439712524, 0.02482612244784832, 0.046633023768663406, 0.006939135957509279, -0.003377595916390419, -0.011556769721210003, 0.00595915736630559, 0.011734371073544025, -0.001944099785760045, -0.027071509510278702, -0.0010449932888150215, -0.023760514333844185, 0.005626155063509941, -0.003780370345339179, 0.004570061806589365, 0.047013599425554276, 0.004627147689461708, 0.00802377238869667, -0.015299081802368164, -0.008359946310520172, -0.009279667399823666, -0.024242576211690903, -0.03257714956998825, 0.016072915866971016, 0.016986293718218803, -0.01061167661100626, -0.01586994342505932, 0.00605430081486702, -0.018089959397912025, -0.009780756197869778, -0.011328425258398056, 0.02570144273340702, -0.0004999000229872763, 0.01241306122392416, 0.008398003876209259, -0.015387882478535175, -0.010370646603405476, 0.015895314514636993, -0.001504060928709805, 0.003840627847239375, -0.011854886077344418, -0.0015976186841726303, 0.004421003628522158, 0.03176525980234146, 0.02024654671549797, -0.010047158226370811, 0.011290367692708969, 0.024750007316470146, 0.0014945465372875333, -0.024762693792581558, -0.0067678773775696754, 0.024902237579226494, 0.00643804669380188, -0.023379940539598465, 0.0028860208112746477, 0.01427153218537569, -0.0008261631010100245, 0.022504620254039764, 0.022504620254039764, 0.013269353657960892, -0.0226441640406847, -0.006843992508947849, -0.0030826509464532137, 0.0029843358788639307, -0.018254874274134636, 0.005619812291115522, 0.015159538015723228, -0.010909792967140675, -0.0010553004685789347, -0.00436708889901638, 0.010104244574904442, 0.027020767331123352, -0.0012614448787644506, -0.00014053494669497013, 0.002213673200458288, 0.004275116603821516, 0.02090620808303356, 0.010840021073818207, 0.01893990859389305, -0.0036915696691721678, 0.006419017910957336, 0.022491933777928352, 0.0031143655069172382, 0.031130967661738396, 0.006660048384219408, -0.0016134759644046426, -0.037676844745874405, 0.019827915355563164, -0.011125451885163784, 0.005984528921544552, 0.029659414663910866, -0.00534706749022007, -0.013611869886517525, 0.01910482347011566, -0.015134166926145554, 0.003184137400239706, -0.023862000554800034, 0.01399244461208582, 0.0032348805107176304, 0.03884393721818924, 0.007205537986010313, -0.04153332859277725, 0.014309589751064777, 0.007180166430771351, -0.01625051721930504, 0.012089572846889496, -0.001815655967220664, 0.010789277963340282, -0.01598411612212658, 0.00035322041367180645, 0.037296269088983536, -0.029126610606908798, 0.0018140702741220593, 0.022771021351218224, 0.0006652119336649776, -0.0454913005232811, 0.00028305203886702657, -0.0030874081421643496, 0.028669921681284904, 0.003536168485879898, -0.03498745337128639, -0.009704641997814178, 0.025726815685629845, 0.009837842546403408, 0.00067512271925807, -0.015806514769792557, -0.0172907542437315, 0.01306638028472662, 0.007142108865082264, 0.018597392365336418, -0.02973552979528904, -0.021540498360991478, 0.02216210402548313, -0.012336946092545986, -0.0038089132867753506, 0.044501807540655136, 0.02973552979528904, -0.01892722211778164, -0.01418273150920868, 0.0028051489498466253, 0.030141474679112434, 0.004373431671410799, -0.004287802614271641, 0.012425746768712997, -0.04429883509874344, -0.010034472681581974, -0.03323681280016899, -0.017011666670441628, -0.03186674416065216, -0.0031397370621562004, 0.00371694122441113, 0.018254874274134636, 0.004719119984656572, 0.013523069210350513, -0.023608285933732986, 0.012083230540156364, -0.0015088181244209409, -0.014969251118600368, 0.000643804669380188, 0.023367254063487053, 0.01702435128390789, 0.04110201075673103, -0.00304776499979198, 0.004833292216062546, -0.02854306437075138, 0.039148397743701935, 0.02434406243264675, -0.003599597606807947, 0.005404153373092413, 0.03006536141037941, -0.02674167975783348, -0.010275502689182758, -0.0054866112768650055, 0.018686192110180855, 0.02199718728661537, -0.0010053501464426517, -0.011157166212797165, -0.04391825944185257, -0.012958550825715065, -0.0025641184765845537, 0.018077272921800613, 0.00329513824544847, -0.0021962302271276712, -0.014525247737765312, -0.012482833117246628, -0.011112766340374947, -0.007731998804956675, 0.021591242402791977, -0.032221946865320206, -0.010345274582505226, 0.004094344098120928, 0.017582528293132782, 0.03770221769809723, -0.003932599909603596, -0.00025213041226379573, -0.044983867555856705, -0.033642757683992386, 0.0036091117653995752, 0.011125451885163784, 0.01094150822609663, 0.0027528200298547745, -0.003992857411503792, -0.0007230909541249275, 0.020766664296388626, -0.004408317618072033, 0.0014604533789679408, -0.0153625113889575, -0.006063815206289291, 0.006989879067987204, -0.008017429150640965, -0.008258460089564323, -0.03001461736857891, 0.01882573589682579, 0.008607319556176662, 0.01505805179476738, 0.017379553988575935, -0.01145528256893158, 0.014043187722563744, 0.010193045251071453, -0.006850335281342268, -0.03308458253741264, -0.004110201261937618, -0.05307741463184357, -0.005638841073960066, -0.008283831179141998, -0.017049724236130714, 0.00486817816272378, -0.011658255942165852, -0.012064201757311821, 0.019003337249159813, 0.0021486585028469563, 0.0135611267760396, -0.004065800923854113, 0.002979578683152795, -0.017316125333309174, 0.021641984581947327, 0.03420093283057213, -0.023164281621575356, -0.011334767565131187, -0.013332782313227654, -0.04366454482078552, -0.013954387046396732, -0.0008642205502837896, -0.013079065829515457, -0.012520890682935715, 0.005902071483433247, -0.006989879067987204, -0.024508977308869362, 0.0112967099994421, -0.0019329997012391686, 0.00865171942859888, -0.003206337569281459, -0.01844516210258007, -0.022403134033083916, -0.018140703439712524, 0.00827114563435316, -0.024141089990735054, -0.02132483944296837, 0.015108794905245304, -0.00643804669380188, 0.025232069194316864, -0.023227710276842117, -0.04950001463294029, -0.04500924050807953, -0.014423761516809464, 0.013764100149273872, -0.022491933777928352, 0.010269160382449627, 0.02383662946522236, -0.020259233191609383, -0.02859380654990673, 0.028872894123196602, 0.035976946353912354, 0.009317724965512753, 0.014563305303454399, 0.016516920179128647, -0.018292931839823723, -0.008930807933211327, -0.004535175859928131, 0.012019800953567028, -0.0018743278924375772, -0.0472419410943985, 0.03138468414545059, 0.033642757683992386, -4.207128586131148e-05, 0.0039452859200537205, -0.01418273150920868, -0.0036027689930051565, 0.014994623139500618, -0.018851108849048615, -0.0010529218707233667, 0.007161137647926807, -0.02428063377737999, -0.027046138420701027, 0.014994623139500618, -0.029202725738286972, 0.01197540108114481, -0.0035298254806548357, -0.01734149642288685, -0.022885194048285484, -0.002884435234591365, -0.002159758470952511, 0.02400154620409012, 0.002017043298110366, 0.025130581110715866, -0.028720665723085403, 0.00758611224591732, 0.0009474711259827018, 0.018470533192157745, 0.005759356077760458, 0.007351424545049667, 0.0008681848412379622, 0.017937729135155678, -0.012635063380002975, -0.008581947535276413, 0.016986293718218803, -0.02722373977303505, -0.014144673943519592, 0.001913971034809947, -0.007884228602051735, -0.009019608609378338, 0.0006295331404544413, -0.01734149642288685, -0.0036376549396663904, 0.03077576495707035, -9.44002385949716e-06, -0.003957971464842558, -0.0030017788521945477, -0.04338545724749565, -0.019447341561317444, -0.006564904469996691, 0.005270952358841896, 0.07550591975450516, -0.002261244924739003, -0.01746835559606552, 0.011607512831687927, 0.008309203200042248, -0.017912358045578003, -0.007402168121188879, -0.00010138734069187194, 0.0041038584895431995, -0.056781668215990067, 0.025346240028738976, -0.048485152423381805, -0.008112573064863682, -0.02280907891690731, -0.00777639914304018, 0.006060644052922726, -0.015679655596613884, 0.031841374933719635, -0.006907421629875898, -0.027375970035791397, 0.00659027649089694, -0.011563112027943134, 0.01735418289899826, 0.000950642628595233, -0.026970023289322853, 0.011880257166922092, -0.0050933510065078735, -0.002763919997960329, -0.00605430081486702, -0.056832410395145416, 0.0066727339290082455, -0.02132483944296837, 0.016618406400084496, 0.0007111980230547488, -0.008309203200042248, -0.012761920690536499, 0.0035805688239634037, 0.0015484612667933106, -0.008448746986687183, -0.007313367445021868, -0.006311188451945782, -0.02095695212483406, -0.0009197209728881717, -0.007205537986010313, -0.014423761516809464, -0.0028051489498466253, -0.002365902764722705, -0.01735418289899826, 0.012140316888689995, -0.012793635949492455, -0.004122886806726456, 0.003751827171072364, 0.015730399638414383, -0.002733791247010231, 0.014334960840642452, -0.0007084229728206992, -0.007801770698279142, -0.0011877085780724883, -0.0225934199988842, -0.004243402276188135, -0.022618792951107025, 0.006951821967959404, 0.04792697727680206, -2.8939495678059757e-05, -0.0003468775248620659, 2.1518793801078573e-05, 0.023113539442420006, -0.02018311806023121, 0.008930807933211327, 0.006457075476646423, 0.0036883980501443148, 0.016884807497262955, 0.012260831892490387, -0.014449133537709713, 0.02548578381538391, 0.028872894123196602, 0.04257356375455856, 0.0007377589354291558, -0.011607512831687927, -0.0020884007681161165, -0.020309975370764732, -0.01036430336534977, -0.01892722211778164, -0.029202725738286972, -0.004262431059032679, -0.002042414853349328, -0.006390474736690521, -0.012971236370503902, 0.030039988458156586, -0.015032680705189705, -0.01593337208032608, -0.006755191832780838, -0.0022897880990058184, -0.02056369185447693, -0.03859022259712219, 0.01586994342505932, -0.002935178345069289, -0.011823171749711037, -0.00802377238869667, -0.003009707434102893, -0.005426353774964809, 0.012514547444880009, 0.02241581864655018, 0.0008095130324363708, 0.009939328767359257, -0.004468575119972229, -0.0035773974377661943, -0.012045172974467278, -0.029532557353377342, 0.006101872771978378, 0.01795041561126709, -0.012831692583858967, 0.022453876212239265, -0.0007972236489877105, 0.018533963710069656, -0.008055486716330051, -0.0027670913841575384, -0.012381346896290779, 0.004075315315276384, -0.004931607283651829, -0.01789967343211174, -0.012495518662035465, -0.004953807219862938, 0.01795041561126709, -0.031892117112874985, -0.011886600404977798, 0.005997214931994677, -0.009495326317846775, -0.035596370697021484, 0.030598163604736328, 0.0032475662883371115, 0.00022794808319304138, 0.017645956948399544, -0.021616613492369652, -0.004160944372415543, -0.0032697664573788643, -0.04016326367855072, 0.006038443651050329, -0.005883042700588703, -0.003223780542612076, -0.012990265153348446, -0.0031651086173951626, -0.000315559416776523, 0.011448940262198448, -0.008283831179141998, 0.017506413161754608, 0.014246160164475441, 0.21413640677928925, -0.035976946353912354, -0.009679269976913929, 0.02285982295870781, -0.0026259617879986763, 0.044704779982566833, 0.040569208562374115, 0.0181153304874897, -0.006507818587124348, 0.0077700563706457615, -0.01866082102060318, -0.02745208516716957, -0.033414412289857864, 0.014690163545310497, 0.01358649879693985, -0.024597778916358948, -0.02821323275566101, -0.033592015504837036, 0.007446568459272385, -0.026767050847411156, 0.008550233207643032, -0.016326632350683212, -0.006907421629875898, -0.014436447061598301, 0.05358484387397766, 0.006022586487233639, 0.009698298759758472, -0.007522683124989271, 0.021946445107460022, 0.012863407842814922, -0.02826397679746151, -0.017113152891397476, 0.0031524228397756815, 0.003815256292000413, -0.020995009690523148, -0.003498111153021455, 0.00032784880022518337, -0.015045366249978542, 0.0007999986410140991, 0.03133394196629524, 0.011493340134620667, -0.013218609616160393, -0.01527371071279049, 0.007154794875532389, -0.017430298030376434, 0.03422630578279495, 0.0027575772255659103, -0.013523069210350513, 0.007173823192715645, -0.014258845709264278, -0.03960508853197098, -0.03234880417585373, -0.021921072155237198, 0.000544300361070782, 0.0135611267760396, -0.00045074254740029573, 0.006149444729089737, 0.017442982643842697, -0.007998400367796421, 0.025511156767606735, 0.001554011250846088, 0.014030501246452332, -0.0037105982191860676, 0.02935495600104332, -0.014411075972020626, 0.016466176137328148, -0.0036503407172858715, -0.015958745032548904, 0.019079452380537987, -0.01975180022418499, 0.010408704169094563, -0.005908414255827665, -0.012241803109645844, 0.00762416934594512, -0.0016729406779631972, -0.0253208689391613, 0.022999366745352745, 0.03224731981754303, 0.011119109578430653, 0.02482612244784832, -0.005756184458732605, 0.016415433958172798, -0.008918121457099915, -0.006212873384356499, -0.01195002906024456, -0.02482612244784832, 0.013700670562684536, -0.023037424311041832, -0.005721298512071371, -0.021857643499970436, 0.006051129661500454, -0.012857064604759216, -0.010389675386250019, 0.023113539442420006, 0.019295111298561096, 0.015286396257579327, 0.02416646108031273, 0.008467775769531727, -0.0014897893415763974, -0.01110642310231924, -0.015996800735592842, 0.010947850532829762, 0.017722072079777718, 0.003033493412658572, -0.007567083463072777, 0.012159345671534538, 0.013104437850415707, 0.005857671145349741, 0.0010283432202413678, -0.014220789074897766, -0.009228924289345741, -0.020005516707897186, -0.0015999972820281982, -0.006155787501484156, 0.009749041870236397, 0.00783348549157381, 0.008480461314320564, 0.0019298283150419593, -0.0095460694283247, -0.016669148579239845, 0.018254874274134636, -0.030217589810490608, -0.018787678331136703, 0.01309175230562687, -0.008550233207643032, -0.012704835273325443, -0.025079838931560516, 0.013104437850415707, -0.01680869236588478, -0.006552218925207853, -0.002502275165170431, -0.026538707315921783, 0.021096495911478996, 0.0022390447556972504, -0.009844185784459114, 0.0013113952009007335, 0.01524833869189024, 0.011176194995641708, -0.016110973432660103, -0.0012590662809088826, -0.01159482728689909, -0.025079838931560516, 0.006698105484247208, -0.013840214349329472, 0.003009707434102893, -0.011696313507854939, 0.013637241907417774, -0.005080665461719036, -0.01854664832353592, -0.004151429980993271, -0.027807287871837616, 0.020068945363163948, 0.005144094582647085, -0.011810485273599625, -0.0012313160113990307, -0.018800364807248116, -0.023976173251867294, -0.029760900884866714, -0.012362318113446236, -0.02105843834578991, -0.014195417053997517, 0.004401974845677614, -0.0007785913767293096, 0.01697360910475254, -0.006162130273878574, 0.015616226941347122, -0.15649209916591644, 0.006539532914757729, -0.006133587099611759, -0.04069606587290764, -0.005997214931994677, -0.009438239969313145, -0.0003661044465843588, -0.008137945085763931, -0.020221175625920296, 5.265105187390873e-07, -0.006412675138562918, -0.034733738750219345, -0.008531204424798489, -0.011328425258398056, -0.012609691359102726, -0.014411075972020626, 0.016669148579239845, 0.012514547444880009, 0.043030254542827606, 0.010884421877563, 0.023494113236665726, -0.057695046067237854, 0.03879319503903389, -0.005102865397930145, -0.00013934564776718616, -0.031892117112874985, -0.005816441960632801, 0.009628526866436005, -0.00799205806106329, -0.011854886077344418, -0.008385318331420422, -0.01325666718184948, 0.033033840358257294, 6.124865467427298e-05, 0.01434764638543129, 0.001823584665544331, 0.004474918358027935, -0.000819820212200284, -0.023050108924508095, 0.024026917293667793, -0.016821378841996193, 0.049195557832717896, -0.017481040209531784, 0.03011610358953476, 0.004281459376215935, 0.03711866959929466, 0.0027607486117631197, -0.008886407129466534, -0.018356362357735634, -0.011931000277400017, -0.009952015243470669, -0.03077576495707035, 0.019409283995628357, 0.007135766092687845, -0.0054422109387815, -0.0006049543735571206, 0.005626155063509941, 0.006254102569073439, 0.007135766092687845, -0.024026917293667793, -0.004398803226649761, -0.017240010201931, 0.0012455875985324383, 0.007148451637476683, 0.009349439293146133, -0.015793828293681145, 0.008803949691355228, -0.006698105484247208, -0.025739500299096107, 0.009603154845535755, -0.005334381479769945, -0.02166735753417015, 0.015375196933746338, -0.01555279828608036, 0.008467775769531727, 0.01861007697880268, -0.03153691440820694, -0.027325225993990898, -0.022136731073260307, 0.014030501246452332, -0.028466949239373207, 0.024483606219291687, -0.04153332859277725, -0.021527813747525215, -0.01614903099834919, 0.02252999134361744, 0.007015250623226166, 0.00971098430454731, 0.016110973432660103, 0.0034441964235156775, 0.007421196438372135, -0.03115634061396122, 0.008163316175341606, -0.01566697098314762, 0.009184523485600948, 0.02983701601624489, 0.0036915696691721678, -0.016390061005949974, 0.020056258887052536, -0.035926204174757004, 0.0025863186456263065, -0.0020154574885964394, -0.008004743605852127, 0.0008031700854189694, 0.03727089986205101, -0.01066876295953989, -0.014144673943519592, -0.00025272503262385726, -0.005045779515057802, -0.031613029539585114, 0.03321143984794617, 0.009749041870236397, 0.011804142966866493, 0.010897107422351837, -0.018140703439712524, 0.0015143681084737182, 0.008061829954385757, -0.008943493478000164, 0.024635836482048035, 0.005118722561746836, 0.039909545332193375, -0.006894735619425774, 0.0002620411978568882, 0.018572019413113594, -0.014119301922619343, -0.02292325161397457, -0.0909826010465622, -0.013408897444605827, 0.00044955324847251177, 0.013002951629459858, -0.011911972425878048, -0.0013169453013688326, -0.011892943643033504, 0.03163839876651764, 0.01861007697880268, 0.010427732951939106, -0.02596784569323063, -0.02384931594133377, 0.005572240334004164, -0.012330603785812855, 0.022060617804527283, -0.006171644665300846, 0.027046138420701027, -0.01588262990117073, -0.016072915866971016, 0.022288961336016655, -0.003850142238661647, -0.01603485830128193, 0.01625051721930504, -0.010649734176695347, -0.025029094889760017, -0.009476297535002232, -0.002497518202289939, 0.012203745543956757, 0.006488789804279804, 0.01377678569406271, -0.026919281110167503, 0.010985908098518848, 0.012324260547757149, -0.007465596776455641, 0.01707509532570839, 0.008854692801833153, -0.003120708279311657, -0.0006315152859315276, 0.024952981621026993, -0.012558948248624802, 0.0016729406779631972, 0.006761534605175257, -0.02018311806023121, -0.02378588728606701, 0.007205537986010313, -0.024204518646001816, -0.03955434262752533, 0.00047214984078891575, -0.02112186700105667, -0.01866082102060318, -0.018800364807248116, -0.008340917527675629, -0.01642811857163906, -0.01053556241095066, 0.025612642988562584, -0.007567083463072777, 0.0013589670415967703, 0.026208875700831413, -0.019764486700296402, 0.0035329970996826887, 0.012019800953567028, -0.006352417636662722, 0.007192851975560188, 0.011119109578430653, 0.024648521095514297, 0.004322688560932875, -0.04807920381426811, -0.01446181908249855, 0.007249938324093819, 0.012945865280926228, -0.016491547226905823, 0.005714955739676952, -0.00837263185530901, 0.03704255446791649, -0.030598163604736328, 0.02679242193698883, 0.002429331885650754, -0.014246160164475441, -0.0004681855207309127, -0.01434764638543129, -0.011277682147920132, -0.0003452917735558003, -0.003203165950253606, -0.012844379059970379, 0.012730206362903118, 0.016884807497262955, 0.024306004866957664, 0.017240010201931, 0.010985908098518848, -0.00856291875243187, 0.010167673230171204, 0.026234246790409088, -0.021210668608546257, 0.0036281405482441187, 0.004538347013294697, 0.008683434687554836, -0.010059844702482224, -0.021261410787701607, 0.0309279952198267, 0.02477538026869297, -0.01143625471740961, -0.028086375445127487, -0.039909545332193375, 0.004113372880965471, 0.001358174136839807, -0.0008539133123122156, 0.009990072809159756, -0.005477096885442734, -0.008899092674255371, -0.002055100630968809, -0.003643997712060809, 0.0032380521297454834, -0.016821378841996193, 0.00040911725955083966, 0.007104051299393177, -0.0027100052684545517, -0.022022560238838196, 0.009666584432125092, 0.02057637833058834, 0.007548054680228233, 0.004370260052382946, 0.008556576445698738, 0.008366289548575878, 0.020995009690523148, -0.018533963710069656, 0.011905629187822342, -0.006818620953708887, 0.0008800778305158019, -0.0059337858110666275, 0.018153388053178787, 0.006066986825317144, 0.00402457220479846, 0.011239624582231045, -0.03138468414545059, -0.0014438033103942871, 0.012019800953567028, -0.020703235641121864, 0.0009165494702756405, 0.008518518880009651, 0.012635063380002975, 0.018128016963601112, 0.056933898478746414, -0.007960343733429909, -0.00848680455237627, 0.02477538026869297, -0.043842144310474396, 0.003919913899153471, -0.01691018044948578, -0.010193045251071453, -0.006086015608161688, 0.013015637174248695, -0.02618350461125374, 0.03328755497932434, 0.03267863765358925, 0.002879678038880229, -0.01583188585937023, -0.014931193552911282, -0.019193625077605247, -0.008264802396297455, -0.013662612996995449, 0.010389675386250019, -0.03209508955478668, 0.03239955008029938, 0.024255260825157166, -0.006025758106261492, 0.011391853913664818, -0.004662033636122942, 0.0021106009371578693, -0.007877885363996029, 0.021591242402791977, 0.008765892125666142, -0.021375583484768867, -0.0031349798664450645, 0.024648521095514297, 0.01614903099834919, -0.018584705889225006, 0.00146600347943604, 0.007142108865082264, -0.00821405928581953, 0.00559444073587656, 0.008302859961986542, 0.0013066380051895976, 0.011747056618332863, 0.012273517437279224, -0.03460687771439552, 0.007421196438372135, 0.03349052742123604, 0.03214583173394203, -0.00894983671605587, -0.010104244574904442, 0.0009950429666787386, -0.00427194545045495, -0.017886986956000328, -0.003055693581700325, -0.026767050847411156, 0.006983536295592785, 0.0004499497008509934, 0.022783707827329636, 0.0008951422059908509, 0.007351424545049667, -0.007865199819207191, 0.024800751358270645, 0.014068558812141418, 0.005965500138700008, -0.01953614130616188, -0.012248145416378975, -0.012539919465780258, 0.012241803109645844, -0.02209867350757122, -0.02023386023938656, 0.022327018901705742, -0.004947464447468519, 0.0037613415624946356, 0.006168473046272993, 0.015844572335481644, 0.0066790771670639515, -0.02107112482190132, -0.006704448722302914, 0.012679463252425194, 0.0032697664573788643, -0.018077272921800613, 0.019066765904426575, 0.02122335322201252, 0.0085438909009099, 0.0022120873909443617, 0.02570144273340702, 0.01118888147175312, 0.010586305521428585, 0.021680042147636414, -0.02788340114057064, 0.019295111298561096, -0.030522050336003304, -0.0004229923360981047, 0.004525661468505859, -0.0363321490585804, 0.007142108865082264, -0.01778550073504448, -0.033642757683992386, 0.023050108924508095, 0.019409283995628357, -0.012298889458179474, 0.08976476639509201, 0.02100769430398941, -0.025333555415272713, -0.000193656756891869, 0.010922479443252087, -0.007731998804956675, 0.0010402360931038857, -0.0004856285231653601, -0.022009873762726784, 0.030039988458156586, 0.014208102598786354, -0.007104051299393177, 0.013687985017895699, -0.01822950318455696, -0.01285072136670351, 0.006907421629875898, 0.0026941481046378613, 0.016986293718218803, -0.0015849329065531492, 0.018254874274134636, 0.02494029514491558, -0.011442597024142742, 0.02831471897661686, -0.020284604281187057, -0.024191832169890404, -0.012381346896290779, 0.03420093283057213, 0.00044281393638812006, -0.02499103732407093, -0.008283831179141998, -0.010053501464426517, -0.009901272132992744, 0.0008388489368371665, -0.014220789074897766, 0.007249938324093819, -0.007839827798306942, -0.011645570397377014, -0.006076501216739416, -0.00022021766926627606, -0.0020281432662159204, 0.005067979451268911, 0.012463804334402084, -0.014702849090099335, -0.014284217730164528, -0.016225146129727364, -0.004192659165710211, -0.002494346583262086, -0.019168253988027573, 0.0008229916566051543]"
"Introduccion a los delirios y alucinaciones Es importante que la persona sea evaluada por su médico si estos síntomas son nuevos o se empeoran, ya que es posible que los cambios perceptivos sean debidos aun a causa médica subyacente. Los cambios repentinos en el estado mental pueden ser provocados por varias condiciones, incluso las infecciones urinarias, la neumonía, el estreñimiento y la deshidratación. Yo ofrezco algunas ideas para ayudar a la persona con demencia cuando padece de delirios o alucinaciones. Se debe consultar al médico si los síntomas son angustiantes para entonces determinar si existe una causa médica o si un medicamento podría ser provechoso. Los inhibidores de la acetilcolinesterasa como donepezil o rivastigmine suelen ser útiles. Los antipsicóticos son más potentes pero tienen más efectos secundarios, por lo cual se debe considerar si los beneficios de estos medicamentos superan a los riesgos.","[-0.002601100131869316, 0.0017982914578169584, 0.04408382996916771, -0.037096183747053146, -0.028207486495375633, 0.03031405620276928, -0.01685255952179432, -0.01718652807176113, -0.008933654986321926, 0.010712679475545883, -0.0007217250531539321, 0.03355098143219948, 0.004094324540346861, 0.03111044317483902, -0.011265011504292488, 0.007340882904827595, 0.02525315061211586, 0.021913466975092888, 0.037712741643190384, -0.0032305021304637194, -0.023377789184451103, 0.011438418179750443, 0.0006940281018614769, -0.0077005410566926, -0.024354005232453346, 0.01662135124206543, 0.010924620553851128, -0.028284557163715363, -0.0006691410671919584, -0.0059728967025876045, 0.03370511904358864, -0.001923529664054513, 0.009826378896832466, -0.010153924115002155, -0.0042709424160420895, -0.0050544836558401585, 0.01258804090321064, -0.008837318047881126, -0.018843526020646095, -0.010198881849646568, 0.0043223220854997635, 0.010661299340426922, 0.002188456477597356, -0.013641325756907463, 0.0066022989340126514, 0.03624841943383217, -0.020821645855903625, -0.006181627046316862, -0.021746482700109482, 0.035503413528203964, 0.021553808823227882, 0.01886921562254429, -0.0007999988738447428, -0.012793559581041336, 0.030057158321142197, -0.021040011197328568, -0.006878464948385954, 0.01993534527719021, 0.012761447578668594, -0.015195563435554504, 0.0028339147102087736, -0.014103743247687817, -0.011714584194123745, 0.020526213571429253, -0.007225278299301863, 0.02913232147693634, 0.00897219032049179, -0.023904431611299515, 0.013358737342059612, 0.015619446523487568, 0.035914450883865356, 0.018342573195695877, -0.016685575246810913, -0.018124209716916084, 0.024366850033402443, -0.0023409901186823845, -0.008272141218185425, -0.02290252596139908, 0.003065123688429594, 0.017584722489118576, 0.00829140841960907, -0.014912974089384079, -0.038997236639261246, 0.00579949002712965, 0.011290702037513256, 0.023570463061332703, -0.0038984389975667, 0.0030233776196837425, -0.01962706632912159, -0.006750015541911125, -0.03799533098936081, 0.008355633355677128, 0.022003380581736565, 0.020628971979022026, -0.0032176573295146227, 0.035837382078170776, 0.005706364288926125, 0.013641325756907463, -0.03206096962094307, -0.01741773821413517, -0.00785468053072691, 0.01028879638761282, -0.05215045437216759, -0.0011616641422733665, 0.0054366206750273705, 0.005115496926009655, -0.014656076207756996, 0.003333261702209711, 0.010089700110256672, -0.010314485989511013, -0.00704544922336936, 0.01817558892071247, 0.006942689884454012, -0.040256038308143616, 0.0114063061773777, 0.01428357232362032, 0.006082078907638788, 0.029491981491446495, 0.0011472136247903109, -0.0315728597342968, -0.0005382832605391741, 0.007315192837268114, -0.002793774241581559, -0.02331356517970562, 0.01218984741717577, -0.004081479273736477, 0.0006185640813782811, -0.004277364816516638, -0.017751706764101982, -0.0032144461292773485, -0.007295925635844469, 0.010507160797715187, 0.015889190137386322, -0.006782128009945154, -0.005343494936823845, 0.025034787133336067, -0.006268330384045839, -0.015413926914334297, -0.012292606756091118, -0.019151804968714714, 0.016338761895895004, 0.010070431977510452, -0.02354477345943451, -0.012549505569040775, -0.001368788885883987, 0.03478409722447395, 0.006143092177808285, 0.008747403509914875, 0.0020760633051395416, 0.02118130400776863, 0.016878250986337662, -0.03696773573756218, -0.010365866124629974, -0.019986726343631744, -0.0003203206870239228, 0.02849007584154606, 0.005696730688214302, 0.004938879050314426, -0.032112348824739456, -0.0012234804453328252, 0.012266917154192924, -0.03334546089172363, -0.010243838652968407, -0.006916999816894531, 0.0008871036116033792, 0.016415832564234734, -0.0017453060718253255, -0.004161760210990906, 0.006518806796520948, 0.011611824855208397, -0.0035612594801932573, 0.04051293805241585, -0.02277407795190811, 0.02209329605102539, 0.014733145013451576, -0.005976107902824879, -0.0016080258646979928, 0.033525291830301285, -0.032189417630434036, -0.005966474302113056, -0.03465564548969269, 0.0010075249010697007, 0.023416323587298393, 0.020962940528988838, -0.03951103240251541, -0.004084690473973751, 0.023904431611299515, 0.007283080369234085, -0.015285477973520756, -0.015580911189317703, 0.0029109844472259283, -0.0019058678299188614, 0.0027696900069713593, -0.037019114941358566, -0.6251888871192932, -0.024469610303640366, 0.008413434959948063, -0.005414141807705164, 0.004585643298923969, 0.02920939214527607, 0.021309753879904747, 0.020449142903089523, -0.003985142335295677, -0.05001819506287575, 0.0011343687074258924, -0.0006655284087173641, 0.004906766582280397, -0.008374900557100773, -0.023942966014146805, -0.011181519366800785, -0.014026673510670662, -0.01594056934118271, 0.031238893046975136, 0.006233006715774536, 0.005770588759332895, 0.012119200080633163, -0.012697222642600536, -0.0052728476002812386, 0.02346770465373993, 0.005382029339671135, 0.0038310030940920115, -0.015837810933589935, -0.008066621609032154, 0.03414184972643852, -0.0013856478035449982, 0.0015494207618758082, -0.013551411218941212, 0.024276934564113617, 0.058316025882959366, -0.02156665362417698, 0.018381107598543167, 0.01813705451786518, -0.010873241350054741, 0.04408382996916771, 0.0270000621676445, -0.005809123627841473, 0.04071845859289169, -0.017469117417931557, 0.00935753807425499, -0.0034360212739557028, 0.027513859793543816, -0.016184624284505844, -0.015285477973520756, 0.023262185975909233, 0.02030784823000431, -0.0029109844472259283, -0.02476504258811474, -0.005295326001942158, 0.028233176097273827, 0.027025751769542694, 0.02023077942430973, -0.02418702095746994, -0.004062212072312832, 0.006245851516723633, -0.029903018847107887, 0.012825671583414078, -0.02003810554742813, -0.015645135194063187, -0.012799981981515884, 0.03925413265824318, -0.028207486495375633, -0.010256684385240078, 0.024289779365062714, 0.018894905224442482, 0.004710881505161524, 0.01852240227162838, -0.03260045498609543, 0.001897839829325676, 0.03244631737470627, 0.0022029071114957333, -0.004136070609092712, 0.005115496926009655, -0.003936973866075277, 0.004826486110687256, 0.013281667605042458, 0.0011335659073665738, -0.04141208529472351, -0.006290809251368046, 0.032343558967113495, 0.004274153616279364, 0.004280576016753912, -0.005163665395230055, -0.013885379768908024, -0.008798783645033836, 0.008747403509914875, 0.008201493881642818, -0.0014546894235536456, -0.02168225683271885, -0.02183639630675316, 0.009498832747340202, -0.012427479028701782, 0.01692963019013405, 0.02384020760655403, 0.011772386729717255, -0.0028820831794291735, -0.02057759277522564, -0.01380831003189087, 0.022876836359500885, 0.032343558967113495, 0.018496712669730186, -0.04570229351520538, 0.01924171857535839, 0.044674698263406754, -0.02030784823000431, 0.0067371707409620285, 0.006069233641028404, 0.00639035739004612, -0.008593264035880566, 0.015773585066199303, -0.016017640009522438, 0.020012415945529938, 0.01954999752342701, -0.0034295988734811544, -0.02468797378242016, -5.428993972600438e-05, -0.001056496286764741, 0.0028852943796664476, -0.002516002394258976, 0.02315942570567131, -0.009216244332492352, -0.004181027878075838, 0.0018609105609357357, -0.00567746302112937, -0.01737920194864273, -0.007546402048319578, -0.011091604828834534, 0.019562842324376106, 0.005276058800518513, -0.004331955686211586, -0.005385241005569696, 0.03437305614352226, -0.01631307229399681, -0.015131338499486446, -0.00990344863384962, -0.03825223073363304, -0.011714584194123745, 0.010481470264494419, 0.0031903618946671486, 0.020436298102140427, -0.03486116603016853, -0.015889190137386322, 0.000556346436496824, -0.028284557163715363, -0.006245851516723633, 0.0007811328978277743, -0.04023034870624542, -0.003551625646650791, 0.058316025882959366, 0.01306330319494009, 0.003124531591311097, 0.00043391811777837574, -0.009196976199746132, -0.015812119469046593, -0.0030025045853108168, 0.02628074586391449, 0.013474341481924057, -0.0039722975343465805, 0.007270235568284988, -0.03832929953932762, -0.04665281996130943, 0.03429598733782768, 0.01650574617087841, -0.025574274361133575, -0.027565238997340202, 0.0075207119807600975, -0.002729549538344145, 0.011663204990327358, 0.006072444841265678, -0.013512875884771347, 0.023210804909467697, 0.0038534817285835743, -0.008458392694592476, -0.0031823336612433195, 0.024328315630555153, 0.011110872961580753, -0.013512875884771347, 0.002138682408258319, 0.0015558432787656784, 0.02034638449549675, -0.0048714433796703815, 0.01619746908545494, 0.012941276654601097, 0.008362055756151676, 0.029106631875038147, 0.012273339554667473, 0.0231979601085186, 0.016261693090200424, -0.007308770436793566, -0.006743593141436577, 0.00823360588401556, 0.00791248306632042, -0.019871121272444725, -0.008959345519542694, 0.020641816779971123, 0.03912568464875221, -0.00416497141122818, 0.02959473989903927, -0.004656290635466576, 0.0048585981130599976, -0.018316883593797684, 0.014514781534671783, -0.009742886759340763, 0.020320694893598557, 0.010153924115002155, -0.0011472136247903109, -0.021926311776041985, -0.00823360588401556, -0.008394167758524418, 0.003843848127871752, 0.03714756295084953, 0.006509173195809126, -0.0074179526418447495, -0.01412943284958601, -0.028515765443444252, -0.018381107598543167, 0.01776455156505108, 0.01586350053548813, 0.011367770843207836, 0.01193937100470066, 0.008162958547472954, 0.023416323587298393, -0.0036736526526510715, -0.0034199650399386883, -0.008381322957575321, -0.014733145013451576, -0.0009850462665781379, 0.014540471136569977, 0.023930121213197708, -0.029235081747174263, 0.02430262602865696, -0.008586841635406017, -0.024598058313131332, 0.026062382385134697, -0.004842542111873627, -0.020628971979022026, 0.020641816779971123, 0.011277856305241585, 0.017738861963152885, 0.016069019213318825, 0.03172700107097626, 0.023095201700925827, 0.017366357147693634, 0.008374900557100773, 0.024045726284384727, 0.0012676349142566323, 0.014232193119823933, -0.027411101385951042, -0.01737920194864273, -0.027359720319509506, -0.012061397545039654, 0.02597246691584587, 0.010205304250121117, 0.027513859793543816, 0.009691506624221802, 0.022645628079771996, -0.014026673510670662, 0.013146795332431793, 0.0020150498021394014, -0.008265718817710876, -0.0010829889215528965, 0.010160347446799278, 0.00022940259077586234, -0.007674851454794407, -0.005311382468789816, -0.03072509542107582, 0.008156536146998405, 0.006072444841265678, -0.0030281944200396538, 0.010731946676969528, -0.0014908157754689455, -0.02453383430838585, 0.004900344181805849, 0.020243624225258827, 0.012324719689786434, -0.01213204488158226, -0.006297231651842594, 0.014424866996705532, 0.015298322774469852, 0.02536875568330288, -0.001205015811137855, -0.0023458071518689394, 0.013178907334804535, 0.00692342221736908, 0.011033803224563599, -0.023146580904722214, -0.018471023067831993, -0.010931042954325676, 0.01028879638761282, 0.01692963019013405, -0.00867033377289772, 0.029312152415513992, 0.012209114618599415, -0.00032373261637985706, -0.02373744733631611, -0.0020182610023766756, -0.012311873957514763, -0.023596152663230896, -0.016531437635421753, 0.0001551427849335596, 0.008753825910389423, -0.02577979303896427, -0.011798076331615448, 0.005227890331298113, -0.009447452612221241, -0.011168674565851688, -0.004492517560720444, -0.014514781534671783, -0.01222838182002306, 0.006647256202995777, 0.011277856305241585, -0.014412022195756435, -0.0011239321902394295, 0.020937250927090645, 0.004110380541533232, -0.008818050846457481, -0.025510050356388092, 0.003847059328109026, -0.014694610610604286, -0.003142193192616105, 0.008818050846457481, -0.007963862270116806, 0.020937250927090645, 0.02866990491747856, 0.01038513332605362, -0.01365417055785656, -0.027590930461883545, 0.03134165331721306, -0.006181627046316862, -0.023146580904722214, 0.01908757910132408, 0.026691783219575882, 0.016146088019013405, 0.009254778735339642, 0.022941062226891518, -0.003821369493380189, -0.014745990745723248, -0.004585643298923969, -0.0031550382263958454, -0.007340882904827595, -0.0015213225269690156, 0.013307357206940651, 0.025548584759235382, -0.0022558923810720444, -0.030365437269210815, 0.0007843440980650485, 0.02905525267124176, 0.027565238997340202, -0.002438932890072465, -0.017751706764101982, -0.02414848655462265, -0.004595276899635792, 0.04285071790218353, -0.004296632017940283, 0.00341354263946414, -0.0022558923810720444, 0.0023265397176146507, 0.020166555419564247, 0.019100423902273178, 0.015452462248504162, -0.010597075335681438, 0.003079574089497328, -0.023608999326825142, 0.010468625463545322, -0.0059022498317062855, 0.009762153960764408, 0.0182526595890522, -0.018162744119763374, -0.02430262602865696, 0.001679475768469274, 0.0005346706020645797, 0.0012010018108412623, -0.019293099641799927, 0.022003380581736565, 0.00596968550235033, 0.04161760210990906, 0.0075207119807600975, -0.029800258576869965, 0.014309261925518513, -0.002657296834513545, -0.016377298161387444, 0.008753825910389423, -0.007026182021945715, -0.025188926607370377, -0.011926526203751564, -0.0020744577050209045, 0.0130247687920928, -0.030904924497008324, 0.015028579160571098, 0.010860396549105644, -0.01673695631325245, -0.03927982598543167, -0.004428292624652386, -0.006313287653028965, 0.015490996651351452, -0.008830895647406578, -0.024097105488181114, 0.017353512346744537, 0.022697007283568382, -0.007681273855268955, -0.0030731516890227795, 0.0016120398649945855, -0.015516686253249645, 0.035657551139593124, 0.0006298034568317235, 0.0008590053184889257, -0.04441779851913452, -0.02445676364004612, 0.015645135194063187, 0.0014306050725281239, -0.013769774697721004, 0.025009097531437874, 0.0018095307750627398, 0.007668428588658571, 0.0004949315916746855, 0.003391064004972577, 0.00306191248819232, -0.0060371216386556625, -0.020449142903089523, 0.007732653524726629, -0.037558604031801224, -0.005365973338484764, -0.028156107291579247, -0.002655691234394908, -0.019832586869597435, -0.004996681585907936, 0.012157735414803028, -0.004710881505161524, -0.0023522295523434877, 0.00487786578014493, -0.007841835729777813, 0.004267731215804815, -0.0074179526418447495, 0.0010251867352053523, 0.015619446523487568, -0.00748217711225152, 0.022298814728856087, 0.006550919264554977, -0.018612317740917206, 0.011303546838462353, -0.019961034879088402, 0.036531008780002594, 0.028926802799105644, -0.01776455156505108, 0.016557127237319946, 0.044674698263406754, -0.017970070242881775, -0.026409195736050606, -0.003164671827107668, 0.015092804096639156, 0.0490676686167717, -0.00421313988044858, -0.0311875119805336, -0.04929887875914574, 0.01631307229399681, -0.008689600974321365, 0.020564747974276543, -0.01734066754579544, -0.021746482700109482, 0.004014043603092432, -0.006040332838892937, -0.03190682828426361, 0.00021434992959257215, 0.013589945621788502, -0.029003873467445374, -0.002980025950819254, 0.02890111319720745, -0.014026673510670662, 0.011611824855208397, -0.002117809373885393, 0.002927040448412299, -0.03064802475273609, -0.00601785397157073, -0.0031004471238702536, 0.009344693273305893, 0.008683178573846817, -0.017777396366000175, 0.01574789546430111, 0.0023153002839535475, 0.028001967817544937, 0.004389758221805096, 0.008625376969575882, 0.005728843156248331, -0.014553315937519073, 0.0056742518208920956, -0.02164372242987156, 0.0011014535557478666, -0.03976793214678764, 0.031470101326704025, 0.008657488971948624, 0.014013828709721565, 0.015388237312436104, -0.014656076207756996, 0.0330885648727417, 0.005475155543535948, -0.015336857177317142, -0.02277407795190811, -0.02091156132519245, -0.04503435641527176, -0.011965060606598854, -0.0014346191892400384, 0.015619446523487568, -0.00015233295562211424, -0.016325917094945908, -0.005882982164621353, 0.04110380634665489, -0.0005880573880858719, 0.0028066192753612995, -0.01567082665860653, 0.015683671459555626, -0.026691783219575882, 0.03735308349132538, 0.02818179689347744, -0.00748217711225152, 0.00028098304755985737, -0.005112285725772381, -0.030545266345143318, -0.016171779483556747, -0.009832801297307014, 0.0066729458048939705, 0.016146088019013405, 0.01306330319494009, 0.0008244845666922629, -0.01780308596789837, 0.023416323587298393, 0.013975294306874275, -0.004730148706585169, -0.0010829889215528965, -0.018997665494680405, -0.02373744733631611, -0.013564256019890308, -0.0075528244487941265, -0.04110380634665489, -0.012812826782464981, 0.008162958547472954, -0.013641325756907463, 0.010982423089444637, -0.011213632300496101, -0.0342189185321331, -0.013589945621788502, -0.01642867736518383, 0.010526427999138832, -0.017790241166949272, 0.0073537277057766914, 0.04267088696360588, -0.028079036623239517, 0.0036511740181595087, 0.025882553309202194, 0.017623256891965866, 0.011239321902394295, 0.01642867736518383, 0.023339254781603813, -0.005160454194992781, -0.00042829845915548503, -0.004396180622279644, 0.008599686436355114, -0.015837810933589935, -0.05191924422979355, 0.01798291504383087, 0.011252166703343391, 0.01726359874010086, -0.010025475174188614, -0.009280468337237835, 0.002971997717395425, 0.019794050604104996, -0.015773585066199303, -0.012074243277311325, 0.0038984389975667, -0.011483375914394855, -0.00819507148116827, -0.004527841228991747, -0.025073321536183357, 0.01567082665860653, -0.024880647659301758, 0.01685255952179432, -0.030262676998972893, -0.014771680347621441, -0.0270000621676445, 0.02110423520207405, -0.013923914171755314, 0.013140372931957245, -0.023326409980654716, 0.0030249832198023796, -0.014733145013451576, 0.006477060727775097, 0.02753954939544201, 0.009575902484357357, 0.0068720425479114056, 0.031701311469078064, 0.003391064004972577, -0.007739075925201178, 0.03180406987667084, -0.03902292624115944, -0.006801395211368799, -0.01145126298069954, -0.010320908389985561, -0.0008830895530991256, 0.009742886759340763, -0.008047354407608509, -0.0019138959469273686, 0.02380167320370674, -0.016749801114201546, -0.0009152019047178328, -0.0038855941966176033, -0.023146580904722214, -0.019023355096578598, 0.005330649670213461, 0.011843034066259861, 0.05487358197569847, 0.019190339371562004, -0.019691292196512222, 0.004836119711399078, 0.030930614098906517, -0.004415447823703289, 0.0028531821444630623, 0.016248848289251328, -0.004203506279736757, -0.03254907578229904, 0.011534755118191242, -0.04161760210990906, -0.020359229296445847, -0.01574789546430111, -0.009897025302052498, -0.00673074834048748, -0.024636592715978622, 0.03606858849525452, -0.01057138480246067, -0.04038449004292488, 0.005754532758146524, 0.002162766642868519, 0.008644644170999527, 0.004091113340109587, -0.004007621202617884, 0.022311659529805183, -0.0011833399767056108, 0.0010853973217308521, 0.0010797777213156223, -0.05631221458315849, 0.0035098795779049397, -0.028156107291579247, 0.008773093111813068, 0.005060906056314707, -0.004460405092686415, -0.009704351425170898, 0.011573290452361107, 0.005802701227366924, 0.0005406916607171297, -0.03401339799165726, -0.011586135253310204, -0.06175846979022026, -0.006168782245367765, -0.022041914984583855, -0.015413926914334297, 0.015889190137386322, -0.0026765642687678337, -0.012543083168566227, 0.018008604645729065, -0.001732461154460907, -0.005125130992382765, -0.009922715835273266, 0.01875361055135727, 0.011226477101445198, 0.014026673510670662, -0.004845753312110901, -0.005866926163434982, -0.00950525514781475, -0.005468732677400112, -0.027411101385951042, 0.0011632698588073254, -0.016942474991083145, 0.03817515820264816, 0.017700325697660446, 0.0053723957389593124, 0.0059728967025876045, 0.008310675621032715, -0.012510971166193485, 0.025073321536183357, 0.01639014296233654, 0.005638928152620792, 0.010391555726528168, -0.0006000995053909719, -0.008863008581101894, -0.0068206628784537315, 0.023018131032586098, 0.021322598680853844, -0.02145104855298996, 3.818358891294338e-05, 0.009620859287679195, -0.020179400220513344, 0.004932456649839878, -0.01951146312057972, -0.03758429363369942, 0.011149407364428043, 0.012896318919956684, -0.02118130400776863, -0.008413434959948063, 0.01325597707182169, -0.013384426943957806, -0.03555479273200035, 0.00901072472333908, -0.006425681058317423, -0.015349702909588814, -0.018432488664984703, 0.011521910317242146, -0.015182718634605408, -0.015015734359622002, -0.0030956303235143423, 0.01215131301432848, -0.02866990491747856, 0.016826869919896126, 0.007546402048319578, 0.007462909910827875, 0.01165678258985281, -0.013718395493924618, -0.008464815095067024, -0.0017838409403339028, -0.03188113868236542, 0.0019203184638172388, 0.017507651820778847, 0.004518207628279924, 0.007173898629844189, -0.011862301267683506, 0.006544496398419142, -0.03342253342270851, 0.021630877628922462, -0.007674851454794407, 0.0032561921980232, 0.01600479520857334, -0.006794972810894251, -0.018278349190950394, 0.01511849369853735, 0.004717303905636072, -0.025150390341877937, -0.011194364167749882, 0.011965060606598854, 0.01935732364654541, -0.05518186092376709, 0.013923914171755314, 0.01809852011501789, 0.008901542983949184, 0.008593264035880566, -0.015079958364367485, 0.010160347446799278, -0.010320908389985561, -0.05001819506287575, -0.0007626682636328042, -0.030442506074905396, 0.008689600974321365, -0.0161589328199625, -0.010378710925579071, 0.0422084704041481, -0.012877051718533039, 0.008895120583474636, -0.0073537277057766914, 0.01677549071609974, 0.18363125622272491, -0.017019543796777725, 0.005549013614654541, 0.046267472207546234, -0.010494315065443516, 0.033525291830301285, 0.036762215197086334, 0.0026524800341576338, -0.006451370660215616, 0.000169392631505616, 0.016865406185388565, -0.008439125493168831, -0.045959193259477615, 0.009466719813644886, 0.011207209900021553, -0.028695594519376755, -0.033371150493621826, -0.02753954939544201, 0.0003915699489880353, -0.029389221221208572, 0.007013336755335331, -0.0067371707409620285, -0.009980517439544201, -0.006544496398419142, 0.05297252908349037, -0.012491703033447266, 0.006750015541911125, -0.008021664805710316, 0.03473271429538727, 0.005019159987568855, -0.018946286290884018, -0.014707455411553383, -0.013371582143008709, 0.018458178266882896, 0.00336537417024374, -0.009325426071882248, -0.02061612717807293, -0.00016026069351937622, 0.009306158870458603, 0.02913232147693634, -0.0023779193870723248, 0.0036126391496509314, -0.037712741643190384, -0.012883474119007587, -0.008933654986321926, 0.03175269067287445, 0.00416497141122818, -0.031084753572940826, 0.026563335210084915, -0.005433409474790096, -0.030057158321142197, -0.0414634644985199, -0.0013326624175533652, 0.018650852143764496, 0.023557618260383606, -0.00018414424266666174, 0.03267752379179001, 0.021810706704854965, -0.020821645855903625, 0.01681402511894703, 0.0033685853704810143, 0.015054268762469292, -0.024636592715978622, 0.00969792902469635, -0.004409025423228741, 0.02529168501496315, -0.023531928658485413, -0.010609920136630535, 0.007206011097878218, -0.006762860342860222, 0.021438203752040863, -0.018535247072577477, -0.015439617447555065, 0.005195777863264084, -0.0018015027744695544, -0.0044893063604831696, 0.018355417996644974, 0.033062875270843506, 0.011868723668158054, 0.03339684382081032, 0.007180321030318737, 0.016325917094945908, -0.020179400220513344, 0.003686497686430812, -0.0190105102956295, -0.03442443907260895, 0.019383013248443604, -0.007533556781709194, -0.009961250238120556, -0.004881076980382204, -0.028361625969409943, -0.02684592269361019, -0.0037571447901427746, -0.0008565969183109701, 0.021168459206819534, 0.013551411218941212, 0.030442506074905396, 0.01654428243637085, 0.002259103814139962, -0.004842542111873627, -0.020706042647361755, 0.04444349184632301, 0.013474341481924057, 0.011798076331615448, -0.021194150671362877, 0.022748388350009918, 0.006814240477979183, -0.009306158870458603, 0.016518592834472656, -0.017314977943897247, -0.004662713035941124, -0.00042348160059191287, 0.0015454067615792155, -0.011142984963953495, 0.002112992573529482, -0.00011279462341917679, 0.029029563069343567, -0.015966258943080902, 0.005398085806518793, -0.020975785329937935, 0.019922500476241112, -0.013731240294873714, -0.016672730445861816, -0.005671040620654821, -0.0047558387741446495, 0.002499946393072605, -0.0016955320024862885, 0.016749801114201546, 0.012388943694531918, -0.0021515274420380592, 0.00497420271858573, -0.032317865639925, 0.008541884832084179, -0.0019411914981901646, -0.018817836418747902, 0.01057138480246067, 0.009029991924762726, 0.0007313587120734155, 0.0002685395011212677, -0.006162359844893217, -0.01184945646673441, -0.008272141218185425, 0.01962706632912159, 0.0060563888400793076, -0.011965060606598854, -0.0025288474280387163, 0.003487400943413377, -0.01091819815337658, -0.013435806147754192, 0.011181519366800785, -0.024520989507436752, 0.016711266711354256, 0.010128234513103962, -0.010564962401986122, 0.009074949659407139, -0.01745627261698246, -0.03745584189891815, -0.011515487916767597, -0.015413926914334297, 0.013525720685720444, -0.02779644913971424, -0.002681381069123745, 0.010128234513103962, 0.0001919716305565089, 0.0017180106369778514, -0.00015755121421534568, -0.15845517814159393, 0.022953907027840614, 0.0058059124276041985, -0.026717474684119225, 0.022953907027840614, -0.005234312731772661, 0.008952923119068146, 0.011175096966326237, -0.02391727641224861, -0.019074734300374985, -0.013230287469923496, -0.002742394572123885, -0.025150390341877937, -0.018804991617798805, 0.001788657740689814, -0.0015405899612233043, 0.0031261371914297342, 0.014579006470739841, 0.04819421097636223, 0.01928025297820568, 0.017160838469862938, -0.04883645847439766, 0.033910639584064484, -0.04457193985581398, 0.002947913482785225, -0.02220889925956726, 0.003066729288548231, 0.00558112608268857, -0.025381600484251976, -0.015234097838401794, -0.0025850441306829453, -0.018625162541866302, 0.029183702543377876, -0.013166062533855438, 0.02327503077685833, 0.008978612720966339, -0.004935667850077152, -0.00629402045160532, -0.014591851271688938, 0.02608807198703289, -0.0039401850663125515, 0.01988396607339382, 0.0026669304352253675, 0.02723127044737339, -0.00358373811468482, 0.03478409722447395, 0.011631092987954617, -0.012864206917583942, -0.016634196043014526, -0.003471344942227006, -0.006091712508350611, -0.013988139107823372, -0.0055907596834003925, -0.009980517439544201, -0.007931750267744064, 0.007591359317302704, 0.008625376969575882, 0.007430797442793846, 0.017032388597726822, -0.008464815095067024, -0.014232193119823933, -0.025946777313947678, 0.02308235503733158, 0.008439125493168831, 0.018727920949459076, -0.00541093060746789, 0.008368478156626225, 0.000767083722166717, -0.01215131301432848, 0.007533556781709194, -0.010153924115002155, -0.012922008521854877, -0.0077968779951334, -0.01369270496070385, 0.021695101633667946, 0.008554729633033276, -0.03072509542107582, -0.018984820693731308, -0.034707024693489075, -0.003949818667024374, -0.03141872212290764, 0.012478858232498169, -0.03164993226528168, -0.017250753939151764, -0.02567703276872635, 0.00017471124010626227, 0.007681273855268955, 0.009588747285306454, 0.018959131091833115, -0.016287382692098618, 0.013551411218941212, -0.02087302692234516, 0.01215131301432848, -0.01700669899582863, 0.005015948787331581, 0.03031405620276928, 0.0013639719691127539, -0.002137076808139682, 0.02201622538268566, -0.040333110839128494, 0.014412022195756435, 0.004800796043127775, -0.010121812112629414, 0.017777396366000175, 0.004710881505161524, -0.007533556781709194, -0.01722506433725357, 0.0050737508572638035, 0.012620152905583382, -0.023069510236382484, 0.021284064278006554, 0.022491488605737686, 0.005661407019942999, 0.0012363253626972437, -0.02069319784641266, 4.678869663621299e-05, -0.012350409291684628, 0.018278349190950394, 0.007694118656218052, 0.0018127420917153358, 0.05723704770207405, -0.008490504696965218, -0.009479565545916557, 0.0013639719691127539, 0.0011431996244937181, -0.025227461010217667, -0.1171458438038826, -0.028361625969409943, 0.017135148867964745, -0.003487400943413377, 0.0016377298161387444, 0.0008389350841753185, 0.010019052773714066, -0.0003466126509010792, -0.003090813523158431, 0.0019155015470460057, -0.01665988564491272, -0.021386824548244476, 0.012202692218124866, -0.0027183103375136852, 0.026794543489813805, -0.0010259895352646708, 0.017520496621727943, -0.012979811057448387, -0.0220547616481781, 0.024007191881537437, 0.00023120890546124429, -0.0014924213755875826, 0.014771680347621441, -0.009087794460356236, -0.02077026665210724, -0.008567574433982372, 0.005292114801704884, 0.03506668284535408, 0.0038502705283463, 0.007379417773336172, -0.014257882721722126, 0.004306266084313393, 0.01772601716220379, 0.0006085290224291384, 0.0012700434308499098, 0.00314701022580266, -0.006782128009945154, 0.003225685330107808, 0.02175932750105858, -0.017443427816033363, 0.021284064278006554, 0.00189462851267308, 0.0032979382667690516, -0.011984328739345074, 0.02771937847137451, -0.008458392694592476, -0.015324012376368046, 0.002487101359292865, -0.002734366338700056, -0.0028563933447003365, -0.024405384436249733, 0.001817558892071247, -0.0186380073428154, -0.023827362805604935, 0.01707092486321926, -0.010417245328426361, -0.0012909163488075137, 0.007835413329303265, -0.033371150493621826, -0.0017661791061982512, -0.00926120113581419, -0.004582432098686695, 0.004274153616279364, 0.0006892113015055656, 0.01794438064098358, -0.012934854254126549, -0.034475818276405334, -0.02050052396953106, -0.008580419234931469, -0.013050458393990993, -0.017623256891965866, 0.016903940588235855, -0.01209351047873497, 0.030416816473007202, -0.028310246765613556, 0.028618523851037025, 0.017366357147693634, -0.013949603773653507, -0.008124424144625664, -0.013782619498670101, -0.025201771408319473, 0.0036993424873799086, 0.005664618220180273, 0.009569480083882809, 0.029800258576869965, 0.01714799366891384, 0.018124209716916084, -0.0010966366389766335, -0.006245851516723633, -0.008162958547472954, -0.013114683330059052, 0.004225985147058964, -0.012710067443549633, 0.006139880977571011, -0.002792168641462922, 0.006660101003944874, -0.005250368732959032, -0.01836826279759407, 0.03247200697660446, 0.05852154269814491, -0.013191753067076206, -0.042799338698387146, -0.03516944497823715, 0.005166877061128616, 0.002214146312326193, -0.0027793238405138254, 0.01867654174566269, -0.0005141989677213132, 0.01631307229399681, 0.026113761588931084, 0.004569587297737598, 0.002525636227801442, -0.03468133509159088, -0.0055714924819767475, 0.018702231347560883, 0.0010725524043664336, -0.03303718566894531, 0.00017481159011367708, 0.030519574880599976, 0.02399434708058834, 0.0034520775079727173, 0.00748217711225152, 0.007315192837268114, 0.01468176580965519, -0.019190339371562004, 0.03912568464875221, -0.028618523851037025, -0.004714092705398798, -0.003169488860294223, -0.002114598173648119, -0.004447560291737318, -0.012600885704159737, 0.010853974148631096, -0.015516686253249645, -0.0006892113015055656, 0.0019090791465714574, -0.022273125126957893, -0.017738861963152885, -0.01102738082408905, 0.020667508244514465, 0.015272633172571659, 0.06869473308324814, -0.015144183300435543, -0.04020465910434723, 0.021515272557735443, -0.059806037694215775, -0.0007759146392345428, -0.0014033096376806498, -0.02628074586391449, 0.01608186401426792, 0.0008437519427388906, -0.019138960167765617, 0.032574765384197235, 0.02098863013088703, -0.009171286597847939, -0.018663696944713593, -0.02190062217414379, -0.01619746908545494, -0.010860396549105644, -0.02197769097983837, -0.0032401359640061855, -0.01287062931805849, 0.012363254092633724, 0.011682472191751003, -0.005690308287739754, 0.004283787216991186, 0.00022097310284152627, 0.019408702850341797, -0.027770759537816048, 0.008272141218185425, 0.028284557163715363, 0.005616449750959873, -0.017481962218880653, 0.029903018847107887, 0.0025689878966659307, -0.01078332681208849, 0.021168459206819534, -0.004277364816516638, 0.0076042041182518005, -0.005690308287739754, 0.015953414142131805, 0.0024822845589369535, 0.007584936451166868, -0.0004836922453250736, -0.041925881057977676, 0.009974095039069653, 0.021232685074210167, 0.014476246200501919, -0.0078932149335742, 0.007989551872015, -0.009954827837646008, -0.021040011197328568, -0.004547108430415392, -0.012877051718533039, -0.006794972810894251, 0.022838301956653595, 0.0006566975498571992, -0.0036126391496509314, -0.007706963457167149, -0.011798076331615448, 0.019370168447494507, 0.024020036682486534, 0.008606109768152237, -0.0012090299278497696, 0.006961957085877657, -0.027924897149205208, -0.011740274727344513, -0.0007020562188699841, -0.03760998323559761, -0.03331977128982544, 0.006884887348860502, 0.015542376786470413, -0.003092419123277068, 0.005102652125060558, 0.0022414419800043106, 0.0075720916502177715, -0.017584722489118576, 0.0035323582123965025, 0.0042067174799740314, -0.003138981992378831, 0.000157250149641186, 0.024790732190012932, 0.01325597707182169, 0.029569050297141075, 0.012395366095006466, 0.020410608500242233, 0.012697222642600536, -0.005648562218993902, 0.03316563367843628, -0.02676885388791561, 0.011091604828834534, 0.00047165012801997364, -0.006717903073877096, -0.022722696885466576, -0.036299798637628555, -0.0005591562367044389, -0.01692963019013405, -0.045573845505714417, 0.014360642060637474, -0.012491703033447266, -0.0010789749212563038, 0.11426857858896255, 0.03208665922284126, -0.010198881849646568, 0.012266917154192924, -0.0052407351322472095, -0.0029350686818361282, -0.008516194298863411, 0.005979319103062153, -0.008978612720966339, 0.018650852143764496, 0.026717474684119225, -0.0064385258592665195, 0.02651195414364338, -0.03031405620276928, -0.00901714712381363, 0.009036415256559849, -0.005561858881264925, 0.024212710559368134, 0.0032947268337011337, -0.005982530303299427, 0.0372760146856308, -0.0022896104492247105, 0.01456616073846817, 0.002488706959411502, -0.03190682828426361, -0.016685575246810913, 0.02882404439151287, -0.006525229196995497, -0.022041914984583855, -0.04061569646000862, -0.017584722489118576, 0.033756501972675323, -1.4061696674616542e-05, -0.02285114675760269, -0.01215131301432848, -0.011971483007073402, -0.0032288965303450823, -0.005076962057501078, -0.012421056628227234, 0.005931150633841753, -0.01076405867934227, 0.028207486495375633, -0.015105648897588253, -0.007751920726150274, -0.014656076207756996, -0.0273854099214077, 0.0094153406098485, -0.012575195170938969, 0.006268330384045839]"
"Consejos para ayudar a una persona con demencia cuando tiene delirios y/o alucinaciones, relacionadas con el trabajo o la paranoia de que le hayan robado. Si la persona cree que debe ir al trabajo o encargarse de una obligación previa entonces puede hacer lo siguiente: Recuerde que la persona padece de una enfermedad que afecta el cerebro y no pretende actuar así a propósito; Considere maneras de incorporar a las funciones previas (si la persona siempre ha estado al pendiente de los demás, es posible que le enriquece cuidar a una mascota o a un jardín, y si está acostumbrado a ser el encargado, puede ""dirigir"" a los demás en preparar comida o arreglar cosas); Evite discutir o intentar razonar con la persona, ya que esto suele empeorar la situación; Intente distraer a la persona conversando con ella. (por ejemplo, puede pedir que le cuente de su trabajo y luego dirigir la conversación hacia otro tema relacionado, si la persona habla de su trabajo en una oficina, entonces puede hablar de las computadoras o reuniones; Intente distraer a la persona halagándola (por ejemplo, puede comentar que le gusta su camisa o joyería y luego hacerle preguntas - es su color preferido? fue cara?); Intente dirigir a la persona hacia otra actividad (por ejemplo, puede solicitar su ayuda en realizar alguna tarea, como organizar los muebles, ordenar el correo, arreglar un aparato roto, barrer el piso o doblar la ropa); Intente reconfortar a la persona con una mentira piadosa (por ejemplo, puede decirle ""la oficina está cerrada hoy"" o ""los niños están en la escuela"") ya que usted tendrá que redirigirle a otro tema de conversación o actividad de manera inmediata para evitar el conflicto; Encuentre maneras de mostrarle que la persona es valorada (por ejemplo, puede agradecerle por compartir una historia, enseñarle algo nuevo, hacerle reír, etc.). Si la persona acusa a alguien más de robar o esconder sus cosas entonces puedes hacer lo siguiente: Las personas con demencia corren el riesgo de volverse en víctimas de fraude y robo entonces es importante investigar las reclamaciones y asegurarse que realmente es un delirio; A veces las personas pierden sus cosas y necesitan que alguien les ayude buscarlas con calma; Recuerde que la persona no hace las acusaciones a propósito, así que no lo tome de forma personal; Evite discutir con la persona, ya que en general es más favorable intentar resolver el problema; Si no puede encontrar el objeto, pídele disculpa a la persona y/o ofrécele un reemplazo; Ayude a la persona a organizar y guardar sus cosas de una manera intuitiva (puede crear señales visuales que ayudan a la persona a localizar sus posesiones); Mantenga varios objetos en reserva si suelen perderse con frecuencia (como los anteojos, la billetera, los bolsos, las llaves); Si la persona vive en un centro de atención, puede ponerle etiquetas a las prendas de vestir y a otros objetos personales.","[0.002158180344849825, -0.012375490739941597, 0.021303018555045128, -0.04588736966252327, -0.02357175201177597, 0.03381309658288956, -0.0140097476541996, 0.014317371882498264, -0.018688207492232323, 0.003037795191630721, 0.010363111272454262, 0.013022784143686295, -0.004851500038057566, 0.03217243030667305, -0.02075185813009739, 0.0126254353672266, 0.032326243817806244, -0.002507462864741683, 0.03622282296419144, -0.017521796748042107, -0.03896581009030342, 0.015112069435417652, 0.00360818300396204, -0.01658610627055168, -0.024494627490639687, -0.004136912990361452, 0.0126638887450099, -0.0067292931489646435, 0.023712746798992157, -0.02596866339445114, 0.037555865943431854, -0.010452835820615292, 0.010202890262007713, -0.012888198718428612, -0.005319346208125353, -0.004909179639071226, 0.014253283850848675, -0.0030185687355697155, -0.012766430154442787, -0.026084022596478462, 0.009824767708778381, 0.003345420118421316, -0.0005283296341076493, -0.03240314871072769, 0.0129907401278615, 0.045554108917713165, -0.05496230348944664, -0.018790749832987785, -0.03253132477402687, 0.010779687203466892, 0.016880912706255913, 0.021379925310611725, -0.04924560710787773, 0.0006468933424912393, 0.008863440714776516, -0.010561785660684109, -0.008120013400912285, 0.02184136211872101, -0.005953822284936905, -0.011574383825063705, 0.00538343470543623, -0.019828984513878822, -0.009754270315170288, 0.02177727408707142, 0.00938255712389946, -0.003899785690009594, 0.012375490739941597, -0.024212637916207314, 0.002957684453576803, 0.022161806002259254, 0.03663298860192299, 0.010241343639791012, 0.01416356023401022, -0.009151838719844818, 0.014971074648201466, 0.00541227450594306, 0.0067613376304507256, -0.007709847297519445, 0.010433608666062355, 0.018931744620203972, 0.00679338164627552, -0.027455516159534454, -0.03722260519862175, 0.006190949585288763, 0.014214830473065376, 0.022097716107964516, -0.015650413930416107, 0.007671394385397434, -0.004223432391881943, -0.01568886637687683, -0.026481371372938156, 0.001207267283461988, 0.013125326484441757, 0.02399473637342453, -0.005409069824963808, 0.025366229936480522, 0.0197136253118515, 0.008350732736289501, -0.018572848290205002, -0.015740137547254562, -0.0048835440538823605, 0.01858566701412201, -0.06665204465389252, 0.005880120676010847, 0.005146306939423084, -0.027378609403967857, 0.006264651659876108, 0.0009461065637879074, 0.0019482906209304929, -0.03409508615732193, -0.030352316796779633, 0.022700149565935135, 0.00032344667124561965, -0.01925218664109707, 0.0032909447327256203, 0.00030742454691790044, 0.0034447573125362396, 0.01630411669611931, -0.0007546421838924289, -0.015958037227392197, 0.009356921538710594, 0.011407754383981228, 0.012337037362158298, -0.0005723904469050467, 0.009549187496304512, -0.01586831361055374, 0.016739917919039726, 0.0025763579178601503, -0.023776836693286896, -2.0065210264874622e-05, -0.004281111992895603, 0.012785657308995724, 0.010689962655305862, 0.0001529111759737134, -0.014112289063632488, 0.0020716609433293343, 9.713414328871295e-05, -0.010113166645169258, -0.006895923055708408, -0.026968443766236305, 0.023264126852154732, 0.017573067918419838, -0.025814849883317947, -0.0172654427587986, -0.007049735635519028, 0.023289762437343597, 0.000982156372629106, -0.00520078232511878, -0.005220009014010429, 0.01407383568584919, 0.027583692222833633, -0.02681463025510311, 0.00043059466406702995, -0.03024977445602417, 0.011766649782657623, 0.018842021003365517, 0.004973268136382103, -0.0031771876383572817, -0.03168535605072975, 0.0020748653914779425, 0.02153373882174492, -0.00450862618163228, -0.002150169340893626, -0.00278785009868443, 0.0056974682956933975, 0.027942588552832603, -0.017701245844364166, 0.0038260838482528925, 0.010830957442522049, 0.00524884881451726, -0.0019819370936602354, 0.043452005833387375, -0.028480932116508484, 0.03781221807003021, 0.013702122494578362, -0.002398512326180935, 0.004191388376057148, 0.01223449595272541, -0.02387937717139721, -0.010952726006507874, -0.024392085149884224, 0.0007950980216264725, 0.01943163573741913, 0.027686234563589096, -0.041042279452085495, -0.0014900577953085303, 0.02796822413802147, 0.031172649934887886, -0.011138582602143288, -0.0010574603220447898, 0.011824329383671284, 0.01785505749285221, 0.0021549761295318604, -0.01961108297109604, -0.6324766278266907, -0.010593829676508904, -0.0033326023258268833, -0.012304993346333504, -0.002348843729123473, 0.018303677439689636, 0.0006064375047571957, 0.0073124985210597515, -0.020777493715286255, -0.04701532796025276, 0.016099032014608383, -0.00609161239117384, -0.011196262203156948, -0.0051751467399299145, -0.021661914885044098, -0.0289167333394289, -0.007427857723087072, -0.014599361456930637, 0.02284114435315132, 0.005819236394017935, -0.00022030423860996962, 0.01900865137577057, -0.026019932702183723, -0.005168737843632698, 0.0033998952712863684, -0.009081341326236725, 0.010997587814927101, -0.03294149041175842, 0.00944023672491312, 0.03230060636997223, -0.001113537815399468, 0.0031451433897018433, -0.010593829676508904, 0.03145463764667511, 0.05032229423522949, -0.008754489943385124, 0.006527414545416832, 0.03717133402824402, -0.01743207313120365, 0.03855564445257187, 0.02345639280974865, 0.0022863575723022223, 0.036838073283433914, -0.02248224802315235, 0.004396471660584211, -0.002238291082903743, 0.017367985099554062, -0.02375120110809803, -0.010657918639481068, 0.022764237597584724, 0.01731671392917633, 0.007870068773627281, -0.025520043447613716, -0.010318249464035034, 0.02482788823544979, 0.012683114968240261, 0.010625874623656273, -0.0343770757317543, 0.008434046991169453, -0.006482552271336317, -0.003922216594219208, 0.01256775576621294, -0.013240685686469078, -0.012369081377983093, -0.018726661801338196, 0.035094864666461945, -0.02627628669142723, -0.005594926420599222, 0.009760679677128792, 0.0003220447397325188, -0.002850336255505681, 0.01798323541879654, -0.026430100202560425, 0.004178570583462715, 0.012042229995131493, -0.006716475356370211, 0.015535053797066212, 0.0007470316486433148, -0.012253722175955772, -0.006588298361748457, 0.018624119460582733, 8.967384201241657e-05, -0.039786145091056824, 0.014509637840092182, 0.02927562966942787, 0.014048200100660324, 0.001192847266793251, -0.010843775235116482, -0.006335149053484201, 0.011362892575562, 0.0023696725256741047, 0.013638034462928772, 0.013330409303307533, 0.004441333469003439, -0.003951056394726038, 0.019495723769068718, -0.014099471271038055, -0.005742330104112625, 0.0193034578114748, -0.005953822284936905, 0.007447084411978722, -0.027224797755479813, 0.00036069811903871596, 0.021790092810988426, 0.026071203872561455, 0.004319565370678902, -0.05057865008711815, 0.05357799306511879, 0.03952978923916817, -0.0317622646689415, -0.017034724354743958, -0.007607305888086557, 0.020598046481609344, -0.00418177479878068, -0.010933498851954937, -0.0170219074934721, 0.017970416694879532, 0.024456173181533813, 0.012516485527157784, -0.0193034578114748, 0.009209518320858479, -0.014048200100660324, 0.01040797308087349, -0.004168957471847534, 0.0223156176507473, -0.01586831361055374, -0.0015533451223745942, -0.007229183334857225, 0.005309732630848885, -0.008767307735979557, -0.009991398081183434, -0.017483344301581383, 2.375780968577601e-05, 0.004636803641915321, 0.0162912979722023, -0.002718954812735319, 0.01292665209621191, -0.021123571321368217, -0.011132173240184784, -0.014381460845470428, -0.0186497550457716, -0.010081121698021889, 0.013791846111416817, 0.004348405171185732, 0.023828106001019478, -0.03855564445257187, 0.0031114970333874226, -0.003710724413394928, -0.05083500221371651, -0.0021966334898024797, 0.0013234276557341218, -0.05665424093604088, -0.01630411669611931, 0.035684481263160706, 0.005220009014010429, -0.0031211101450026035, -0.011510295793414116, -0.004418902564793825, -0.04173443466424942, -0.02073904126882553, 0.02340512163937092, 0.01881638541817665, -0.014804445207118988, -0.0036242050118744373, -0.021610643714666367, -0.034428346902132034, 0.03901708126068115, 0.03048049286007881, -0.03781221807003021, -0.03850437328219414, -0.001738400780595839, -0.0014492013724520802, -0.010843775235116482, 0.002013981342315674, 0.0068318345583975315, 0.034735970199108124, 0.001007791724987328, -0.02008533850312233, 0.003266911720857024, 0.011689743958413601, 0.001775251585058868, 0.010843775235116482, -0.0035088458098471165, -0.003422326175495982, 0.013971294276416302, -0.003765199799090624, 0.011548749171197414, 0.031172649934887886, 0.0013442564522847533, 0.038222383707761765, 0.02057241089642048, 0.014176378026604652, 0.02526368945837021, -0.013484221883118153, -0.005899346899241209, 0.02081594616174698, 0.01206145714968443, -0.014099471271038055, 0.009145430289208889, 0.010971952229738235, 0.034735970199108124, -0.016432292759418488, 0.027916952967643738, -0.010350293479859829, 0.0038068571593612432, -0.011138582602143288, 0.02376401796936989, -0.024917611852288246, 0.02116202563047409, 0.0031868009828031063, -0.00829305313527584, -0.03847873955965042, -0.0032460829243063927, -0.006460121367126703, -0.005642992909997702, 0.039786145091056824, 0.013240685686469078, 0.025161147117614746, -0.014842897653579712, -0.017649974673986435, 0.00032564971479587257, 0.023302581161260605, 0.010907864198088646, 0.007075371220707893, 0.018137047067284584, 0.010369520634412766, 0.008607086725533009, -0.0008916313527151942, -0.014945439994335175, -0.007626532111316919, -0.015240246430039406, -0.016086215153336525, 0.0016679033869877458, 0.03019850328564644, -0.019021468237042427, 0.008703218773007393, -0.002121329540386796, -0.012760021723806858, 0.02285396121442318, -0.01142057217657566, -0.01822677068412304, 0.014445548877120018, 0.014099471271038055, 0.006607525050640106, 0.006347966380417347, 0.02681463025510311, 0.03301839902997017, 0.033582378178834915, -0.009869629517197609, 0.03814547881484032, -0.008427638560533524, 0.0073124985210597515, -0.023379487916827202, -0.010004215873777866, -0.016022127121686935, -0.010215708054602146, 0.01708599552512169, -0.002795861102640629, 0.024033190682530403, 0.0106707364320755, 0.04011940583586693, -0.0017736493609845638, 0.013509857468307018, 0.004335587378591299, -0.0021309428848326206, -0.025173965841531754, 0.012087092734873295, -0.018239589408040047, 0.001844146754592657, 0.009767088107764721, -0.010510515421628952, 0.0059474133886396885, -0.01476599182933569, -0.005960231181234121, 0.02909618243575096, 0.01082454901188612, -0.041093550622463226, -0.013663669116795063, 0.025878937914967537, 0.015676049515604973, -0.01570168323814869, -0.018367765471339226, 0.02020069770514965, 0.00920310989022255, 0.014983892440795898, 0.002730170264840126, -0.01658610627055168, 0.007767526898533106, 0.012272949330508709, -0.0070625534281134605, -0.023712746798992157, -0.0015092843677848577, -0.015445330180227757, 0.014471184462308884, 0.011311621405184269, -0.003816470503807068, 0.020457051694393158, -0.003672271501272917, 0.004489399958401918, -0.023379487916827202, -0.014112289063632488, -0.010632283054292202, -0.024763798341155052, -0.02464843913912773, 0.007325316313654184, 0.015919584780931473, -0.009818359278142452, -0.003569729859009385, -0.004127299878746271, -0.018329313024878502, -0.016214391216635704, -0.008305869996547699, 0.007338134106248617, -0.008748081512749195, 0.002054036594927311, 0.017534615471959114, -0.01977771334350109, -0.006533823441714048, 0.02152092009782791, 0.023187221959233284, -0.003263707272708416, -0.021931087598204613, -0.0019290640484541655, 0.009600458666682243, 0.011382118798792362, 0.0243536327034235, -0.016932183876633644, 0.011574383825063705, 0.009882447309792042, 0.008126422762870789, -0.023187221959233284, -0.02537904866039753, 0.027634963393211365, -0.008325097151100636, -0.00431636068969965, 0.005588517524302006, 0.04227278009057045, 0.008184102363884449, 0.020956940948963165, 0.022623242810368538, -0.015214611776173115, -0.0033101714216172695, 0.004800229333341122, -0.005582109093666077, -0.015022345818579197, -0.01786787621676922, -0.0006525011267513037, 0.015855496749281883, -0.02032887376844883, -0.006043546367436647, 0.013779029250144958, 0.02471252717077732, 0.023789653554558754, -0.01593240350484848, -0.008946755900979042, 0.0007113824249245226, 0.004912383854389191, 0.03553066775202751, 0.01750897988677025, 0.012708750553429127, 0.001564560690894723, 0.01708599552512169, 0.021123571321368217, 0.009773497469723225, 0.016457928344607353, 0.002690115012228489, 0.009984989650547504, -0.011350074782967567, 0.01568886637687683, -0.006806199438869953, 0.0003735158243216574, 0.025161147117614746, -0.0066267517395317554, -0.008107195608317852, 0.008286643773317337, 0.0011848362628370523, 0.0003889371291734278, -0.017239809036254883, 0.028122035786509514, 0.008043107576668262, 0.02586612105369568, 0.006037137471139431, -0.022866779938340187, 0.01588113233447075, -0.0140097476541996, -0.018624119460582733, 0.01353549212217331, 0.002797463210299611, -0.006501778960227966, -0.011728196404874325, 0.015163340605795383, 0.021303018555045128, -0.02819894254207611, 0.007043326739221811, -0.0014532068744301796, -0.008254599757492542, -0.029121818020939827, 0.002081274287775159, -0.0012016594409942627, 0.01476599182933569, 0.005444318521767855, -0.023366669192910194, 0.0072099571116268635, -0.0014668257208541036, -0.0029624912422150373, -0.01503516361117363, -0.0026869105640798807, -0.014830080792307854, 0.026058387011289597, 0.013279138132929802, 0.003103486029431224, -0.02187981642782688, -0.027276068925857544, 0.03048049286007881, -0.0009645320242270827, -0.003713928861543536, 0.04204206168651581, 0.011144991032779217, 0.008203328587114811, 0.0007618521340191364, 0.008196920156478882, 0.027737505733966827, 0.005566086620092392, -0.014202012680470943, -0.006005092989653349, -0.03973487392067909, -0.007709847297519445, -0.03476160392165184, 0.0032188452314585447, -0.028352756053209305, 0.015086434781551361, 0.014381460845470428, 0.0033902819268405437, 0.006569071672856808, 0.013573945499956608, -0.01454809121787548, 0.009690182283520699, 0.0034543704241514206, -0.019893072545528412, -0.001007791724987328, -0.0013843117048963904, 0.019944343715906143, 0.047963839024305344, -0.020175062119960785, -0.0017944781575351954, -0.021546555683016777, 0.02886546403169632, 0.01624002680182457, -0.013689304701983929, 0.0019466883968561888, 0.04732295125722885, -0.04093973711133003, -0.0026068000588566065, -0.0003378666006028652, 0.01804732345044613, 0.027224797755479813, -0.015342788770794868, -0.01392002310603857, -0.04624626785516739, -0.012888198718428612, 0.009209518320858479, 0.013189414516091347, -0.020880036056041718, 0.0035376856103539467, -0.0045919413678348064, -0.01293306052684784, -0.003049010643735528, -0.01076686941087246, 0.029865244403481483, -0.03571011498570442, -0.011465433984994888, 0.02177727408707142, 0.005912164691835642, 0.04168316349387169, 0.00038413048605434597, -0.007306089624762535, -0.02994214929640293, -0.011939688585698605, 0.0064376904629170895, 0.016932183876633644, 0.005024538841098547, 0.01013880129903555, 0.0014996710233390331, -0.010100348852574825, 0.021969540044665337, -0.008446864783763885, -0.013958476483821869, -0.010760460048913956, 0.0022655287757515907, 0.002569949021562934, -0.008818578906357288, -0.00262442440725863, -0.03745332360267639, 0.032505691051483154, 0.005700672511011362, 0.016137486323714256, 0.004880339838564396, 0.002666081767529249, 0.006373601965606213, 0.0018024892779067159, -0.010754051618278027, -0.02099539525806904, -0.01599649153649807, -0.0363253653049469, -0.003210834227502346, -0.005287301726639271, -0.006498574744910002, 0.008921120315790176, -0.017662791535258293, 4.9192934966413304e-05, 0.028711650520563126, -0.004281111992895603, 0.026660818606615067, 0.0049252016469836235, 0.00754962582141161, -0.0220720823854208, 0.02531496062874794, 0.024263909086585045, -0.01443273201584816, 0.0015845883172005415, -0.009504325687885284, -0.03814547881484032, -0.012279357761144638, -0.0033101714216172695, 0.0070048738270998, -0.004534261766821146, 0.00217260024510324, -0.005485976114869118, -0.0031211101450026035, 0.023533299565315247, 0.004047189373522997, 0.0007237995741888881, -0.0006841447902843356, -0.015137705020606518, -0.02039296180009842, -0.02220025844871998, -0.0035633209627121687, -0.015791408717632294, -0.010587421245872974, 0.011202670633792877, -0.006722884252667427, 0.0186497550457716, 0.001535720773972571, -0.04150371626019478, -0.025109875947237015, -0.013458586297929287, 0.03109574317932129, -0.01594522036612034, 0.008792943321168423, 0.032198064029216766, -0.01708599552512169, -0.012465214356780052, 0.031531546264886856, 0.03212115913629532, 0.013022784143686295, 0.012394716963171959, 0.02513551153242588, -0.01040156465023756, -0.018290860578417778, 2.136700823029969e-05, 0.013689304701983929, -0.01223449595272541, -0.04352891445159912, 0.022161806002259254, 0.021379925310611725, 0.02220025844871998, -0.008498135954141617, -0.0066267517395317554, 0.006774154957383871, 0.016445111483335495, -0.0025314961094409227, 0.006232607178390026, 0.01115140039473772, -0.01427891943603754, -0.028814192861318588, -0.0022959706839174032, -0.025981480255723, 0.033531107008457184, -0.01816268265247345, 0.00601470610126853, -0.020726222544908524, 0.0053642080165445805, -0.006889514625072479, 0.032326243817806244, 0.004322769585996866, 0.002159782685339451, -0.012702342122793198, -0.005184760317206383, -0.013093281537294388, 0.010010624304413795, 0.009581231512129307, -0.003688293509185314, 0.015124887228012085, 0.02375120110809803, 0.008953164331614971, -0.007748300209641457, 0.0011255544377490878, -0.027327338233590126, -0.012163998559117317, 0.006786972749978304, 0.0006104430067352951, -0.005284097511321306, -0.012760021723806858, -0.01695781946182251, 0.008369958959519863, 0.022623242810368538, -0.0096517289057374, -0.004793820437043905, -0.006444099359214306, -0.019329093396663666, -0.014535273425281048, 0.013240685686469078, -0.0018153069540858269, 0.06844652444124222, -0.011068085208535194, -0.017342349514365196, 0.0005932192434556782, 0.0034800057765096426, -0.01966235414147377, 0.0033165800850838423, 0.02200799249112606, 0.0036017741076648235, -0.03758149966597557, 0.038991447538137436, -0.05321909487247467, -0.010997587814927101, -0.03968360275030136, -0.007389404810965061, 0.004329178482294083, -0.023123133927583694, 0.01972644217312336, -0.003970283083617687, -0.03699188679456711, -0.005761556793004274, 0.00538343470543623, 0.008857031352818012, -0.007242001127451658, -0.028968004509806633, 0.021918268874287605, -0.01557350717484951, 0.011362892575562, 0.004550283774733543, -0.048681627959012985, 0.010625874623656273, -0.021341472864151, 0.002121329540386796, 0.01677837036550045, -0.015201793983578682, 0.0015717706410214305, 0.010100348852574825, 0.0013009966351091862, 0.0020636499393731356, -0.03740205243229866, -0.022097716107964516, -0.05352672189474106, 0.0032909447327256203, -0.014740356244146824, -0.013996929861605167, 0.005184760317206383, -0.0014876544009894133, -0.014381460845470428, 0.002409727778285742, -0.007639349903911352, 0.004447742365300655, 0.007991836406290531, 0.025122694671154022, 0.004098460078239441, 0.017098814249038696, -0.007979018613696098, -0.0010029851691797376, -0.01568886637687683, -0.0024882361758500338, 0.003685089061036706, -0.0076137143187224865, -0.011548749171197414, 0.03781221807003021, 0.014727538451552391, -0.009824767708778381, 0.007088189013302326, -0.002925640204921365, -0.0077611180022358894, 0.00401194067671895, -0.002001163549721241, 0.017585886642336845, 0.024392085149884224, 0.000636078417301178, 0.005255257710814476, 0.011112947016954422, 0.015329970978200436, 0.03481287509202957, 0.0009348911116831005, -0.004361222963780165, -0.008055925369262695, -0.029429441317915916, -0.009683772921562195, -0.0162912979722023, -0.028173306956887245, -0.005290506407618523, 0.004322769585996866, -0.0020348101388663054, -0.022648878395557404, 0.015317153185606003, -0.008043107576668262, -0.022687330842018127, 0.007690620608627796, 0.018431853502988815, -0.011068085208535194, -0.028429660946130753, 0.009946536272764206, -0.007523990701884031, -0.019457271322607994, -0.0025939822662621737, 0.011683334596455097, -0.025596950203180313, 0.006613933946937323, 0.01912401057779789, -0.009414601139724255, 0.0012313004117459059, -0.017214173451066017, 0.0017832627054303885, 0.0011495875660330057, -0.03276204317808151, -0.010907864198088646, 0.009606867097318172, 0.006168518681079149, 0.0026035956107079983, 0.0036402272526174784, 0.00445094658061862, -0.01088222861289978, 0.009876038879156113, -0.006380010861903429, 0.0036049785558134317, 0.02123893052339554, -0.022174622863531113, -0.002784645650535822, 0.011600019410252571, 0.012843336910009384, -0.0386069156229496, -0.0067613376304507256, 0.011792285367846489, 0.02026478573679924, -0.038581281900405884, 0.01900865137577057, 0.011805103160440922, -0.0009797530947253108, 0.013509857468307018, -0.015265882015228271, -0.0012529302621260285, -0.0057487390004098415, -0.05137334764003754, -0.008273825980722904, -0.013638034462928772, -0.014509637840092182, -0.02375120110809803, -0.016624558717012405, 0.008735263720154762, -0.0018345335265621543, 0.001286576734855771, 0.015509418211877346, 0.021456832066178322, 0.2039552628993988, -0.03571011498570442, 0.0049155885353684425, 0.025545679032802582, -0.016868093982338905, 0.037735313177108765, 0.03619718924164772, 0.005639788694679737, -0.008222555741667747, 0.009164656512439251, -0.01671428233385086, -0.01907273940742016, -0.03278768062591553, 0.017726881429553032, 0.011164218187332153, -0.02122611366212368, -0.03896581009030342, -0.030095962807536125, -0.010254161432385445, -0.03345419839024544, 0.014560909010469913, -0.010510515421628952, -0.009190292097628117, -0.012651070952415466, 0.04275985062122345, 0.0021197274327278137, -0.010811731219291687, -0.007626532111316919, 0.043631456792354584, 0.007632941007614136, -0.02730170451104641, -0.005437909625470638, 0.01223449595272541, 0.00015841877029743046, -0.010440018028020859, 0.004511830862611532, -0.024187002331018448, -0.005351390223950148, 0.005860893987119198, 0.02002124860882759, 0.007600896991789341, -0.01061946526169777, -0.029429441317915916, -0.0015629584668204188, -0.020290421321988106, 0.04527211934328079, -0.006251833867281675, -0.01586831361055374, 0.03678680211305618, 0.0033069669734686613, -0.032505691051483154, -0.017893511801958084, -0.013714940287172794, 0.0015317152719944715, 0.02725043334066868, 0.005854485090821981, 0.020700586959719658, 0.007299680728465319, -0.020098155364394188, 0.011010405607521534, 0.004043984692543745, 0.010042669251561165, 0.010395155288279057, 0.026686454191803932, -0.006338353268802166, 0.03330038860440254, 0.008248190395534039, -0.02935253642499447, 0.032377514988183975, -0.007158685941249132, 0.022059263661503792, -0.0048258644528687, 0.00920310989022255, 0.012471623718738556, 0.009036479517817497, -0.022687330842018127, 0.014240466058254242, 0.004060006700456142, 0.0202776025980711, 0.03799166530370712, -0.0054571363143622875, 0.011862782761454582, -0.008517362177371979, 0.004338792059570551, -0.007447084411978722, -0.03555630147457123, 0.009421010501682758, 0.0012521292082965374, -0.004300338681787252, -0.02014942653477192, -0.014689086005091667, -0.034120719879865646, -0.017957599833607674, 0.013676486909389496, 0.017393620684742928, 0.03206988796591759, 0.03678680211305618, 0.030095962807536125, 0.0027029328048229218, -0.005450727418065071, -0.016765553504228592, 0.03289022296667099, 0.011651290580630302, -0.0019963569939136505, -0.007472719997167587, 0.02699407935142517, 0.013067646883428097, 0.004764980636537075, 0.011446206830441952, -0.008421230129897594, -0.012740795500576496, -0.018547214567661285, 0.00036810836172662675, -0.0032188452314585447, 0.005639788694679737, 0.007318907417356968, 0.005328959319740534, -0.012247313745319843, -0.009741452522575855, -0.0003586953680496663, 0.022636059671640396, -0.029839608818292618, -0.009395374916493893, -0.004284316673874855, 0.0008243384072557092, -0.005341777112334967, -0.01169615238904953, 0.011990959756076336, -0.002026798902079463, -0.00022471032571047544, 0.008126422762870789, -0.03073684684932232, 0.014419914223253727, -0.0045919413678348064, -0.019290640950202942, 0.01046565268188715, 0.030224138870835304, 0.012971513904631138, -8.768359293753747e-06, -0.014560909010469913, -0.0012080683372914791, -0.017009088769555092, 0.008177693001925945, -0.013958476483821869, 0.00970940850675106, -0.005659014917910099, 0.010452835820615292, -0.015624777413904667, -0.008325097151100636, -0.007184321526437998, -0.04065774753689766, 0.022020811215043068, 0.005284097511321306, -0.03504359349608421, -0.006754928734153509, -0.0202776025980711, -0.019393181428313255, -0.031044472008943558, -0.000835553917568177, -0.012285766191780567, -0.04637444391846657, 0.010100348852574825, 0.0054571363143622875, 0.003300558077171445, 0.007754709105938673, -0.0025779602583497763, -0.15904203057289124, 0.025763578712940216, 0.008754489943385124, -0.04160625860095024, 0.005713490303605795, -0.0024369654711335897, 0.0010927090188488364, 0.010215708054602146, -0.03542812541127205, 0.0033133758697658777, -0.018290860578417778, -0.006508187856525183, -0.03345419839024544, -0.013150961138308048, -0.007440675515681505, -0.013702122494578362, -0.0037972440477460623, 0.018931744620203972, 0.04217023774981499, 0.016919365152716637, 0.014637814834713936, -0.05152715742588043, 0.02531496062874794, -0.00814564898610115, -0.013163778930902481, -0.017009088769555092, -0.00893393810838461, 0.0002713747671805322, -0.01599649153649807, -0.03155717998743057, 0.0004201802657917142, -0.0030281818471848965, 0.026609547436237335, 0.009190292097628117, 0.016022127121686935, 0.010991178452968597, -0.0066780224442481995, -0.008113604970276356, -0.01871384307742119, 0.008876258507370949, -0.0176756102591753, 0.038940176367759705, -0.02586612105369568, 0.02543031983077526, -0.006992056034505367, 0.04047830030322075, 0.019739259034395218, -0.019136827439069748, -0.022443795576691628, -0.0034415528643876314, -0.006242220290005207, -0.019572630524635315, 0.007620123215019703, -0.006742110941559076, -0.004306747578084469, -0.0018777932273223996, -0.0014411902520805597, 0.018072959035634995, 0.0035472987219691277, -0.011330847628414631, 0.005146306939423084, -0.03471033647656441, 0.011817920953035355, 0.0007634543580934405, 0.014817262999713421, -0.009369739331305027, 0.011433389969170094, -0.015291517600417137, -0.013054829090833664, 0.007985427975654602, 0.0008315483573824167, -0.013009966351091862, -0.005530837923288345, 0.008581451140344143, 0.014035383239388466, 0.018303677439689636, -0.03347983583807945, -0.006960011553019285, -0.03265950456261635, -0.0020972962956875563, -0.02393064834177494, 0.019585447385907173, -0.020880036056041718, -0.022725785151124, -0.006620342843234539, 0.003447961527854204, -0.005822440609335899, -0.0048643178306519985, 0.012939468957483768, -0.006460121367126703, 0.017765333876013756, -0.015124887228012085, 0.005915368907153606, -0.001284974510781467, 0.007703438401222229, 0.029455076903104782, 0.006527414545416832, -0.020713405683636665, 0.006069181486964226, -0.04168316349387169, 0.002132544992491603, 0.0029881265945732594, -0.007780344691127539, 0.01076686941087246, 0.021751638501882553, 0.0008980401908047497, -0.00851095374673605, 0.010581012815237045, 0.014535273425281048, -0.03024977445602417, 0.03504359349608421, 0.03386436775326729, 0.011350074782967567, 0.008427638560533524, -0.014791627414524555, 0.014983892440795898, -0.008748081512749195, 0.007177912630140781, 0.01121548842638731, -0.0017416051123291254, 0.0441441647708416, -0.0020412190351635218, -0.002622822066769004, 0.0020876831840723753, -0.01875229738652706, -0.014176378026604652, -0.11095002293586731, -0.015829861164093018, -0.007453493308275938, 0.021995175629854202, -0.009100567549467087, 0.009010843932628632, -0.011311621405184269, 0.00418177479878068, -0.010760460048913956, 0.004117686301469803, -0.030172869563102722, -0.02248224802315235, 0.005524429026991129, -0.010773277841508389, 0.006806199438869953, -0.014855715446174145, 0.011555157601833344, -0.01530433539301157, -0.0005123075097799301, 0.028070766478776932, 0.010952726006507874, 0.0017480140086263418, 0.008209737949073315, -0.007600896991789341, -0.03886327147483826, 0.0013186209835112095, -0.0011455820640549064, 0.026712089776992798, 0.008043107576668262, 0.012003777548670769, -0.031249554827809334, 0.00461437227204442, 0.010568195022642612, 0.0018233179580420256, 0.006098021287471056, -0.006165314465761185, -0.014035383239388466, -0.013118917122483253, 0.0350179597735405, -0.003739564446732402, 0.0039061943534761667, 0.005181555636227131, -0.010971952229738235, -0.015611960552632809, 0.024225454777479172, -0.00836354959756136, -0.02712225541472435, -0.004348405171185732, -0.0015020744176581502, -0.01392002310603857, -0.03558193892240524, 0.009696590714156628, -0.005729512311518192, -0.014919804409146309, 0.03294149041175842, -0.02237970568239689, -0.008094378747045994, 0.014560909010469913, -0.02189263328909874, 0.003034590743482113, 8.081160194706172e-05, 0.0034800057765096426, 0.007504764012992382, 0.014573725871741772, 0.01804732345044613, -0.009453054517507553, -0.033582378178834915, -0.013548309914767742, 0.014868533238768578, 0.009670955128967762, -0.008683992549777031, 0.013253503479063511, -0.01827804185450077, 0.021059483289718628, -0.005239235237240791, 0.016868093982338905, 0.01142057217657566, -0.025404684245586395, 0.004829069133847952, -0.007017691619694233, -0.014304555021226406, -0.00986322108656168, 0.002400114666670561, -0.024392085149884224, 0.027096619829535484, 0.00899161770939827, 0.022956503555178642, 0.014355825260281563, 0.01374057587236166, -0.013573945499956608, -0.006142883095890284, 0.023482028394937515, -0.018239589408040047, -0.0011383721139281988, -0.003592160763218999, 0.011068085208535194, -0.024430539458990097, -0.016675829887390137, 0.017239809036254883, 0.03317221254110336, -0.01557350717484951, -0.041093550622463226, -0.030634306371212006, 0.016034943982958794, -0.0024337610229849815, -0.005816031713038683, 0.009927310049533844, 0.0013154165353626013, 0.01606057956814766, 0.01984180137515068, -0.0016630967147648335, 0.0076137143187224865, -0.02873728610575199, -0.00434520049020648, 0.0062486291863024235, -0.002563540358096361, -0.03073684684932232, 0.0016006104415282607, 0.03640227019786835, 0.002385694533586502, -0.0022334845270961523, -0.0018008870538324118, 0.015829861164093018, 0.02526368945837021, -0.009952944703400135, 0.03186480700969696, 0.004617576953023672, 0.0029480713419616222, -0.012792065739631653, 0.012093501165509224, 0.007165094837546349, -0.007427857723087072, -0.011414162814617157, -0.02129020169377327, -0.0012377093080431223, 0.02917308732867241, -0.00490277074277401, -0.012093501165509224, -0.001711163087747991, 0.01509925164282322, 0.01265748031437397, 0.07326597720384598, 0.0063127176836133, -0.020790310576558113, 0.02412291429936886, -0.039119623601436615, -0.0072099571116268635, 0.002005970338359475, -0.024750981479883194, 0.015663230791687965, 0.01374057587236166, -0.03309530392289162, 0.0340438149869442, 0.023789653554558754, -0.012439578771591187, -0.011330847628414631, -0.010786095634102821, -0.026019932702183723, 0.016701465472579002, -0.022764237597584724, 0.014022565446794033, -0.026237834244966507, 0.019226551055908203, 0.014753174036741257, -0.016868093982338905, -0.010420790873467922, -0.004617576953023672, 0.0190599225461483, -0.005245644133538008, 0.010472062043845654, 0.012817701324820518, -0.014535273425281048, -0.027506787329912186, 0.020662134513258934, 0.006357579957693815, -0.02513551153242588, 0.013932840898633003, 0.0077611180022358894, -0.0034800057765096426, -0.00013468600809574127, 0.02261042408645153, 0.019444452598690987, -0.0010534548200666904, -0.0058000097051262856, -0.037607137113809586, 0.007447084411978722, 0.03312094137072563, 0.02616092748939991, -0.011414162814617157, -0.005120671819895506, -0.00633194437250495, 0.001180830760858953, -0.008177693001925945, -0.009485098533332348, -0.019341910257935524, 0.0023536502849310637, 0.0056654238142073154, -0.0004109675355721265, -0.015432512387633324, 0.012644662521779537, 0.013291955925524235, 0.012535711750388145, 0.012131954543292522, -0.007998245768249035, -0.01392002310603857, -0.021456832066178322, -0.011990959756076336, -0.011177035048604012, -0.010260569863021374, -0.019828984513878822, 0.0061460877768695354, 0.012965104542672634, 0.006748519837856293, -0.00046063613262958825, 0.009638911113142967, 0.004358018282800913, -0.016252845525741577, 0.006431281566619873, 0.017457708716392517, -0.007626532111316919, -0.026019932702183723, 0.015394059009850025, 0.024789433926343918, 0.018790749832987785, 0.0014251681277528405, 0.042606037110090256, 0.01094631664454937, 0.016342569142580032, 0.03742768615484238, -0.038940176367759705, 0.0007834819843992591, -0.01635538600385189, 0.001672710059210658, -0.003861332545056939, -0.03396691009402275, 0.003643431467935443, -0.02886546403169632, -0.0330696702003479, 0.0012040628353133798, -0.00401194067671895, -0.015329970978200436, 0.08946755528450012, 0.00992090068757534, -0.014701902866363525, 0.008081560954451561, -0.0017816604813560843, -0.02261042408645153, 0.005421887617558241, -0.007857250981032848, -0.01443273201584816, 0.024802252650260925, 0.03458215668797493, -0.00660111615434289, 0.01756025105714798, -0.012426760978996754, -0.02063649892807007, 0.014573725871741772, -0.007857250981032848, 0.02278987318277359, -0.013356044888496399, 0.018893292173743248, 0.03904271870851517, 0.012907424941658974, 0.008953164331614971, -0.009690182283520699, -0.02080312930047512, -0.01148466020822525, 0.01088863704353571, -0.00797261018306017, -0.01715008355677128, -0.014689086005091667, -0.003105088137090206, 0.020892852917313576, 0.010228525847196579, -0.013432950712740421, -0.0015685661928728223, -0.005719899199903011, 0.003739564446732402, -0.014714720658957958, -0.009869629517197609, 0.005934595596045256, -0.022059263661503792, 0.018444672226905823, -0.009235153906047344, -0.010574603453278542, -0.008581451140344143, -0.011343665421009064, 0.007318907417356968, -0.018598483875393867, 0.003463983768597245]"
"Consejos para ayudar a una persona con demencia cuando tiene delirios y/o alucinaciones, enfocados en cuando la persona alucina que ve a alguien que quiere hacerle daño o si la persona piensa que las personas a su alrededor son impostores, o que no los reconoce. Si la persona ve o escucha que alguien viene a acosarle entonces puedes hacer lo siguiente: Recuerde que la persona no finge a propósito cuando dice que ve o escucha cosas (sino padece de una enfermedad que afecta a su cerebro y está haciendo lo mejor que puede); Empatice con los sentimientos de la persona y ofrécele consuelo (por ejemplo, decir “Lo siento mucho. Entiendo que es una experiencia temible. Hay que respirar profundo. No escucho nada. Ven conmigo. Hay que asegurarnos que todo está bien.” o “Cuando yo siento miedo, me gusta pasar tiempo con mi gato (decir una oración, tomar té, envolverme en una manta, ver una película agradable, etc.)”); Evite decirle a la persona que no debe sentir miedo; Consuele a la persona tal como consolaría a cualquier otra persona adulta (es decir, con un tono respetuoso); Si la persona es receptiva al cariño, puede ofrecerle un abrazo, agarrarle la mano o darle un masaje en la espalda; Intente observar el entorno desde la perspectiva de la persona y busque señales visuales o auditivas, las cuales la persona podría estar percibiendo mal (preste atención a las sombras, ruidos y objetos que pueden parecer temibles o inquietantes); Considere si hay objetos que ayudan a la persona sentirse más segura (por ejemplo, una manta, un peluche, un objeto religioso o espiritual o una fotografía); Si la persona vive sola, este tipo de comportamiento podría ser una señal que se requiere más apoyo y supervisión entonces considere más ayuda en el hogar o un centro de cuidado a largo plazo; Asegúrese que los cuchillos y otros objetos peligrosos estén fuera del alcance, ya que la persona podría utilizarlos para defenderse cuando piensa que su vida corre peligro. Si la persona cree que su cónyuge o cuidador es un impostor (también se conoce como síndrome de Capgras) entonces puedes hacer lo siguiente: Recuerde que este delirio es debido a la enfermedad y la persona no actúa de esta manera a propósito; Intente no tomarlo de forma personal; A veces es útil que alguien conocido, tal como un vecino o un pariente, visite o llame a la persona para consolarlo; Es probable que la situación se empeorará si discute con la persona o intenta convencerle que está equivocada; Este tipo de delirio paranoico es especialmente difícil para los seres queridos, sobre todo para la persona a quien se le acusa de ser un impostor; Considere unirse a un grupo de apoyo (como el grupo de Whatsapp de la IPN a través de este link https://chat.whatsapp.com/ET53a8e5eKo6PyAyXowWL5 donde hacen lonches mensuales y charlas para cuidadores) o solicitar servicios de orientación profesional como formas de manejar el estrés; Considere contratar ayuda domiciliaria, inscribir a la persona en un programa de día o mudar a la persona al hogar de otro pariente o a un centro de atención a largo plazo.","[-0.005114260595291853, 0.0032733860425651073, 0.025940774008631706, -0.04005846753716469, -0.01137582678347826, 0.028650229796767235, -0.014428826980292797, -0.0016480364138260484, -0.003309036837890744, 0.006465747952461243, 0.001829531160183251, 0.010325750336050987, -0.009949796833097935, 0.024631420150399208, -0.007298678625375032, 0.003448398783802986, 0.04078444465994835, -9.565944492351264e-05, 0.029894765466451645, -0.019549569115042686, -0.02826131321489811, 0.014558465220034122, 0.002033712575212121, -0.00644306093454361, -0.03435434773564339, -0.0007417784654535353, 0.004171136301010847, -0.012393493205308914, 0.02197381854057312, -0.025072192773222923, 0.042625319212675095, -0.006767158396542072, 0.009340493939816952, -0.0039086174219846725, -0.01761794649064541, -0.0019672727212309837, 0.008355236612260342, -0.011447127908468246, -0.005555033218115568, -0.013054652139544487, 0.014856635592877865, -0.00885434728115797, -0.006627796683460474, -0.041691917926073074, 0.0036396163050085306, 0.03710269555449486, -0.044232845306396484, -0.025785207748413086, -0.03746568784117699, 0.02456660009920597, 0.032591257244348526, 0.008005211129784584, -0.029791053384542465, -0.01111654844135046, 0.009943315759301186, -0.0042910524643957615, -0.00698754470795393, 0.014325114898383617, 0.013067616149783134, -0.004161413758993149, -0.00031781825236976147, -0.02057371847331524, -0.005542069673538208, 0.02815760299563408, -0.0013109749415889382, 0.010980428196489811, 0.009619217365980148, -0.016697509214282036, 0.005380020476877689, 0.0050850920379161835, 0.0379064604640007, 0.006524085532873869, -0.008582104928791523, -0.016710473224520683, 0.023723946884274483, -0.006669929251074791, -0.002194141037762165, -0.008789528161287308, 0.0046540419571101665, -0.0008556177490390837, 0.007616294547915459, -0.024605492129921913, -0.04254753887653351, 0.009521988220512867, 0.015284444205462933, 0.02555185742676258, -0.012523132376372814, 0.004945729859173298, -0.014247331768274307, -0.016840113326907158, -0.012354602105915546, -0.0023497077636420727, 0.00997572485357523, 0.015310372225940228, -0.003688231110572815, 0.02893543615937233, 0.007363498210906982, 0.01589374803006649, -0.02249237522482872, -0.010824861004948616, -0.010079436004161835, 0.0013984813122078776, -0.05813015252351761, 0.0024615214206278324, 0.0032750065438449383, -0.021792324259877205, 0.004543848801404238, 0.015660397708415985, 0.018616167828440666, -0.01922547072172165, -0.017306813970208168, 0.01900508441030979, -0.00943124108016491, -0.024475853890180588, 0.002263821894302964, -0.003347928635776043, 0.004099835176020861, 0.017695730552077293, -0.00684494199231267, -0.025111084803938866, 0.008433020673692226, 0.007097738329321146, -0.005370297934859991, -0.004132244735956192, 0.009405313059687614, -0.004683210980147123, 0.014325114898383617, -0.018836554139852524, -0.016321556642651558, -0.0027645528316497803, 0.005461045075207949, 0.010377606377005577, 0.02114412933588028, -0.006449542939662933, -0.0041192807257175446, 0.016062278300523758, -0.021442299708724022, -0.0099951708689332, -0.0022508581168949604, -0.022479411214590073, 0.032850537449121475, 0.012899085879325867, -0.022609051316976547, -0.010053508915007114, -0.011589731089770794, 0.02836502529680729, -0.0021536287385970354, 0.0038081472739577293, -0.003078927518799901, 0.01822725124657154, 0.02960955910384655, -0.028857653960585594, -0.012639807537198067, -0.02795017883181572, 0.00969051942229271, 0.029168786481022835, 0.008251525461673737, -0.002472864929586649, -0.02452770806849003, -0.00880249124020338, 0.008919166401028633, -0.007233859039843082, -0.0025587507989257574, 0.009651627391576767, 0.001691789599135518, 0.018784698098897934, -0.014817743562161922, 0.00745424535125494, -0.0007713523809798062, -0.0013976710615679622, -0.010973946191370487, 0.043610576540231705, -0.03396543115377426, 0.02950584888458252, 0.00982015859335661, -0.002438834635540843, -0.00043186009861528873, 0.02030147612094879, -0.02712048962712288, -0.012769446708261967, -0.026407474651932716, 0.004806367680430412, 0.017838332802057266, 0.04106965288519859, -0.047084905207157135, -0.0012955802958458662, 0.018564311787486076, 0.020586680620908737, -0.02192196436226368, -0.018992120400071144, 0.0060800714418292046, 0.03028368204832077, 0.016956787556409836, -0.021079309284687042, -0.6247565150260925, -0.01625673659145832, -0.0022897496819496155, -0.01402694545686245, -0.0018781457329168916, 0.03463955596089363, 0.008329309523105621, 0.014714032411575317, -0.02581113576889038, -0.046151503920555115, 0.003924822434782982, -0.009774784557521343, -0.011285079643130302, -0.01879766210913658, -0.029998477548360825, -0.02758719027042389, -0.008070031180977821, -0.0030562407337129116, 0.01829206943511963, 0.0006368518224917352, 0.00751906493678689, 0.018732843920588493, -0.023957297205924988, -0.006524085532873869, -0.0053767794743180275, -0.006806050427258015, 0.0129833510145545, -0.0399806834757328, -0.0017193378880620003, 0.04151042550802231, -0.005000826437026262, 0.01936807483434677, -0.008491357788443565, 0.02301093190908432, 0.05947839841246605, -0.009742374531924725, 0.007940392009913921, 0.033576514571905136, -0.016062278300523758, 0.034095071256160736, 0.01488256361335516, -0.0005064025754109025, 0.05341129004955292, -0.016917895525693893, -0.0012331914622336626, 0.004203546326607466, 0.024968480691313744, -0.03756939619779587, -0.012348120100796223, 0.018680987879633904, 0.01969217136502266, -0.0051272246055305, -0.027613118290901184, -0.003317139344289899, 0.02347763255238533, -0.004161413758993149, 0.02696492336690426, -0.034976616501808167, 0.010137774050235748, -2.6459532818989828e-05, -0.015777071937918663, 0.01204994972795248, -0.010189629159867764, -0.006838459987193346, -0.0068903155624866486, 0.03365429863333702, -0.024009153246879578, -0.008212634362280369, 0.013962126336991787, 0.006394446361809969, 0.007564438506960869, 0.019821811467409134, -0.032746825367212296, -0.004887392278760672, 0.01454550214111805, 0.004177618306130171, 0.01865505985915661, -0.010928572155535221, -0.00485498271882534, 0.00025644226116128266, 0.01927732676267624, -0.0034743265714496374, -0.03852872550487518, 0.007369980216026306, 0.02997254952788353, 0.009671073406934738, -0.004161413758993149, 0.000787152093835175, -0.01462328527122736, -0.0012461553560569882, -0.006125445012003183, 0.012419421225786209, 0.005613370798528194, -0.0051239836029708385, -0.002641395665705204, 0.009651627391576767, -0.010954500176012516, -0.0006437388947233558, 0.013521352782845497, -0.010429461486637592, 0.017358670011162758, -0.03388764709234238, 0.0007745933253318071, 0.003516459371894598, 0.028598375618457794, -0.0016148164868354797, -0.05341129004955292, 0.03458769991993904, 0.04576258733868599, -0.034976616501808167, -0.013216701336205006, -0.0034321940038353205, 0.020132943987846375, -0.010397052392363548, 0.008569140918552876, -0.0161011703312397, 0.006057384889572859, 0.021701578050851822, 0.02135155163705349, -0.022116422653198242, 0.022259024903178215, -0.004705897532403469, 0.007927427999675274, -0.003075686516240239, 0.03863243758678436, -0.015517794527113438, 0.0033057958353310823, 0.0015321715036407113, -0.006595386657863855, -0.008283935487270355, -0.0067217848263680935, -0.02212938666343689, 0.0020920501556247473, 0.0008726328960619867, 0.016062278300523758, -0.0026494981721043587, 0.02577224373817444, -0.01713828183710575, -0.0053605749271810055, -0.0036298935301601887, -0.01677529327571392, -0.01910879649221897, 0.013288002461194992, 0.020392222329974174, 0.016036350280046463, -0.03588408976793289, 0.00035589971230365336, -0.011103584431111813, -0.025124048814177513, -0.0022524786181747913, 0.005788383539766073, -0.03990289941430092, 0.0012121251784265041, 0.044077277183532715, -0.00924326479434967, -0.002944427076727152, 0.007959838025271893, -0.009904423728585243, -0.047084905207157135, -0.01952364109456539, 0.023179462179541588, 0.02218124270439148, -0.002194141037762165, 0.005088333040475845, -0.02010701783001423, -0.024696240201592445, 0.04060295224189758, 0.029739199206233025, -0.01750127226114273, -0.030257754027843475, -0.009502542205154896, -0.009295119903981686, -0.0029638728592544794, 0.007486655376851559, 0.007162557449191809, 0.027509406208992004, 0.007395907770842314, -0.005794865544885397, -0.0032101869583129883, 0.0228553656488657, 0.01953660510480404, 0.004812849685549736, -0.005950432736426592, 0.005000826437026262, 0.008193188346922398, -0.009632181376218796, 0.017021607607603073, 0.015051093883812428, 0.003078927518799901, 0.04023996368050575, 0.010857271030545235, 0.014312151819467545, 0.015673361718654633, 0.008536731824278831, -0.014675140380859375, 0.020794104784727097, 0.014169548638164997, -0.020197764039039612, 0.003156710881739855, 0.017566092312335968, 0.03624707832932472, -0.019808847457170486, 0.03788053244352341, -0.0076357400976121426, 0.004916560836136341, -0.01630859263241291, 0.01808464713394642, -0.02655007876455784, 0.02264794334769249, 0.011518429964780807, 0.0014633007813245058, -0.03308388590812683, -0.0031972231809049845, -0.00624860217794776, -0.005486973095685244, 0.031761568039655685, 0.02653711475431919, 0.024229539558291435, -0.0171512458473444, -0.01964031718671322, 0.0019543087109923363, 0.013028725050389767, 0.01926436275243759, 0.00662131467834115, 0.01249720435589552, 0.011641587130725384, 0.010222039185464382, -0.0034321940038353205, 0.0024599009193480015, -0.0088349012658, -0.013100026175379753, -0.011032283306121826, 0.004005846567451954, 0.03318759799003601, -0.01668454520404339, 0.009217336773872375, 0.0032895910553634167, -0.022207168862223625, 0.03611743822693825, -0.011693442240357399, -0.01984773948788643, 0.010999873280525208, 0.020871886983513832, 0.008005211129784584, 0.008530249819159508, 0.03266904130578041, 0.019562533125281334, 0.023853585124015808, -0.007493137381970882, 0.02810574695467949, -0.008413574658334255, 0.013702847994863987, -0.01158324908465147, -0.006663447245955467, -0.01363802794367075, -0.010072953999042511, 0.00636203633621335, 0.0031372650992125273, 0.02150711789727211, 0.008057067170739174, 0.03824352100491524, -0.008601550944149494, 0.02015887200832367, -0.0018732843454927206, -0.0037724964786320925, -0.03028368204832077, 0.006695857271552086, -0.033732082694768906, -0.011537875980138779, -0.0019154170295223594, -0.01962735317647457, 0.007564438506960869, -0.009496060200035572, -0.010753558948636055, 0.031554143875837326, -0.002970354864373803, -0.02919471450150013, -0.007694077678024769, 0.03611743822693825, 0.00045333156595006585, -0.008251525461673737, -0.02347763255238533, 0.02696492336690426, 0.008945094421505928, 0.010092400014400482, -0.009165480732917786, -0.021934928372502327, 0.01693085953593254, 0.00825800746679306, -0.005367056932300329, -0.018732843920588493, -0.0035423871595412493, -0.015673361718654633, 0.0019753749947994947, 0.01641230471432209, -0.011965684592723846, 0.012030503712594509, 0.0005363815580494702, 0.001164320739917457, -0.02358134277164936, -0.011745298281311989, -0.008737672120332718, -0.027509406208992004, -0.02696492336690426, -0.002707835752516985, 0.010941536165773869, -0.01402694545686245, -0.01869395188987255, -0.009489578194916248, -0.011058211326599121, -0.017799442633986473, -0.004135485738515854, 0.00027082409360446036, -0.01436400692909956, 0.008530249819159508, 0.005986083298921585, -0.0220775306224823, -0.009139553643763065, 0.024592528119683266, 0.004527643788605928, -0.00744128180667758, -0.026835283264517784, 0.00242749135941267, 0.0002896622463595122, 0.025577785447239876, 0.013197255320847034, -0.006663447245955467, 0.008880275301635265, 0.011330452747642994, 0.000692758709192276, -0.021234877407550812, -0.042573463171720505, 0.026355618610978127, -0.006005529314279556, -0.01979588344693184, 0.024488817900419235, 0.03658413887023926, 0.010241485200822353, 0.022349772974848747, 0.025642605498433113, 0.0004792593827005476, -0.011460091918706894, -0.015051093883812428, -0.005616611801087856, -0.01838281750679016, -0.014260295778512955, 0.015051093883812428, 0.024061007425189018, -0.01983477547764778, -0.009586808271706104, 0.009742374531924725, 0.02114412933588028, 0.016801221296191216, -0.016477122902870178, -0.009755338542163372, -0.005574479233473539, 0.004670246969908476, 0.033213526010513306, -0.005023513454943895, 0.011699924245476723, -0.0017663320759311318, 0.009366421960294247, 0.01917361654341221, 0.00758388452231884, 0.0038340750616043806, 0.0029881801456212997, 0.01787722483277321, -0.021831216290593147, 0.011213777586817741, -0.012925013899803162, -0.002540925517678261, 0.028494663536548615, -0.013650991953909397, -0.010319268330931664, 0.027561262249946594, -0.0064463019371032715, -0.006076830439269543, -0.013106508180499077, 0.014091764576733112, -0.005969878286123276, 0.01672343723475933, -0.007655186112970114, -0.0264852587133646, 0.013936198316514492, -0.00690976157784462, -0.028287241235375404, 0.01096098218113184, -0.0005918833194300532, -0.018408745527267456, -0.018577275797724724, 0.0181883592158556, 0.01197216659784317, -0.03342094644904137, -0.0014714032877236605, -0.0010209075408056378, -0.018408745527267456, -0.02572038769721985, 0.0053184423595666885, 0.010215557180345058, 0.01184252742677927, 0.009470133110880852, -0.0225960873067379, 0.01277592871338129, 0.0013879480538889766, -0.023659126833081245, -0.011071175336837769, 0.0013806559145450592, -0.022777581587433815, 0.024086935445666313, 0.008614514954388142, 0.005088333040475845, -0.022660905495285988, -0.02732791192829609, 0.021546009927988052, -0.006708820816129446, -0.0034289530012756586, 0.021740468218922615, 0.004083630163222551, 0.008134850300848484, 0.010280377231538296, -0.011148958466947079, 0.013443569652736187, 0.01264628954231739, -0.018629131838679314, 0.0020126462914049625, -0.05367056652903557, -0.01356024481356144, -0.019458821043372154, 0.004605427384376526, -0.02404804341495037, 0.008044103160500526, 0.024761058390140533, -0.0016026628436520696, -0.008413574658334255, 0.029428064823150635, -0.008925648406147957, 0.004472547210752964, -0.0006672359886579216, -0.01776055060327053, -0.004180859308689833, 0.0015516174025833607, 0.02701677940785885, 0.02601855807006359, -0.011110066436231136, -0.0020466765854507685, -0.021934928372502327, 0.02935028076171875, 0.016788257285952568, -0.017734622582793236, 0.015012201853096485, 0.03059481643140316, -0.017773514613509178, 0.0056749493815004826, -0.00017491144535597414, 0.009496060200035572, 0.025966702029109, 0.002020748797804117, -0.011278597638010979, -0.04166598990559578, 0.002581437584012747, 0.009249746799468994, 0.021416371688246727, -0.013534316793084145, -0.00594719173386693, -0.0034581217914819717, -0.003250699257478118, -0.004242437891662121, -0.005373538937419653, 0.03401728719472885, -0.031294867396354675, -0.018058719113469124, 0.01817539520561695, -0.00042335252510383725, 0.0368693470954895, 0.0004849310789722949, -0.016127098351716995, -0.02758719027042389, -0.0026592211797833443, 0.0035650739446282387, 0.013365786522626877, 0.00359100173227489, 0.012620361521840096, 0.006462506949901581, -0.011233223602175713, 0.025124048814177513, -0.007817234843969345, 0.0058305165730416775, -0.00943124108016491, -0.011058211326599121, -0.0002062071143882349, -0.013326894491910934, -0.007849644869565964, -0.03767310827970505, 0.04399949312210083, 0.011220259591937065, 0.010254449211061, 0.0036039657425135374, -0.0011594592360779643, 0.01708642765879631, 0.020197764039039612, -0.01436400692909956, -0.016373412683606148, -0.008659888990223408, -0.04524403065443039, -0.009249746799468994, 0.0038308340590447187, -0.016438232734799385, 0.015051093883812428, -0.005162875168025494, 0.00522121274843812, 0.04228825867176056, 0.0017452657921239734, 0.03069852851331234, -0.006005529314279556, 0.015751145780086517, -0.02202567458152771, 0.027509406208992004, 0.01995144970715046, 0.013936198316514492, -0.0055291056632995605, -0.013313930481672287, -0.02919471450150013, -0.00043388569611124694, 0.0027272815350443125, 0.018006864935159683, -0.0017533681821078062, 0.002062881365418434, -0.011622141115367413, -0.007992247119545937, 0.02114412933588028, 0.011278597638010979, 0.011194332502782345, 0.011816599406301975, -0.005691154394298792, -0.016347484663128853, -0.03803609684109688, -0.011732334271073341, -0.014519574120640755, -0.02529257908463478, -0.001135151949711144, -0.0132426293566823, 0.01475292444229126, 0.003915099427103996, -0.04721454158425331, -0.017371632158756256, -0.005885613150894642, 0.02539629116654396, -0.004692933522164822, 0.008899721316993237, 0.03282460942864418, -0.031398579478263855, -0.004838777706027031, 0.03876207768917084, 0.03230605274438858, 0.010630402714014053, 0.005237417761236429, 0.012237926945090294, -0.015258516184985638, -0.005755973979830742, 0.0029946621507406235, 0.017890188843011856, -0.029479920864105225, -0.04213269054889679, 0.02150711789727211, 0.01859023980796337, 0.020742248743772507, -0.017306813970208168, -0.00969051942229271, -0.0009698621579445899, 0.024112863466143608, -0.001184576889500022, 0.006734748836606741, 0.013002797029912472, -0.012464795261621475, -0.02867615781724453, -0.0050591640174388885, -0.012581470422446728, 0.022168278694152832, -0.009852567687630653, 0.018512457609176636, -0.028287241235375404, -0.011693442240357399, -0.007434799801558256, 0.023244282230734825, -0.0015645812964066863, 0.01503812987357378, -0.02539629116654396, 0.0020807068794965744, 0.0026948717422783375, 0.004164654761552811, 0.022673869505524635, 0.00978774856775999, 0.019134724512696266, 0.026731573045253754, 0.01630859263241291, 0.002913637785241008, 0.009664591401815414, -0.03855465352535248, -0.014402898959815502, 0.004644318949431181, -0.004164654761552811, -0.0085756229236722, -0.0020482970867305994, -0.02696492336690426, 0.009677555412054062, 0.02472216822206974, -0.008251525461673737, -0.0055712382309138775, -0.0024453166406601667, -0.027405695989727974, -0.010948018170893192, 0.026264872401952744, 0.007045882288366556, 0.08027250319719315, 0.008355236612260342, -0.02373691089451313, -0.01989959366619587, 0.005885613150894642, 0.0007895828457549214, -0.0004144398553762585, 0.012762964703142643, -0.005963396281003952, -0.04135485738515854, 0.024709204211831093, -0.03388764709234238, -0.013339858502149582, -0.03964362293481827, 0.004534125793725252, 0.012996315024793148, -0.025370363146066666, 0.013339858502149582, -0.001654518418945372, -0.03676563501358032, -0.020275548100471497, 0.020029233768582344, 0.01314540021121502, 0.004268365912139416, -0.021934928372502327, 0.013378750532865524, 0.008063549175858498, -0.0006891125813126564, -0.0054415990598499775, -0.03943619877099991, 0.01475292444229126, -0.011719370260834694, 0.002630052389577031, 0.020599644631147385, -0.012892603874206543, 0.005905058700591326, 0.004952211864292622, 0.006387964356690645, 0.00703940074890852, -0.04060295224189758, -0.025020336732268333, -0.03904728218913078, -0.011401754803955555, -0.02420361153781414, -0.01912176050245762, -0.008659888990223408, 0.004498475231230259, -0.020457042381167412, 0.00799872912466526, -0.005982842296361923, 0.004958693869411945, 0.016217844560742378, 0.020197764039039612, -0.004628114402294159, 0.016710473224520683, -0.01004702690988779, -0.0029930416494607925, -0.024449925869703293, -0.015919676050543785, -0.004106317181140184, -0.00904232356697321, -0.01441586297005415, 0.044699545949697495, 0.01668454520404339, 0.0002916878729593009, -0.002677046461030841, 0.012017539702355862, -0.012989833019673824, 0.005775419995188713, -0.008783046156167984, 0.023231318220496178, 0.02218124270439148, -0.00970996543765068, -0.0009844466112554073, 0.011181368492543697, 0.013936198316514492, 0.03671377897262573, -0.0036136885173618793, -0.002440455136820674, -0.00636203633621335, -0.01853838376700878, -0.00453088479116559, -0.019912557676434517, -0.028287241235375404, -0.00236267177388072, 0.011648069135844707, 0.01808464713394642, -0.0225960873067379, 0.022297916933894157, -0.00810244120657444, -0.03673970699310303, 0.01524555217474699, 0.009029359556734562, -0.02026258409023285, -0.02898729220032692, 0.008400610648095608, 0.003078927518799901, -0.00261060637421906, -0.019147688522934914, 0.014739960432052612, -0.012315710075199604, 0.0026527391746640205, 0.0368693470954895, -0.01251665037125349, 0.00023375541786663234, -0.025020336732268333, -0.008381164632737637, -0.008186706341803074, -0.03287646546959877, -0.00937938503921032, 0.016010422259569168, -0.0011497363448143005, 0.014973310753703117, 0.006514362525194883, 0.004702656529843807, -0.02021072804927826, 0.022194204851984978, 0.004398005083203316, 0.005613370798528194, 0.032720897346735, -0.01952364109456539, 0.0026997332461178303, 0.010332232341170311, 0.011233223602175713, -0.0275353342294693, -0.011719370260834694, 0.008044103160500526, 0.02275165356695652, -0.0415622815489769, 0.02358134277164936, 0.012464795261621475, -0.005263345316052437, 0.005862926132977009, -0.01301576104015112, -0.0018376335501670837, -0.01630859263241291, -0.04446619376540184, -0.006271289195865393, -0.021688614040613174, -0.00474154856055975, -0.019238434731960297, -0.01142768282443285, 0.009625699371099472, -0.015777071937918663, 0.0008645304478704929, 0.008491357788443565, 0.01708642765879631, 0.21115608513355255, -0.02872801385819912, 0.00650788052007556, 0.026887139305472374, -0.013216701336205006, 0.026783429086208344, 0.03839908912777901, 0.008666370995342731, -0.012211998924612999, -0.002704594749957323, -0.007201449479907751, -0.024294357746839523, -0.028442807495594025, 0.018356889486312866, 0.01599745824933052, -0.026057450100779533, -0.034250639379024506, -0.032720897346735, -0.0051012965850532055, -0.05014438554644585, 0.008666370995342731, -0.011388790793716908, -0.0011886280262842774, -0.011161922477185726, 0.03829537704586983, 0.007369980216026306, -0.008543213829398155, -0.006255084183067083, 0.048744283616542816, 0.01796797290444374, -0.027457552030682564, -0.0023075751960277557, 0.004566535819321871, 0.01839578151702881, -0.019342146813869476, 0.003756291465833783, -0.008044103160500526, -0.011336934752762318, -0.0018538384465500712, 0.02546110935509205, 0.0068254959769546986, -0.007447763346135616, -0.032228268682956696, 0.005522623658180237, -0.015452975407242775, 0.03406914323568344, 0.00594719173386693, -0.021377479657530785, 0.029583631083369255, 0.004657282959669828, -0.02810574695467949, -0.018149467185139656, -0.00970996543765068, 0.014221403747797012, 0.017786478623747826, 0.0029622523579746485, 0.021286731585860252, 0.014247331768274307, -0.028494663536548615, 0.0065564950928092, 0.00046062376350164413, 0.021338587626814842, -0.0037854602560400963, 0.023153534159064293, -0.012276818044483662, 0.03821759298443794, 0.0032312534749507904, -0.030724454671144485, 0.010008134879171848, -0.01314540021121502, 0.019860703498125076, -0.010902644135057926, 0.008860829286277294, 0.009288637898862362, 0.013832487165927887, -0.02067742869257927, 0.004705897532403469, 0.008880275301635265, 0.0202496200799942, 0.04060295224189758, 0.00015151564730331302, 0.01064984779804945, -0.008815455250442028, 0.005859685130417347, -0.016243772581219673, -0.042677175253629684, 0.014986274763941765, 0.000644954270683229, -0.015310372225940228, -0.0179290808737278, -0.00818022433668375, -0.021442299708724022, -0.005590684246271849, 0.008958058431744576, 0.02150711789727211, 0.022518303245306015, 0.03365429863333702, 0.034250639379024506, 0.016788257285952568, -0.013728776015341282, -0.00838764663785696, 0.013547280803322792, 0.01839578151702881, 0.008627478964626789, -0.022038638591766357, 0.019912557676434517, 0.025629641488194466, 0.0005910730687901378, 0.015141841024160385, -0.007544992957264185, -0.02347763255238533, -0.024761058390140533, 0.0018052237574011087, -0.007318124640733004, 0.009308083914220333, 0.00784316286444664, -0.010254449211061, -0.003284729551523924, -0.008543213829398155, -0.015440011397004128, 0.020482970401644707, -0.013197255320847034, -0.009748856537044048, 0.011084139347076416, 0.006682893261313438, -0.008452465757727623, -0.01931621879339218, 0.00711718387901783, 0.0007393477135337889, 0.0014487163862213492, 0.006452783942222595, -0.023801730945706367, 0.02919471450150013, -0.0021195984445512295, -0.0050850920379161835, 0.005898576695472002, 0.03655821457505226, 0.0062356386333703995, 0.004190582316368818, -0.007305160630494356, -0.010539654642343521, -0.022349772974848747, 0.006332867778837681, 0.003616929519921541, -0.0017744345823302865, -0.007946874015033245, 0.0089645404368639, -0.014325114898383617, -0.0031680543906986713, -0.009489578194916248, -0.051285210996866226, 0.023399848490953445, 0.006864388007670641, -0.021429335698485374, 0.007668150123208761, -0.02015887200832367, -0.032020844519138336, -0.021066345274448395, -0.008173742331564426, -0.010137774050235748, -0.0348210483789444, 0.015141841024160385, 0.002874745987355709, 0.010870234109461308, -0.004281329922378063, -0.014169548638164997, -0.1615821123123169, 0.02717234566807747, 0.0058305165730416775, -0.04068073630332947, -0.00018929327779915184, -0.006566218100488186, 0.009029359556734562, 0.006384723354130983, -0.0389694981276989, 0.0033608924131840467, -0.010708185844123363, -0.007603330537676811, -0.022310880944132805, -0.02166268602013588, -0.003312277840450406, -0.022116422653198242, -0.005289273336529732, 0.02852059155702591, 0.06264159083366394, 0.01389730628579855, 0.006131927017122507, -0.04757753387093544, 0.03432841971516609, -0.008018175140023232, -0.0007462347857654095, -0.02451474405825138, 0.007175521459430456, 0.00019800339941866696, -0.018680987879633904, -0.02618708834052086, -0.00859506893903017, -0.007091256324201822, 0.020431114360690117, 0.0005452942568808794, 0.011408236809074879, 0.00956088025122881, -0.0045081982389092445, -0.009878495708107948, -0.013288002461194992, 0.010332232341170311, 0.0015653915470466018, 0.011421200819313526, -0.01599745824933052, 0.033057957887649536, -0.0022135868202894926, 0.034976616501808167, 0.022712761536240578, -0.01786426082253456, -0.024540672078728676, -0.0012769446475431323, -0.013074098154902458, -0.0283131692558527, 0.012711108662188053, -0.005937468726187944, -0.005905058700591326, 0.0026883897371590137, 0.01449364610016346, 0.011998094618320465, 0.007357016205787659, -0.017747586593031883, -0.003151849377900362, -0.03463955596089363, 0.0070847743190824986, -0.010546136647462845, 0.015828927978873253, -0.008070031180977821, 0.002537684515118599, -0.00385676184669137, -0.02004219777882099, 0.005107778590172529, -0.007421835791319609, -0.008018175140023232, -0.012523132376372814, -0.007357016205787659, 0.017682766541838646, 0.0033673744183033705, -0.02722420170903206, 0.0012258993228897452, -0.03961769491434097, -0.0009463650640100241, -0.01682714931666851, 0.010604474693536758, -0.024851806461811066, -0.015530758537352085, -0.016282664611935616, 0.008245043456554413, -0.005768937990069389, 0.002132562454789877, -0.0006088984082452953, -0.011473055928945541, 0.022297916933894157, -0.009884977713227272, -0.0074023897759616375, -0.01765683852136135, 0.023153534159064293, 0.01824021525681019, 0.010597992688417435, -0.01449364610016346, 0.01036464236676693, -0.04332537204027176, 0.007421835791319609, 0.0007693267543800175, -0.002255719620734453, 0.01537519134581089, 0.008504321798682213, -0.006141650024801493, -0.018305033445358276, 0.005875890143215656, 0.010474835522472858, -0.023659126833081245, 0.023257246240973473, 0.013255593366920948, 0.02473513036966324, 0.00021552492398768663, -0.022997967898845673, 0.01070170383900404, -0.011123030446469784, 0.009372903034090996, -0.0002908776223193854, 0.0018360130488872528, 0.04996288940310478, -0.0005031615728512406, -0.009178444743156433, -0.006546772085130215, -0.01833096146583557, -0.013236147351562977, -0.11719370633363724, -0.0030238309409469366, -0.0006874920800328255, 0.02478698641061783, 0.005227694753557444, 0.012322192080318928, -0.010241485200822353, 0.006180542055517435, -0.024942554533481598, 0.0006267238059081137, -0.016866041347384453, -0.032331980764865875, 0.012270336039364338, -0.00718200346454978, 0.014376970939338207, -0.006494916509836912, 0.01703457161784172, -0.02057371847331524, -0.02021072804927826, 0.022362736985087395, 0.006242120172828436, 0.004592463374137878, 0.00023375541786663234, -0.004190582316368818, -0.03007625974714756, -0.015271480195224285, 0.0032895910553634167, 0.021260805428028107, 0.00891268439590931, 0.023399848490953445, -0.03603965789079666, 0.00466052396222949, 0.0027580708265304565, 0.0023091956973075867, -0.007266269065439701, -0.005007308442145586, -0.017527200281620026, -0.00797280203551054, 0.027768684551119804, -0.005694395396858454, -0.0031615723855793476, 0.002780757611617446, -0.015971532091498375, -0.009087697602808475, 0.00930160190910101, -0.007836680859327316, -0.018317997455596924, 0.009081215597689152, 0.00030343641992658377, -0.022505339235067368, -0.04161413758993149, 0.0026332931593060493, -0.006319903768599033, -0.007026436738669872, 0.03336909040808678, -0.007992247119545937, -0.002780757611617446, 0.021546009927988052, -0.022116422653198242, 0.005324923899024725, 0.014804779551923275, 0.009178444743156433, 0.0031696748919785023, -0.0015183973591774702, 0.013087062165141106, -0.004585981369018555, -0.029583631083369255, -0.014208439737558365, 0.01604931429028511, 0.021131165325641632, -0.021377479657530785, 5.52991587028373e-05, -0.016814185306429863, 0.024061007425189018, -0.01641230471432209, 0.02150711789727211, 0.017319777980446815, -0.01900508441030979, 0.0024226298555731773, -0.009048805572092533, -0.016801221296191216, -0.012944458983838558, 0.013793595135211945, -0.01798093691468239, 0.021364515647292137, 0.004809608682990074, 0.026679717004299164, 0.0003473921387922019, 0.009236782789230347, -0.014739960432052612, -0.002335123484954238, 0.010533172637224197, -0.011680478230118752, 0.018473565578460693, -0.012996315024793148, -0.004028533585369587, -0.00846542976796627, -0.009146034717559814, 0.026355618610978127, 0.05693747103214264, -0.01865505985915661, -0.025007372722029686, -0.03528774902224541, 0.02009405381977558, -0.002142285229638219, 0.0025879195891320705, -0.0028180289082229137, -0.01090912614017725, -0.000777834327891469, 0.019342146813869476, 0.013067616149783134, 0.002103393664583564, -0.023542452603578568, 0.003354410408064723, 0.0018133262638002634, 0.002840715693309903, -0.03632486239075661, -0.0012024021707475185, 0.023801730945706367, 0.002067742869257927, -0.005655503831803799, -0.0003058671427424997, 0.00438828207552433, 0.013365786522626877, -0.016710473224520683, 0.03023182787001133, -0.003976678010076284, 0.011596213094890118, -0.009742374531924725, 0.01503812987357378, 0.00301248743198812, -0.01936807483434677, -0.008238561451435089, -0.01615302637219429, -0.010351678356528282, 0.03500254452228546, -0.022168278694152832, -0.029013220220804214, -0.002748347818851471, 0.0272760558873415, 0.010857271030545235, 0.0758129209280014, -0.001691789599135518, -0.013793595135211945, 0.016075242310762405, -0.03912506625056267, -0.006806050427258015, 0.012989833019673824, -0.02929842658340931, 0.02539629116654396, 0.015725217759609222, -0.0059342277236282825, 0.03832130506634712, 0.027613118290901184, -0.02575927972793579, -0.011226741597056389, -0.015919676050543785, -0.028909508138895035, 0.012691663578152657, -0.014143620617687702, 0.01781240664422512, -0.021001527085900307, 0.02769090235233307, 0.006806050427258015, -0.005892095156013966, 0.0023545692674815655, -0.001011184649541974, 0.025487037375569344, -0.017099391669034958, 0.009742374531924725, 0.01550483051687479, -0.007525546941906214, -0.02675750106573105, 0.022297916933894157, 0.0025149977300316095, -0.02665378898382187, 0.013177809305489063, 0.01163510512560606, 0.00846542976796627, 0.0015921295853331685, 0.01096098218113184, 0.01890137419104576, 0.013495425693690777, 0.003017348935827613, -0.03956583887338638, -0.003688231110572815, 0.032331980764865875, 0.01477885153144598, 0.004495234228670597, 0.008303381502628326, 0.0040382565930485725, -0.0004780440067406744, -0.0034386757761240005, -0.01529740821570158, -0.008329309523105621, -0.0016966511029750109, 0.02774275653064251, 0.006595386657863855, -0.01916065253317356, 0.007694077678024769, 0.015388155356049538, 0.015115913935005665, 0.02634265460073948, 0.0038146290462464094, -0.005590684246271849, -0.018668023869395256, -0.012062913738191128, -0.00724682305008173, -0.022881293669342995, -0.016477122902870178, 0.005039718002080917, 0.003746568690985441, -0.0026543596759438515, -0.008808973245322704, 0.009859049692749977, 0.005260104779154062, -0.028546519577503204, 0.01703457161784172, 0.013663955964148045, -0.0008888377342373133, -0.026679717004299164, 0.022090494632720947, 0.0171512458473444, 0.012866675853729248, 0.007590366527438164, 0.025888917967677116, 0.0001735947880661115, 0.014869599603116512, 0.02732791192829609, -0.03839908912777901, 0.007707041688263416, -0.015777071937918663, 0.010948018170893192, -0.00872470811009407, -0.03199491649866104, 0.003513218369334936, -0.02555185742676258, -0.03054296039044857, 0.010170184075832367, -0.008653406985104084, 0.012296264059841633, 0.0909029021859169, 0.017319777980446815, -0.016321556642651558, 0.0012194173177704215, -0.01483070757240057, -0.023762838914990425, -0.0031291625928133726, 0.004307257477194071, -0.0011124651646241546, 0.009800712577998638, 0.0264852587133646, -0.003221530467271805, 0.011868455447256565, -0.01625673659145832, -0.017358670011162758, 0.015699289739131927, -0.004634595941752195, 0.01995144970715046, -0.013586172834038734, 0.010131292045116425, 0.044803258031606674, 0.012030503712594509, 0.017527200281620026, -0.0040155695751309395, -0.025746315717697144, -0.01620488241314888, 0.023503560572862625, -0.004767476115375757, -0.014208439737558365, -0.023075751960277557, -0.0058694081380963326, 0.03438027575612068, -0.0015224486123770475, -0.02473513036966324, -0.004041497595608234, -0.0007259786943905056, 0.007344052195549011, -0.009418277069926262, -0.005866167135536671, 0.009813676588237286, -0.01848652958869934, 0.032798681408166885, -0.00885434728115797, -0.009022878482937813, 0.0005955293891020119, -0.010254449211061, 0.01402694545686245, -0.01542704738676548, -0.002643016166985035]"
"Consejos para ayudar a una persona con demencia cuando tiene delirios y/o alucinaciones, enfocados en cuando la persona se vuelve agresiva, se angustia o intenta escapar impulsivamente, es decir, muestra comportamiento muy alterado. Si la persona se vuelve severamente angustiada, agresiva o intenta ""escapar"" de manera impulsiva entonces puede intentar hacer lo siguiente: Respire profundo e intente mantener la calma; Reduce el ruido de fondo (apague el televisor o la radio) y atenúe las luces; A veces es útil que una persona familiar (tal como un vecino o pariente) llame o visite para darle distracción y consuelo; Es probable que discutir con la persona o intentar detenerla empeore la situación; Si la persona puede conversar, intente hablar tranquilamente de cosas concretas que están en el entorno, lo cual ayudará a la persona prestar atención hacia el momento presente (por ejemplo, puede comentar sobre el tiempo o el entorno inmediato y alentar el uso de todos los sentidos); Evite detener a la persona a menos que alguien se encuentre en peligro inminente; Si la persona o alguien más se encuentra en una situación de peligro llame al 105 a la central policial o al 106 para atención médica; Contacte al médico para solicitar una cita urgente, por la cual se puede determinar si el comportamiento implica una causa médica subyacente o si necesita una intervención farmacéutica; Considere desarrollar un plan de crisis con el médico de la persona para estar mejor preparados en el futuro; A veces las actividades repetitivas y rítmicas pueden ser calmantes (por ejemplo: sentarse en una mecedora o columpio, caminar, tararear, cantar, tirar una pelota, tocar un instrumento, etc.).","[-0.007441231515258551, 0.0078110224567353725, 0.027844607830047607, -0.044764164835214615, -0.0012196613242849708, 0.039522215723991394, -0.010029767639935017, -0.0022901087068021297, -0.009355061687529087, -0.00023862055968493223, -0.0019965465180575848, 0.027637004852294922, 0.0004768356739077717, 0.03155549243092537, -0.014713786542415619, 0.0039736307226121426, 0.028726914897561073, 0.006406465545296669, 0.03947031497955322, -0.022174479439854622, -0.029401622712612152, 0.010075180791318417, 0.013078920543193817, 0.0016072930302470922, -0.038847509771585464, 0.011651657521724701, 0.007175241131335497, -0.012897268868982792, 0.010354145430028439, -0.02492520585656166, 0.03464357182383537, -0.0026420587673783302, 0.012027936056256294, -0.0117424838244915, -0.004392078146338463, -0.005141391418874264, -1.2461943697417155e-05, -0.015570144169032574, -0.011794383637607098, -0.020254163071513176, 0.017192034050822258, -0.013610901311039925, -0.00814837496727705, -0.0172050092369318, 0.010899100452661514, 0.04613952711224556, -0.032619450241327286, -0.02537933550775051, -0.03539612889289856, 0.023004887625575066, 0.027377502992749214, 0.016011297702789307, -0.027325602248311043, 0.0009504275512881577, 0.021966878324747086, -0.007467181421816349, -0.0002037499361904338, 0.019203176721930504, -0.0011101836571469903, -0.018087318167090416, -0.003944436553865671, -0.019579455256462097, -0.010957488790154457, 0.03082888573408127, -0.010029767639935017, 0.012683180160820484, 0.005345749668776989, -0.011924135498702526, 0.005199779290705919, 0.012962144799530506, 0.020708290860056877, 0.016647078096866608, 0.011774921789765358, -0.005728515330702066, 0.011431080289185047, 0.006455122027546167, 0.003271352034062147, -0.0037433221004903316, 0.015920471400022507, 0.013610901311039925, 0.011904672719538212, -0.02153869904577732, -0.035188525915145874, 0.017010381445288658, 0.017308810725808144, 0.018891774117946625, -0.016647078096866608, 0.003360555972903967, -0.02505495585501194, -0.018489545211195946, -0.022511832416057587, -0.009647001512348652, 0.008751718327403069, 0.011651657521724701, -0.0018684172537177801, 0.022550757974386215, 0.020825067535042763, 0.0053587243892252445, -0.02984277531504631, -0.005942604970186949, -0.0033508248161524534, 0.0008896066574379802, -0.0637337863445282, 0.0028350637294352055, -0.0034481382463127375, -0.03191879391670227, 0.004216914065182209, 0.0024766260758042336, 0.005527401342988014, -0.02361471764743328, -0.021512748673558235, 0.019125327467918396, -0.004048237577080727, -0.03129598870873451, 0.009264235384762287, 0.011554344557225704, 0.00808349996805191, 0.02880476601421833, -0.0014167209155857563, -0.03399481624364853, 0.009666464291512966, 0.021785225719213486, 0.0022155018523335457, -0.007064952980726957, 0.0043953219428658485, -0.016270799562335014, 0.01738665997982025, -0.002424725564196706, -0.03235995024442673, 0.00016857519221957773, -0.006114525254815817, 0.00711036566644907, 0.012436652556061745, -0.0049370331689715385, -0.008427340537309647, 0.02370554395020008, -0.008031599223613739, -0.003149710362777114, -0.014960313215851784, -0.023990996181964874, 0.02636544406414032, 0.016413526609539986, -0.030232029035687447, -0.018204092979431152, -0.0005449550226330757, 0.02934972196817398, 0.003169173141941428, 0.01004274282604456, -0.010055718012154102, 0.029635174199938774, 0.02781865745782852, -0.034825220704078674, 0.0056409332901239395, -0.018658222630620003, 0.0020695317070931196, 0.03716074302792549, 0.0005721217021346092, -0.007836972363293171, -0.03461762145161629, 0.00029640039429068565, 0.026028091087937355, -0.008187300525605679, 0.004090406466275454, 0.0019073426956310868, 0.002544745337218046, 0.019787058234214783, -0.010321708396077156, 0.002288486808538437, 0.010315220803022385, 0.0023922878317534924, -0.008764693513512611, 0.048734549432992935, -0.005410625133663416, 0.02162952534854412, 0.014700811356306076, 0.008031599223613739, 0.006928713992238045, 0.01913830265402794, -0.0077137090265750885, -0.004070943687111139, -0.02849336341023445, -7.850961264921352e-05, 0.01931995339691639, 0.037316445261240005, -0.0422469899058342, 0.012611816637217999, 0.03142574056982994, 0.025522060692310333, -0.014078005217015743, -0.01669897884130478, 0.008031599223613739, 0.010529309511184692, 0.003613570937886834, -0.02960922382771969, -0.6336010694503784, -0.017672114074230194, -0.013059458695352077, 0.00649080378934741, 0.0016445964574813843, 0.03038773126900196, 0.013922303915023804, 0.008304077200591564, -0.009861091151833534, -0.0540803000330925, 0.01446725893765688, 0.0006710569723509252, -0.010367120616137981, -0.012423677369952202, -0.027325602248311043, -0.017308810725808144, -0.018671197816729546, -0.017282860353589058, 0.025029007345438004, 0.0024052627850323915, 0.004791063256561756, 0.018217068165540695, -0.0325934998691082, -0.0005477933445945382, 0.0018667953554540873, -0.019216151908040047, 0.008725767955183983, -0.030050378292798996, 0.003908754792064428, 0.03425431624054909, -0.003402725327759981, -0.008874981664121151, -0.005498207174241543, 0.024886280298233032, 0.058128539472818375, -0.025833463296294212, 0.008939857594668865, 0.026806598529219627, -0.01625782623887062, 0.03736834600567818, 0.013740652240812778, 0.021655475720763206, 0.05164097622036934, -0.02447107620537281, -0.00019746510952245444, -0.0033102775923907757, 0.022784311324357986, -0.03184094280004501, -0.014129905961453915, 0.01205388642847538, 0.028156010434031487, 0.007013052236288786, -0.018217068165540695, 0.002903182990849018, 0.021966878324747086, 0.009335598908364773, 0.006961151957511902, -0.03337200731039047, -0.0013729298952966928, -0.010146543383598328, -0.017399635165929794, 0.011716533452272415, -0.012358801439404488, 0.006409709341824055, -0.00496622733771801, 0.03599298372864723, -0.02776675671339035, -0.0010396315483376384, 0.023679593577980995, 0.006218326278030872, -0.012598841451108456, 0.017282860353589058, -0.03565562888979912, 0.009608075954020023, 0.027688905596733093, -0.004901351407170296, 0.0007460694178007543, 0.00895932037383318, -0.008972295559942722, 6.381123239407316e-05, 0.017581287771463394, -0.0034838197752833366, -0.038717757910490036, 0.006805450655519962, 0.028649065643548965, 0.016543278470635414, -0.004576973617076874, -0.009238285012543201, -0.005112197250127792, 0.006760037504136562, 0.0012147956294938922, 0.006215082481503487, 0.01446725893765688, -0.009309648536145687, 0.0007091714069247246, 0.0016737905098125339, -0.006876813713461161, 0.021201346069574356, 0.01999465934932232, 0.002732884604483843, 0.012443140149116516, -0.03254159912467003, 0.0026534120552241802, 0.010989926755428314, 0.006211838684976101, 0.0019203177653253078, -0.0630071833729744, 0.035058774054050446, 0.041105180978775024, -0.01869714818894863, -0.012832393869757652, 0.009679439477622509, 0.014752711169421673, -0.02208365499973297, 0.018385745584964752, -0.01787971518933773, 0.02428942546248436, 0.022641584277153015, 0.00984162837266922, -0.021136470139026642, 0.0031059193424880505, -0.018230043351650238, 0.008336514234542847, 0.001526198466308415, 0.018294919282197952, -0.00751908216625452, 0.0048851328901946545, 0.0015651239082217216, -0.013351398520171642, -0.02771485596895218, -0.0016462183557450771, -0.006740574724972248, 0.00916692242026329, 0.002929133363068104, 0.032619450241327286, -0.0005632013198919594, 0.025119831785559654, -0.024276450276374817, -0.003928217571228743, -0.0046775308437645435, -0.030232029035687447, -0.008660892955958843, 0.017944591119885445, 0.004758625291287899, 0.01678980514407158, -0.0333201065659523, -0.006935201585292816, 0.0005936117377132177, -0.039574116468429565, -0.005060296971350908, 0.0020241187885403633, -0.043362852185964584, -0.006915738806128502, 0.030958635732531548, -0.007480156607925892, -0.0031416008714586496, -0.014934362843632698, -0.015284691005945206, -0.03710884228348732, -0.01598534733057022, 0.013831477612257004, 0.013740652240812778, -0.020747216418385506, -0.004525072872638702, -0.01237177662551403, -0.028597164899110794, 0.01503816433250904, 0.028597164899110794, -0.03767974674701691, -0.04502366483211517, -0.014934362843632698, -0.00999732967466116, 0.0046223863027989864, 0.014765686355531216, -0.0012318254448473454, 0.027611054480075836, -0.004447222221642733, -0.007590445224195719, 0.005666883662343025, 0.017853764817118645, 0.002789650810882449, 0.0072141666896641254, 5.012653855374083e-05, -0.006364296190440655, 0.013156771659851074, 0.0033962377347052097, 0.006507022771984339, 0.020513664931058884, -0.01144405547529459, 0.025392310693860054, 0.015647994354367256, 0.028856666758656502, 0.013818502426147461, 0.01121699158102274, -0.01230041403323412, 0.020643416792154312, 0.009342086501419544, -0.017840789631009102, -0.002074397401884198, 0.015518243424594402, 0.0351366251707077, -0.005345749668776989, 0.03747214749455452, -0.0015594472642987967, 0.011976035311818123, -0.016011297702789307, 0.020876968279480934, -0.013636850751936436, 0.023497942835092545, 0.014493209309875965, -0.004901351407170296, -0.02469165250658989, -0.0019089644774794579, 0.0025236608926206827, -0.0012675070902332664, 0.02188902720808983, 0.017269885167479515, 0.02085101790726185, 0.0022463176865130663, -0.016763854771852493, 0.001580531825311482, 0.007765609305351973, 0.01895665004849434, 0.011392155662178993, 0.005485231988132, 0.012177149765193462, 0.01922912709414959, -0.004155282396823168, 0.0002611242816783488, -0.001020168769173324, -0.0031513322610408068, -0.016011297702789307, 0.01851549558341503, 0.014622960239648819, -0.011366205289959908, 0.021616550162434578, 0.005300336517393589, -0.015453367494046688, 0.022771336138248444, -0.001419964712113142, -0.023173565044999123, 0.017010381445288658, 0.03391696512699127, 0.0033637997694313526, 0.01322813518345356, 0.03300870582461357, 0.03308655694127083, 0.03069913387298584, -0.00047034810995683074, 0.021940927952528, -0.013714701868593693, 0.01678980514407158, -0.02325141429901123, -0.0021554918494075537, -0.01620592549443245, -0.002006277907639742, 0.015362542122602463, 0.005666883662343025, 0.02838956192135811, 0.010509847663342953, 0.024302400648593903, -0.0022090142592787743, 0.027870558202266693, -0.0071492912247776985, 0.001428885036148131, -0.021162420511245728, 0.008907419629395008, -0.012157686986029148, -0.008615479804575443, 0.0030799692030996084, -0.012326364405453205, 0.0018246262334287167, -0.013169746845960617, -0.01302702073007822, 0.03002442792057991, 0.008706305176019669, -0.02781865745782852, -0.015388492494821548, 0.031036486849188805, 0.006169669330120087, 0.004547779448330402, -0.021603574976325035, 0.023368190973997116, 0.02279728651046753, 0.014713786542415619, -0.0038698294665664434, -0.013494124636054039, 0.016465427353978157, 0.004521829541772604, 0.0007306614425033331, -0.033294156193733215, -0.0011158603010699153, -0.01678980514407158, 0.009264235384762287, 0.014778661541640759, -0.006837888155132532, 0.026624945923686028, -0.00560849579051137, 0.0041131130419671535, -0.033605560660362244, -0.004709968343377113, -0.014622960239648819, -0.03321630880236626, -0.026105942204594612, -0.006695162039250135, 0.010665548965334892, -0.003710884368047118, -0.020578540861606598, 0.002801004098728299, -0.014246681705117226, -0.019073426723480225, 0.0018635515589267015, -0.0004038506012875587, -0.013597926124930382, 0.0028204666450619698, 0.014129905961453915, -0.01810029149055481, -0.005342505872249603, 0.02984277531504631, 0.003274595830589533, 0.0074087935499846935, -0.03381316363811493, 0.005842047743499279, -0.020513664931058884, 0.021421922370791435, 0.009848115965723991, -0.004596436396241188, 0.011976035311818123, 0.013961229473352432, 0.0008259474998340011, -0.022109605371952057, -0.026339493691921234, 0.027247751131653786, -0.007434743922203779, -0.021110519766807556, 0.016893606632947922, 0.03075103461742401, -0.001494571682997048, 0.022278280928730965, 0.02880476601421833, -0.004729431122541428, -0.021746302023530006, -0.005323043093085289, -0.005206266883760691, -0.004904595203697681, -0.007298504933714867, 0.012598841451108456, 0.021253246814012527, -0.023394141346216202, -0.02044878900051117, 0.008206763304769993, 0.014648910611867905, 0.0226675346493721, -0.012131737545132637, -0.023757444694638252, 0.0019819496665149927, 0.009127996861934662, 0.04100137948989868, 0.0023566060699522495, 0.016919557005167007, 0.0032032327726483345, 0.00486567011103034, 0.019709207117557526, -0.011100214906036854, 0.018982600420713425, 0.002314436947926879, -0.002557720523327589, -0.028104109689593315, 0.021876052021980286, -0.015051139518618584, -0.002633949276059866, 0.025664787739515305, -0.016322700306773186, -0.009491300210356712, 0.01806136779487133, -0.009737827815115452, -0.006471341010183096, -0.008466266095638275, 0.015777746215462685, 0.008680355735123158, 0.02478247880935669, -0.006078843493014574, -0.025677762925624847, -0.00359410815872252, -0.008939857594668865, -0.02199282869696617, 0.020344987511634827, -0.004051481373608112, -0.005310067906975746, -0.007194703910499811, 0.00812891311943531, 0.02370554395020008, -0.0170233566313982, 0.001560258213430643, 0.00844031572341919, -0.021940927952528, -0.03228209912776947, 0.011346742510795593, -0.004956495948135853, 0.01782781444489956, -0.0014150990173220634, -0.019268052652478218, 0.0021117008291184902, 0.01437643263489008, -0.008628454990684986, -0.003911998588591814, 0.008855519816279411, -0.017269885167479515, 0.017140133306384087, 0.010464434511959553, 0.016413526609539986, -0.01869714818894863, -0.02199282869696617, 0.03285300359129906, -0.015998322516679764, -0.008025111630558968, 0.04053427651524544, 0.0006897087441757321, -0.010412533767521381, 0.008115937933325768, 0.0038211727514863014, 0.0227583609521389, -0.0016567605780437589, -0.008064037188887596, 0.005183560308068991, -0.06036025658249855, -0.01765913888812065, -0.018580371513962746, 0.00445695361122489, -0.03101053647696972, 0.0023712031543254852, 0.017075257375836372, 0.009264235384762287, -0.0019073426956310868, 0.008031599223613739, -0.013714701868593693, 0.00828461442142725, 0.004272058140486479, -0.0028820985462516546, -0.006961151957511902, 0.004152038600295782, 0.020487714558839798, 0.029194019734859467, 8.373006858164445e-05, 0.00488837668672204, -0.02306976355612278, 0.021162420511245728, 0.01693253219127655, -0.018230043351650238, 0.00901122111827135, 0.04292169585824013, -0.022459933534264565, -0.005504694767296314, 0.004554267041385174, 0.01675087958574295, 0.03337200731039047, 0.0014183428138494492, -0.020033584907650948, -0.04961685836315155, 0.009491300210356712, 0.020111436024308205, 0.03729049488902092, -0.018204092979431152, -0.011924135498702526, -0.014155856333673, -0.011671120300889015, -0.022278280928730965, -0.0061631822027266026, 0.019968708977103233, -0.028649065643548965, -0.01806136779487133, 0.013831477612257004, -0.008887956850230694, 0.02893451787531376, -0.020915893837809563, -0.009251260198652744, -0.022057704627513885, -0.01878797449171543, 0.0033735311590135098, 0.016737904399633408, 0.014168830588459969, 0.00592638598755002, 0.011820334009826183, -0.015414442867040634, 0.01498626358807087, 0.0008596017141826451, -0.001040442381054163, -0.002260914770886302, 0.000335325748892501, 0.002460407093167305, -0.01806136779487133, -0.0034481382463127375, -0.033475808799266815, 0.03985956683754921, 0.016374601051211357, 0.011067776940762997, 0.008219738490879536, -0.008109450340270996, 0.01999465934932232, 0.0009982732590287924, -0.007843459956347942, -0.021006720140576363, -0.0034221878740936518, -0.029375672340393066, -0.010016792453825474, -0.0003302573459222913, 0.002259292872622609, 0.003159441752359271, -0.02310868911445141, 0.0023403873201459646, 0.03710884228348732, 0.0029729243833571672, 0.01860632188618183, 0.0008243256015703082, -0.0011612732196226716, -0.02190200239419937, 0.02478247880935669, 0.016737904399633408, -0.0039411927573382854, 0.005699321627616882, -0.010217906907200813, -0.02735155262053013, -0.00775263411924243, 0.0013429248938336968, 0.0060204556211829185, -0.005280873738229275, 0.007369867991656065, -0.007285529747605324, -0.019670281559228897, 0.025003056973218918, 0.004651580471545458, -0.001831113826483488, 0.008291102014482021, -0.01252747792750597, -0.0228491872549057, -0.019929783418774605, -0.007330942898988724, -0.021733326837420464, -0.003519501304253936, 0.015583119355142117, -0.0014799745986238122, 0.016011297702789307, 0.006902763620018959, -0.03394291549921036, -0.01782781444489956, -0.01607617363333702, 0.014532134868204594, -0.02066936530172825, 0.016828730702400208, 0.021382998675107956, -0.02423752471804619, -0.010866663418710232, 0.037809498608112335, 0.02582048811018467, 0.003642764873802662, 0.008180812932550907, 0.013507099822163582, -0.010477409698069096, -0.00048656700528226793, -0.017088232561945915, 0.02672874741256237, -0.017931615933775902, -0.0349549725651741, 0.030361780896782875, 0.018230043351650238, 0.0212143212556839, -0.015777746215462685, -0.007324455305933952, -0.007272554561495781, 0.033787213265895844, -0.004226645454764366, 0.008291102014482021, 0.018762024119496346, -0.004382346756756306, -0.0290383193641901, 0.0002777486515697092, -0.02216150425374508, 0.018165167421102524, -0.010483897291123867, 0.014545109122991562, -0.025249583646655083, 0.007895360700786114, -0.02279728651046753, 0.01991681009531021, -0.007960235700011253, 0.009912991896271706, -0.03246375173330307, -0.0073568932712078094, -0.005147879011929035, 0.022693485021591187, 0.015012213960289955, 0.0007667485042475164, 0.01995573379099369, 0.025405285879969597, 0.003169173141941428, -0.009108534082770348, 0.021279197186231613, -0.03944436460733414, -0.0006921415333636105, 0.0027231532149016857, -0.011723021045327187, 0.008297589607536793, -0.006312395911663771, -0.02934972196817398, 0.009951917454600334, 0.03282705321907997, -0.000301671534543857, -0.0052614109590649605, -0.0024879793636500835, -0.030283929780125618, -0.01507708989083767, 0.01620592549443245, 0.010237369686365128, 0.06477180123329163, -0.004891620017588139, -0.0281300600618124, -0.0006621365901082754, 0.011710045859217644, -0.0016867655795067549, 0.002838307525962591, 0.012683180160820484, 0.005494963377714157, -0.04102732986211777, 0.011748971417546272, -0.04847504943609238, 0.001855442184023559, -0.027688905596733093, 0.005112197250127792, 0.003457869403064251, -0.02415967360138893, 0.020928869023919106, 0.004979202523827553, -0.03082888573408127, -0.006357808597385883, 0.009115021675825119, 0.013584950938820839, 0.0054041375406086445, -0.01873607374727726, 0.01286483183503151, 0.0007870221161283553, 0.007739658933132887, 0.005517669953405857, -0.04068997502326965, 0.005034346599131823, -0.02600214071571827, 0.001943024224601686, 0.015790721401572227, -0.013675776310265064, 0.00375954108312726, -0.00027105837943963706, 0.021019695326685905, 0.003863341873511672, -0.0344100184738636, -0.016270799562335014, -0.04364830255508423, -0.009763778187334538, -0.023783395066857338, -0.018813924863934517, -0.0034351630602031946, 0.01394825428724289, -0.016504352912306786, 0.03173714503645897, -0.0035843770019710064, 0.008570066653192043, 0.010873151011765003, 0.022680509835481644, 0.007726683747023344, 0.024302400648593903, -0.006601092405617237, -0.016867656260728836, -0.009504275396466255, -0.001599183538928628, -0.010153030976653099, -0.01810029149055481, -2.0603070879587904e-05, 0.033891014754772186, 0.01724393479526043, -0.012702642939984798, 0.013662801124155521, 0.015764771029353142, -0.02190200239419937, 0.005631201900541782, -0.0054625254124403, 0.023316290229558945, 0.019423754885792732, -0.0047651128843426704, -0.0070779281668365, 0.011210503987967968, 0.012501528486609459, 0.024120748043060303, -0.007415281143039465, 0.0023111931513994932, -0.0025252827908843756, -0.03173714503645897, -0.008401390165090561, -0.017230959609150887, -0.017308810725808144, 0.0017467755824327469, 0.0005952336359769106, 0.0017435317859053612, -0.01955350674688816, 0.023510918021202087, -0.003011849708855152, -0.023536868393421173, 0.021097544580698013, 0.004680774640291929, -0.02727370150387287, -0.01913830265402794, 0.005676615051925182, -0.01060716062784195, -0.007175241131335497, -0.007687758654356003, 0.013299497775733471, -0.01851549558341503, 0.010178981348872185, 0.0057090530171990395, -0.008531141094863415, -0.008070524781942368, -0.013753627426922321, -0.014804611913859844, -0.010743399150669575, -0.03796520084142685, -0.010743399150669575, 0.010710961185395718, -0.012014960870146751, 0.012138225138187408, -0.004924057982861996, 0.007778584491461515, -0.015635019168257713, 0.01653030328452587, -0.011249428614974022, 0.0043726153671741486, 0.028778815641999245, -0.008608992211520672, -0.018437646329402924, 0.00502137141302228, 0.009419936686754227, -0.030102279037237167, -0.0017127158353105187, 0.01507708989083767, 0.021785225719213486, -0.05958175286650658, 0.02334224060177803, 0.014882463030517101, -0.01946268044412136, 0.010178981348872185, -0.010568235069513321, -0.01036063302308321, -0.00956915132701397, -0.03786139935255051, 0.003775759832933545, -0.03056938201189041, -0.0007375544519163668, -0.011560832150280476, -0.014039079658687115, 0.015946421772241592, -0.006604336202144623, 0.0038665856700390577, 0.019748132675886154, 0.029868725687265396, 0.20241187512874603, -0.02862311527132988, -0.007194703910499811, 0.022382082417607307, -0.010224394500255585, 0.03996336832642555, 0.04362235218286514, 0.012092811986804008, -0.001870039151981473, 0.009666464291512966, -0.0008969051414169371, -0.030543431639671326, -0.037082891911268234, 0.010672036558389664, 0.005125172436237335, -0.01688063144683838, -0.045672424137592316, -0.03106243722140789, -0.010470922105014324, -0.05249733477830887, 0.012274463661015034, -0.017101207748055458, -0.00803808681666851, 0.00478781946003437, 0.04902000352740288, 3.841851867036894e-05, 0.0020241187885403633, -0.009737827815115452, 0.040923528373241425, 0.006052893586456776, -0.03202259540557861, 0.0039606555365026, 0.007694246247410774, 0.01281941868364811, -0.016854681074619293, -0.0085570914670825, -0.0032648646738380194, -0.01950160600244999, -0.0017435317859053612, 0.024315373972058296, -0.007162266410887241, -0.0052614109590649605, -0.02640436962246895, -0.005465769208967686, -0.026469245553016663, 0.04419326037168503, -0.002766944235190749, -0.02727370150387287, 0.02807815931737423, 0.0017873228061944246, -0.03246375173330307, -0.0014345616800710559, -0.020007634535431862, 0.02050068974494934, 0.024574877694249153, -0.0006345644360408187, 0.019125327467918396, 0.01995573379099369, -0.018450621515512466, 0.026598995551466942, 0.0001881392381619662, 0.017892690375447273, -0.009900016710162163, 0.026508169248700142, -0.013844452798366547, 0.027611054480075836, 0.0031935013830661774, -0.03178904578089714, 0.007071440573781729, -0.006558923050761223, 0.011145628057420254, -0.01698443293571472, -0.005313311703503132, 0.010464434511959553, -0.002496088622137904, -0.02425049990415573, 0.015699895098805428, 0.03002442792057991, 0.022408032789826393, 0.04045642539858818, 0.0003663444076664746, 0.005173828918486834, -0.010626623407006264, 0.002004656009376049, -0.008933370001614094, -0.03264540061354637, 0.015686919912695885, 0.0023193026427179575, -0.02162952534854412, -0.01882690005004406, -0.010282782837748528, -0.023510918021202087, -0.006335102487355471, 0.01787971518933773, 0.021110519766807556, 0.015622044913470745, 0.02303083799779415, 0.017114182934165, 0.0002761267824098468, -0.02181117609143257, -0.010477409698069096, 0.02631354331970215, 0.009562663733959198, -0.009848115965723991, -0.014103955589234829, 0.019384829327464104, 0.02460082806646824, 5.48338221051381e-06, 0.0053814309649169445, -0.006095062475651503, -0.027377502992749214, -0.013805527240037918, -0.004962983541190624, -0.021940927952528, 0.004573729820549488, -0.004077431280165911, 0.01473973598331213, -0.011450543068349361, -0.007434743922203779, -0.02572966367006302, 0.0228491872549057, -0.027688905596733093, -0.01209929957985878, 0.008025111630558968, -0.0008174325339496136, -0.010075180791318417, -0.008388414978981018, 0.009562663733959198, -0.0016486512031406164, 0.006338346283882856, 0.0020841285586357117, -0.03910701349377632, 0.01065257377922535, -0.006948176771402359, -0.01544039323925972, 0.006289689335972071, 0.016270799562335014, 0.008894444443285465, 0.007583957631140947, -0.012832393869757652, -0.006682186853140593, -0.019475655630230904, 0.01431155763566494, -0.004093650262802839, 0.01124294102191925, -0.007369867991656065, 0.02425049990415573, -0.007862922735512257, -0.008051062002778053, -0.008991758339107037, -0.0422469899058342, 0.018658222630620003, 0.019488630816340446, -0.02396504580974579, -0.0016129695577546954, -0.01773698814213276, -0.021382998675107956, -0.025950239971280098, -0.005718783941119909, 0.004486147779971361, -0.020124411210417747, 0.002113322727382183, 0.0007886440143920481, 0.008336514234542847, 0.0020971037447452545, -0.009711877442896366, -0.16255229711532593, 0.023536868393421173, 0.017256909981369972, -0.0413387306034565, -0.0031643074471503496, -0.0033183868508785963, 0.012631279416382313, 0.003224317217245698, -0.028181960806250572, -0.0027734318282455206, -0.012650742195546627, -0.011061289347708225, -0.030984586104750633, -0.006117769051343203, -0.0010444971267133951, -0.011904672719538212, 0.01309189572930336, 0.01972218230366707, 0.03845825418829918, 0.01483056228607893, 0.023757444694638252, -0.05143337696790695, 0.020876968279480934, -0.0038438793271780014, -0.006935201585292816, -0.026832548901438713, -0.0133384233340621, -0.0011077509261667728, -0.0050992220640182495, -0.021564649417996407, -0.017308810725808144, -0.005332774482667446, 0.01982598379254341, 0.003928217571228743, 0.0003049153310712427, 0.018541445955634117, -0.009543200954794884, -0.005102465860545635, -0.029738975688815117, 0.019696231931447983, -0.0026744964998215437, 0.026067016646265984, -0.02441917546093464, 0.04619142785668373, -0.01634865067899227, 0.039522215723991394, 0.022771336138248444, -0.014013129286468029, -0.026884447783231735, -0.008012136444449425, -0.013416274450719357, -0.03129598870873451, 0.001162084168754518, -0.005627958104014397, 0.0020500689279288054, -0.0024522976018488407, 0.00536196818575263, 0.008232713676989079, 0.00999732967466116, -0.017036331817507744, -0.00482025695964694, -0.026339493691921234, 0.01913830265402794, 0.0017808352131396532, 0.018320869654417038, -0.011541369371116161, 0.0020370937418192625, -0.0027393721975386143, -0.023303315043449402, 0.01390932872891426, -0.0038698294665664434, -0.0003229588328395039, -0.005199779290705919, -0.007168754003942013, 0.02068234048783779, -0.008764693513512611, -0.029142118990421295, -0.0075709824450314045, -0.02844146266579628, -0.00844031572341919, -0.028908567503094673, 0.017944591119885445, -0.03599298372864723, -0.013403299264609814, -0.009316136129200459, 0.025353385135531425, -0.008219738490879536, 0.001994924619793892, 0.005465769208967686, -0.006581629626452923, 0.02979087643325329, -0.01142459362745285, 0.007609908003360033, -0.0157517958432436, 0.011612731963396072, 0.018476570025086403, 0.012657229788601398, -0.01941077969968319, 0.001494571682997048, -0.027195852249860764, -0.0024685165844857693, -9.082583710551262e-05, 0.006870326120406389, 0.015025189146399498, 0.02026713825762272, -0.012280951254069805, -0.02108456939458847, 0.01851549558341503, 0.015907496213912964, -0.023095713928341866, 0.026118917390704155, 0.017412610352039337, 0.005845291540026665, 0.010873151011765003, -0.013896353542804718, 0.012514503672719002, -0.01620592549443245, 0.008498704060912132, -0.00042777348426170647, 0.0011369448620826006, 0.03791330009698868, 0.00024632454733364284, -0.000977188698016107, 0.0015894521493464708, -0.009089071303606033, -0.02704015001654625, -0.10333385318517685, -0.011165090836584568, 0.005582545418292284, 0.008764693513512611, 0.00013157582725398242, 0.004907839000225067, -0.018541445955634117, 0.018800949677824974, -0.003886048449203372, 0.01510303933173418, -0.0268584992736578, -0.026015115901827812, 0.01266371738165617, 0.0034157002810388803, 0.03363151103258133, -0.00047278092824853957, 0.022057704627513885, -0.0086025046184659, -0.008187300525605679, 0.025924289599061012, -0.0013445467920973897, -0.015128989703953266, -0.00755151966586709, -0.0039184861816465855, -0.0335017591714859, -0.009160434827208519, -0.0006747062434442341, 0.02492520585656166, 0.012709129601716995, 0.024990081787109375, -0.026300568133592606, 0.006403221748769283, 0.01769806444644928, -0.0059231421910226345, -0.01769806444644928, -0.01379255298525095, -0.010438484139740467, -0.013117846101522446, 0.015816671773791313, -0.00814837496727705, 0.00443424703553319, -0.003157819854095578, -0.015570144169032574, -0.024626778438687325, 0.01746451109647751, -0.01051633432507515, -0.023692568764090538, 0.005303580313920975, -0.005712296813726425, -0.019345903769135475, -0.04087162762880325, 0.010613648220896721, -0.004405053332448006, -0.015297666192054749, 0.041286833584308624, -0.007545032072812319, 0.01806136779487133, 0.001518900040537119, -0.029583273455500603, 0.010963976383209229, -0.010256832465529442, 0.017101207748055458, -0.00327297393232584, 0.010678524151444435, 0.012488553300499916, -0.013623875565826893, -0.04027477279305458, -0.011710045859217644, 0.01385742798447609, 0.002778297523036599, -0.017179058864712715, 0.011100214906036854, -0.021681426092982292, 0.030232029035687447, -0.01842467114329338, 0.03620058298110962, -0.0005559027777053416, -0.008115937933325768, -0.003723859554156661, -0.003380018752068281, -0.018762024119496346, -0.009329111315310001, 0.010101131163537502, -0.009303160943090916, 0.024042896926403046, 0.005245192442089319, 0.011755459010601044, -0.0013486015377566218, 0.012923219241201878, -0.015531218610703945, 0.00039351105806417763, 0.03056938201189041, -0.0268584992736578, 0.01339032407850027, 0.00010268590995110571, 0.010795299895107746, -0.01755533739924431, -0.028233861550688744, 0.017010381445288658, 0.042869795113801956, -0.002265780232846737, -0.01999465934932232, -0.03718669340014458, 0.009381012059748173, 0.013299497775733471, 0.014765686355531216, -0.0001674601371632889, -0.0164784025400877, 0.01394825428724289, 0.0071038780733942986, 0.010419021360576153, -0.008226226083934307, -0.013688751496374607, 0.00044196503586135805, 0.015310641378164291, 0.006818425375968218, -0.026650896295905113, -0.008972295559942722, 0.030128229409456253, 0.0011896563228219748, 0.006555679254233837, 4.627454836736433e-05, -0.0049143265932798386, 9.107925870921463e-05, -0.020293086767196655, 0.021460847929120064, 0.004544535651803017, -0.011800871230661869, -0.003642764873802662, 0.017321785911917686, 0.007058465387672186, -0.007220654282718897, -0.003976874053478241, -0.019436730071902275, -0.0062507642433047295, 0.021966878324747086, -0.029194019734859467, -0.029687074944376945, 0.006315639708191156, 0.023809345439076424, 0.004846207331866026, 0.054651204496622086, -0.002014387398958206, -0.014454283751547337, 0.008472753688693047, -0.04484201595187187, 0.007648833096027374, 0.0085116783156991, -0.02691039815545082, 0.013636850751936436, 0.013416274450719357, -0.01765913888812065, 0.027792707085609436, 0.026702797040343285, -0.005670127458870411, -0.013312472961843014, -0.017399635165929794, -0.029764926061034203, -0.002531770383939147, -0.004901351407170296, 0.008343001827597618, -0.005345749668776989, 0.013533050194382668, 0.013059458695352077, -0.002139272866770625, 0.007343918085098267, 0.008654405362904072, 0.026988249272108078, -0.008784156292676926, 0.0026598996482789516, 0.005887460894882679, -0.012229050509631634, -0.015920471400022507, 0.013844452798366547, 0.017840789631009102, -0.022732410579919815, 0.0049597397446632385, 0.004774844273924828, 0.00792779866605997, 0.002703690668568015, 0.016179975122213364, 0.010243857279419899, 0.017256909981369972, 0.01076934952288866, -0.042143188416957855, -0.006883301306515932, 0.02825981192290783, 0.026015115901827812, -0.018710123375058174, 0.008232713676989079, -0.004589948803186417, -0.015673944726586342, -0.014960313215851784, -0.024406200274825096, -0.02139597199857235, 0.002903182990849018, 0.015167915262281895, 0.0054560378193855286, -0.006000992842018604, 0.004443978425115347, 0.014960313215851784, 0.014039079658687115, 0.005819341167807579, 0.008680355735123158, -0.009906504303216934, -0.021382998675107956, -0.011885209940373898, -0.004755381494760513, -0.007304992526769638, -0.0220317542552948, -0.0019495118176564574, -0.0024263474624603987, -0.008524653501808643, -0.0041131130419671535, 0.014272632077336311, 0.0110158771276474, -0.02297893725335598, 0.014791636727750301, 0.009783240035176277, -0.010834225453436375, -0.015946421772241592, 0.03391696512699127, 0.019164253026247025, 0.016374601051211357, 0.014337508007884026, 0.030257979407906532, 0.008031599223613739, -0.0013680642005056143, 0.03503282368183136, -0.021162420511245728, 0.002225233009085059, -0.017685089260339737, -0.012345826253294945, -0.004090406466275454, -0.052886590361595154, -0.0048397197388112545, -0.02077316679060459, -0.02631354331970215, -0.006695162039250135, 0.0010363877518102527, -0.014363457448780537, 0.10053122788667679, 0.021785225719213486, -0.025340409949421883, 0.006231301464140415, 0.0020954818464815617, -0.010730423964560032, -0.016582204028964043, 0.009471837431192398, -0.016893606632947922, 0.008693329989910126, 0.010509847663342953, -0.013286522589623928, 0.006760037504136562, -0.02008548565208912, -0.02166845090687275, 0.020799117162823677, 0.0013185965362936258, 0.02212257869541645, -0.008518165908753872, -8.864642586559057e-05, 0.044764164835214615, 0.003026446793228388, 0.00984162837266922, -0.010263320058584213, -0.031581442803144455, -0.004067699890583754, 0.030958635732531548, 0.0023047057911753654, -0.026430319994688034, -0.014026104472577572, -0.010373608209192753, 0.017075257375836372, -0.002312815049663186, -0.021733326837420464, -0.0017159596318379045, -0.005420356523245573, -0.004576973617076874, -0.012832393869757652, 0.005790147464722395, 0.0054787443950772285, -0.01666005328297615, 0.026702797040343285, -0.023679593577980995, -0.0033135211560875177, -0.005913410801440477, 0.0005368455895222723, 0.01446725893765688, -0.020293086767196655, -0.005245192442089319]"
